1463
24
119688600
1748278480
0 1 1 22 59 6 (D 1,1,1) (S 22,38,45) (S 63,43,38) (S 71,38,28) (S 105,28,28) (D 1,1,1)
0 1 2 24 59 8 (D 1,1,1) (S 1,36,42) (S 29,42,41) (S 74,41,42) (S 83,44,49) (S 120,49,49) (S 121,35,35) (D 1,1,1)
0 1 3 32 66 7 (D 1,1,1) (S 3,3,9) (S 16,9,10) (S 38,10,4) (S 69,4,10) (S 118,10,10) (D 1,1,1)
0 1 4 19 50 6 (D 1,1,1) (S 0,41,48) (S 34,48,47) (S 70,47,48) (S 110,48,48) (D 1,1,1)
0 1 5 33 65 6 (D 1,1,1) (S 6,29,33) (S 14,33,39) (S 17,33,46) (S 123,46,46) (D 1,1,1)
0 1 6 23 46 6 (D 1,1,1) (S 7,16,17) (S 50,17,25) (S 75,25,24) (S 108,24,24) (D 1,1,1)
0 1 7 13 60 6 (D 1,1,1) (S 33,49,44) (S 53,42,44) (S 113,44,44) (S 116,29,29) (D 1,1,1)
0 1 8 19 60 6 (D 1,1,1) (S 30,43,37) (S 40,31,32) (S 84,24,16) (S 96,16,16) (D 1,1,1)
0 1 9 33 57 10 (D 1,1,1) (S 11,11,19) (S 23,26,29) (S 26,40,33) (S 31,33,40) (S 43,40,47) (S 81,47,40) (S 92,40,34) (S 102,34,34) (D 1,1,1)
0 1 10 31 69 8 (D 1,1,1) (S 19,24,32) (S 25,38,37) (S 44,28,38) (S 87,38,43) (S 109,43,43) (S 124,12,12) (D 1,1,1)
0 1 11 15 32 5 (D 1,1,1) (S 21,11,12) (S 49,13,7) (S 122,2,2) (D 1,1,1)
0 1 12 52 96 9 (D 1,1,1) (S 2,26,34) (S 5,34,35) (S 8,40,41) (S 45,41,35) (S 88,35,27) (S 90,49,50) (S 95,31,31) (D 1,1,1)
0 1 13 35 61 8 (D 1,1,1) (S 18,20,30) (S 39,27,35) (S 52,36,37) (S 94,37,31) (S 104,9,9) (S 117,8,8) (D 1,1,1)
0 1 14 44 86 9 (D 1,1,1) (S 4,25,28) (S 13,43,50) (S 58,50,45) (S 91,45,50) (S 97,50,50) (S 103,37,37) (S 106,23,23) (D 1,1,1)
0 1 15 26 73 7 (D 1,1,1) (S 32,24,23) (S 79,15,16) (S 80,15,14) (S 86,38,32) (S 100,32,32) (D 1,1,1)
0 1 16 29 68 6 (D 1,1,1) (S 10,14,22) (S 24,15,23) (S 28,16,9) (S 85,3,4) (D 1,1,1)
0 1 17 19 26 7 (D 1,1,1) (S 20,6,12) (S 64,12,20) (S 67,20,12) (S 68,13,12) (S 112,6,6) (D 1,1,1)
0 1 18 21 34 7 (D 1,1,1) (S 54,20,19) (S 55,5,11) (S 61,26,19) (S 66,11,5) (S 93,5,1) (D 1,1,1)
0 1 19 35 68 8 (D 1,1,1) (S 15,2,3) (S 37,8,7) (S 46,7,8) (S 56,9,16) (S 82,16,15) (S 101,22,22) (D 1,1,1)
0 1 20 27 35 7 (D 1,1,1) (S 9,1,6) (S 35,1,2) (S 36,7,2) (S 65,2,7) (S 115,7,7) (D 1,1,1)
0 1 21 34 82 7 (D 1,1,1) (S 12,20,21) (S 42,21,22) (S 77,21,27) (S 89,43,42) (S 107,36,36) (D 1,1,1)
0 1 22 41 82 9 (D 1,1,1) (S 47,5,6) (S 59,1,5) (S 60,18,19) (S 72,30,34) (S 78,33,34) (S 111,26,26) (S 114,18,18) (D 1,1,1)
0 1 23 47 72 7 (D 1,1,1) (S 48,5,18) (S 51,18,29) (S 73,29,18) (S 98,19,19) (S 99,27,27) (D 1,1,1)
0 1 24 30 57 8 (D 1,1,1) (S 27,14,13) (S 41,13,14) (S 57,14,15) (S 62,15,9) (S 76,21,13) (S 119,13,13) (D 1,1,1)
