9159
7
3997200
1748195715
0 1 1 304 1177 17 (D 1,1,1) (S 1,27,27) (S 12,26,26) (S 34,31,23) (S 56,75,23) (S 40,75,22) (S 16,24,24) (S 47,21,19) (S 48,22,21) (S 17,21,21) (S 49,51,21) (S 19,51,51) (S 6,52,52) (S 31,52,50) (S 53,54,52) (S 45,50,49) (D 1,1,1)
0 1 2 293 1490 14 (D 1,1,1) (S 2,73,73) (S 36,18,15) (S 8,18,18) (S 41,20,19) (S 46,19,18) (S 4,13,13) (S 39,14,13) (S 38,16,13) (S 14,16,16) (S 61,17,15) (S 29,16,12) (S 22,76,20) (D 1,1,1)
0 1 3 294 1315 9 (D 1,1,1) (S 3,67,67) (S 20,41,41) (S 9,60,60) (S 54,59,11) (S 70,59,44) (S 62,59,58) (S 33,69,58) (D 1,1,1)
0 1 4 303 1578 11 (D 1,1,1) (S 5,36,36) (S 42,33,32) (S 58,32,31) (S 60,34,32) (S 69,35,32) (S 67,41,35) (S 30,56,55) (S 65,57,42) (S 57,45,44) (D 1,1,1)
0 1 5 303 1481 14 (D 1,1,1) (S 7,6,6) (S 10,76,76) (S 11,12,12) (S 59,12,11) (S 25,48,47) (S 28,51,49) (S 55,49,47) (S 51,47,46) (S 63,44,43) (S 66,46,44) (S 52,10,9) (S 18,69,69) (D 1,1,1)
0 1 6 241 771 9 (D 1,1,1) (S 13,5,5) (S 24,5,4) (S 15,3,3) (S 23,3,2) (S 27,2,1) (S 37,69,4) (S 50,4,2) (D 1,1,1)
0 1 7 296 1347 11 (D 1,1,1) (S 21,63,62) (S 32,65,63) (S 44,62,60) (S 64,68,66) (S 68,66,62) (S 71,58,57) (S 35,61,60) (S 43,60,58) (S 26,69,59) (D 1,1,1)
