3900
12
5017356000
1750779346
0 1 1 1689 409 11 (D 1,1,1) (S 66,10,10) (S 54,11,5) (S 2,13,19) (S 43,19,25) (S 68,25,25) (S 20,25,19) (S 15,19,12) (S 41,12,11) (S 49,8,7) (D 1,1,1)
0 1 2 1608 322 10 (D 1,1,1) (S 61,2,8) (S 13,8,3) (S 51,4,5) (S 48,5,6) (S 70,6,6) (S 62,6,5) (S 31,9,3) (S 33,8,2) (D 1,1,1)
0 1 3 1505 232 8 (D 1,1,1) (S 10,2,3) (S 4,4,10) (S 11,10,3) (S 16,3,8) (S 42,15,14) (S 38,7,1) (D 1,1,1)
0 1 4 329 38 4 (D 1,1,1) (S 22,1,2) (S 37,2,1) (D 1,1,1)
0 1 5 1694 586 15 (D 1,1,1) (S 53,7,14) (S 9,26,27) (S 52,27,29) (S 59,29,28) (S 76,28,28) (S 58,28,29) (S 64,29,29) (S 19,31,30) (S 75,30,30) (S 47,30,31) (S 72,31,31) (S 14,31,25) (S 73,12,12) (D 1,1,1)
0 1 6 326 189 4 (D 1,1,1) (S 40,10,11) (S 26,11,10) (D 1,1,1)
0 1 7 749 296 9 (D 1,1,1) (S 27,10,17) (S 24,17,18) (S 36,18,19) (S 71,19,19) (S 18,19,18) (S 77,18,18) (S 23,18,10) (D 1,1,1)
0 1 8 425 177 5 (D 1,1,1) (S 57,14,21) (S 45,21,20) (S 25,20,15) (D 1,1,1)
0 1 9 1680 425 10 (D 1,1,1) (S 44,13,12) (S 46,12,19) (S 35,12,13) (S 8,9,16) (S 78,16,16) (S 56,16,15) (S 12,15,16) (S 60,16,9) (D 1,1,1)
0 1 10 1130 490 9 (D 1,1,1) (S 69,14,14) (S 21,14,15) (S 65,17,17) (S 29,17,10) (S 5,11,18) (S 7,18,24) (S 3,29,30) (D 1,1,1)
0 1 11 1597 292 10 (D 1,1,1) (S 34,8,9) (S 0,16,23) (S 63,23,23) (S 6,20,22) (S 67,22,22) (S 50,22,21) (S 74,21,21) (S 32,14,8) (D 1,1,1)
0 1 12 1606 444 8 (D 1,1,1) (S 55,15,20) (S 1,21,26) (S 30,27,23) (S 28,23,24) (S 17,24,25) (S 39,25,24) (D 1,1,1)
