320
11
6888900
1748278486
0 1 1 2 3 3 (D 1,1,1) (S 22,3,1) (D 1,1,1)
0 1 2 10 38 5 (D 1,1,1) (S 11,14,8) (S 35,8,8) (S 39,6,6) (D 1,1,1)
0 1 3 17 36 7 (D 1,1,1) (S 3,5,11) (S 6,12,13) (S 9,15,16) (S 26,16,16) (S 34,15,15) (D 1,1,1)
0 1 4 5 11 5 (D 1,1,1) (S 17,19,9) (S 20,9,19) (S 25,19,19) (D 1,1,1)
0 1 5 11 26 5 (D 1,1,1) (S 19,23,20) (S 21,20,21) (S 27,24,24) (D 1,1,1)
0 1 6 7 11 5 (D 1,1,1) (S 7,2,4) (S 14,4,2) (S 29,2,2) (D 1,1,1)
0 1 7 6 10 4 (D 1,1,1) (S 8,4,3) (S 24,3,3) (D 1,1,1)
0 1 8 14 22 6 (D 1,1,1) (S 0,19,22) (S 2,22,23) (S 13,20,10) (S 37,9,9) (D 1,1,1)
0 1 9 22 54 9 (D 1,1,1) (S 4,4,5) (S 10,12,11) (S 15,11,15) (S 18,17,16) (S 31,17,17) (S 33,14,14) (S 38,21,21) (D 1,1,1)
0 1 10 24 59 8 (D 1,1,1) (S 1,21,24) (S 5,12,16) (S 16,6,7) (S 23,13,13) (S 28,18,18) (S 30,5,5) (D 1,1,1)
0 1 11 19 50 5 (D 1,1,1) (S 12,8,7) (S 32,7,7) (S 36,10,10) (D 1,1,1)
