654
6
404553790
1748194873
 0 1 1 5 118 7 (D 0,1,1) (S 19,1,2) (S 11,9,10) (S 2,10,10) (S 12,10,11) (S 4,11,11) (D 0,1,1)
 0 1 2 4 100 6 (D 0,1,1) (S 15,2,9) (S 25,9,11) (S 7,2,2) (S 18,2,4) (D 0,1,1)
 0 1 3 5 130 7 (D 0,1,1) (S 28,5,3) (S 14,5,11) (S 16,11,8) (S 23,8,10) (S 17,8,7) (D 0,1,1)
 0 1 4 5 128 6 (D 0,1,1) (S 29,1,4) (S 3,4,4) (S 1,3,3) (S 10,3,2) (D 0,1,1)
 0 1 5 5 58 7 (D 0,1,1) (S 26,1,12) (S 5,12,12) (S 27,12,6) (S 9,6,5) (S 13,5,12) (D 0,1,1)
 0 1 6 5 120 6 (D 0,1,1) (S 20,1,7) (S 6,7,7) (S 22,7,6) (S 8,12,7) (D 0,1,1)
