525
14
11287500
1748278478
0 1 1 19 41 3 (D 1,1,1) (S 33,14,14) (D 1,1,1)
0 1 2 10 18 3 (D 1,1,1) (S 37,4,4) (D 1,1,1)
0 1 3 5 26 5 (D 1,1,1) (S 0,13,14) (S 15,14,16) (S 43,16,16) (D 1,1,1)
0 1 4 12 42 5 (D 1,1,1) (S 7,18,21) (S 22,21,22) (S 39,25,25) (D 1,1,1)
0 1 5 18 42 6 (D 1,1,1) (S 1,1,24) (S 8,22,23) (S 11,22,25) (S 28,18,25) (D 1,1,1)
0 1 6 22 39 5 (D 1,1,1) (S 3,3,8) (S 10,8,9) (S 25,5,6) (D 1,1,1)
0 1 7 20 42 5 (D 1,1,1) (S 16,6,10) (S 36,10,10) (S 38,7,7) (D 1,1,1)
0 1 8 21 54 6 (D 1,1,1) (S 13,23,24) (S 17,21,23) (S 29,23,26) (S 41,27,27) (D 1,1,1)
0 1 9 24 37 7 (D 1,1,1) (S 4,2,12) (S 5,4,10) (S 9,4,12) (S 21,12,13) (S 30,13,15) (D 1,1,1)
0 1 10 20 38 5 (D 1,1,1) (S 6,3,6) (S 42,5,5) (S 44,6,6) (D 1,1,1)
0 1 11 22 38 5 (D 1,1,1) (S 12,24,27) (S 27,26,27) (S 32,8,8) (D 1,1,1)
0 1 12 20 22 6 (D 1,1,1) (S 19,1,3) (S 23,3,4) (S 31,12,19) (S 40,19,19) (D 1,1,1)
0 1 13 27 50 7 (D 1,1,1) (S 2,1,17) (S 14,1,15) (S 18,15,20) (S 34,21,21) (S 35,20,20) (D 1,1,1)
0 1 14 18 36 5 (D 1,1,1) (S 20,4,6) (S 24,2,1) (S 26,15,17) (D 1,1,1)
