1520
17
42944400
1748278484
0 1 1 25 85 6 (D 1,1,1) (S 3,28,33) (S 6,33,34) (S 66,34,34) (S 78,28,28) (D 1,1,1)
0 1 2 28 83 6 (D 1,1,1) (S 7,10,16) (S 10,16,17) (S 35,17,24) (S 73,24,24) (D 1,1,1)
0 1 3 21 74 5 (D 1,1,1) (S 9,26,31) (S 21,32,27) (S 52,27,28) (D 1,1,1)
0 1 4 17 53 5 (D 1,1,1) (S 2,19,25) (S 24,25,29) (S 68,29,29) (D 1,1,1)
0 1 5 23 61 6 (D 1,1,1) (S 16,8,14) (S 27,20,26) (S 41,26,20) (S 58,20,20) (D 1,1,1)
0 1 6 51 98 8 (D 1,1,1) (S 1,15,22) (S 5,22,23) (S 11,23,24) (S 26,24,34) (S 46,34,24) (S 72,21,21) (D 1,1,1)
0 1 7 26 83 7 (D 1,1,1) (S 0,30,31) (S 22,32,31) (S 40,31,32) (S 55,26,26) (S 56,19,19) (D 1,1,1)
0 1 8 47 121 8 (D 1,1,1) (S 13,25,26) (S 15,21,27) (S 17,28,27) (S 32,32,33) (S 48,33,32) (S 76,27,27) (D 1,1,1)
0 1 9 32 64 5 (D 1,1,1) (S 18,19,18) (S 19,12,18) (S 67,18,18) (D 1,1,1)
0 1 10 23 60 5 (D 1,1,1) (S 25,2,8) (S 29,9,15) (S 51,15,21) (D 1,1,1)
0 1 11 45 118 9 (D 1,1,1) (S 8,12,13) (S 14,23,28) (S 34,22,28) (S 36,24,11) (S 60,17,17) (S 62,14,14) (S 65,7,7) (D 1,1,1)
0 1 12 46 95 8 (D 1,1,1) (S 12,2,13) (S 23,13,7) (S 39,14,20) (S 44,16,15) (S 57,15,15) (S 74,12,12) (D 1,1,1)
0 1 13 46 98 6 (D 1,1,1) (S 33,16,23) (S 43,21,15) (S 54,8,8) (S 71,13,13) (D 1,1,1)
0 1 14 61 119 7 (D 1,1,1) (S 38,4,3) (S 42,10,11) (S 59,11,11) (S 61,4,4) (S 64,2,2) (D 1,1,1)
0 1 15 27 87 6 (D 1,1,1) (S 4,9,10) (S 30,11,5) (S 75,5,5) (S 77,6,6) (D 1,1,1)
0 1 16 42 85 7 (D 1,1,1) (S 20,6,18) (S 31,29,18) (S 45,29,25) (S 53,30,25) (S 70,25,25) (D 1,1,1)
0 1 17 54 136 9 (D 1,1,1) (S 28,7,6) (S 37,1,7) (S 47,6,7) (S 49,1,6) (S 50,5,4) (S 63,10,10) (S 69,3,3) (D 1,1,1)
