1576
20
90268200
1748278482
0 1 1 28 117 8 (D 1,1,1) (S 6,38,39) (S 57,41,40) (S 59,40,41) (S 74,40,40) (S 78,39,39) (S 89,36,36) (D 1,1,1)
0 1 2 34 94 7 (D 1,1,1) (S 7,31,32) (S 12,35,39) (S 47,39,36) (S 60,36,32) (S 70,32,32) (D 1,1,1)
0 1 3 41 104 6 (D 1,1,1) (S 16,28,27) (S 31,31,35) (S 37,31,30) (S 65,30,30) (D 1,1,1)
0 1 4 47 95 8 (D 1,1,1) (S 1,18,22) (S 42,22,21) (S 43,22,28) (S 61,28,22) (S 79,21,21) (S 82,27,27) (D 1,1,1)
0 1 5 23 79 7 (D 1,1,1) (S 33,21,20) (S 35,20,27) (S 63,33,27) (S 64,20,17) (S 80,4,4) (D 1,1,1)
0 1 6 32 98 5 (D 1,1,1) (S 24,39,35) (S 69,35,35) (S 84,25,25) (D 1,1,1)
0 1 7 36 100 8 (D 1,1,1) (S 13,15,10) (S 38,16,19) (S 41,21,27) (S 55,27,33) (S 67,33,33) (S 76,37,37) (D 1,1,1)
0 1 8 21 57 6 (D 1,1,1) (S 21,16,11) (S 25,17,11) (S 32,17,18) (S 85,18,18) (D 1,1,1)
0 1 9 35 90 6 (D 1,1,1) (S 5,26,27) (S 29,32,26) (S 86,26,26) (S 87,23,23) (D 1,1,1)
0 1 10 26 70 7 (D 1,1,1) (S 4,24,25) (S 19,25,26) (S 58,26,25) (S 68,16,16) (S 72,10,10) (D 1,1,1)
0 1 11 24 54 4 (D 1,1,1) (S 26,24,14) (S 88,14,14) (D 1,1,1)
0 1 12 24 78 6 (D 1,1,1) (S 2,23,24) (S 36,24,30) (S 49,26,19) (S 77,19,19) (D 1,1,1)
0 1 13 19 39 5 (D 1,1,1) (S 23,10,4) (S 51,4,10) (S 75,15,15) (D 1,1,1)
0 1 14 52 114 7 (D 1,1,1) (S 9,16,17) (S 14,11,5) (S 34,5,11) (S 45,36,35) (S 53,34,29) (D 1,1,1)
0 1 15 18 51 7 (D 1,1,1) (S 15,11,10) (S 27,10,11) (S 40,11,17) (S 52,17,20) (S 62,1,7) (D 1,1,1)
0 1 16 6 17 6 (D 1,1,1) (S 3,3,9) (S 20,8,7) (S 39,2,1) (S 48,1,2) (D 1,1,1)
0 1 17 59 167 8 (D 1,1,1) (S 8,29,30) (S 17,23,29) (S 28,38,34) (S 44,35,34) (S 73,34,34) (S 81,13,13) (D 1,1,1)
0 1 18 45 67 8 (D 1,1,1) (S 0,3,4) (S 11,5,6) (S 30,12,11) (S 46,11,12) (S 56,12,6) (S 71,6,6) (D 1,1,1)
0 1 19 34 57 5 (D 1,1,1) (S 22,14,9) (S 54,9,8) (S 83,7,7) (D 1,1,1)
0 1 20 23 28 6 (D 1,1,1) (S 10,2,8) (S 18,2,3) (S 50,8,9) (S 66,3,3) (D 1,1,1)
