24997
29
685202520000
685202520000
0 1 1 4215 754 21 (D 0,1,1) (S 1,1,2) (S 2,2,14) (S 3,14,13) (S 4,23,13) (S 5,43,44) (S 6,45,44) (S 7,46,45) (S 8,46,57) (S 9,57,67) (S 10,68,79) (S 11,82,95) (S 12,95,94) (S 13,94,107) (S 14,107,106) (S 15,119,106) (S 16,105,104) (S 17,68,79) (S 18,47,37) (S 19,37,25) (S 20,15,14) (S 21,14,13) (D 0,1,1)
0 1 2 6100 804 25 (D 0,1,1) (S 22,1,2) (S 23,5,6) (S 24,7,8) (S 25,31,21) (S 26,32,31) (S 27,40,32) (S 28,40,51) (S 29,52,62) (S 30,62,74) (S 31,75,87) (S 32,87,86) (S 33,85,98) (S 34,98,97) (S 35,97,110) (S 36,109,110) (S 37,109,122) (S 38,121,120) (S 39,120,107) (S 40,107,106) (S 41,105,92) (S 42,68,79) (S 43,47,37) (S 44,37,25) (S 45,15,14) (S 46,14,13) (D 0,1,1)
0 1 3 6473 1112 29 (D 0,1,1) (S 47,1,2) (S 48,2,14) (S 49,14,13) (S 50,23,13) (S 51,43,44) (S 52,45,44) (S 53,46,45) (S 54,80,69) (S 55,69,68) (S 56,58,57) (S 57,47,48) (S 58,48,49) (S 59,49,39) (S 60,39,29) (S 61,19,7) (S 62,7,8) (S 63,50,51) (S 64,40,51) (S 65,40,32) (S 66,22,32) (S 67,10,11) (S 68,11,12) (S 69,33,32) (S 70,32,31) (S 71,31,20) (S 72,20,30) (S 73,19,18) (S 74,15,14) (S 75,14,13) (D 0,1,1)
0 1 4 4608 573 19 (D 0,1,1) (S 76,1,2) (S 77,2,14) (S 78,14,13) (S 79,23,13) (S 80,43,44) (S 81,45,44) (S 82,46,45) (S 83,46,57) (S 84,57,67) (S 85,78,67) (S 86,104,91) (S 87,105,104) (S 88,105,104) (S 89,103,104) (S 90,68,79) (S 91,47,37) (S 92,37,25) (S 93,15,14) (S 94,14,13) (D 0,1,1)
0 1 5 6295 824 29 (D 0,1,1) (S 95,1,2) (S 96,2,14) (S 97,14,13) (S 98,23,13) (S 99,43,44) (S 100,43,44) (S 101,45,44) (S 102,46,45) (S 103,46,57) (S 104,57,67) (S 105,78,67) (S 106,78,67) (S 107,57,67) (S 108,57,56) (S 109,55,56) (S 110,54,55) (S 111,54,43) (S 112,43,44) (S 113,45,44) (S 114,46,45) (S 115,47,38) (S 116,37,25) (S 117,16,4) (S 118,16,4) (S 119,15,14) (S 120,14,13) (S 121,1,2) (S 122,2,14) (S 123,14,13) (D 0,1,1)
0 1 6 6450 975 27 (D 0,1,1) (S 124,1,2) (S 125,5,6) (S 126,7,8) (S 127,31,21) (S 128,32,31) (S 129,40,32) (S 130,40,51) (S 131,52,62) (S 132,62,74) (S 133,85,84) (S 134,84,73) (S 135,85,98) (S 136,98,97) (S 137,97,110) (S 138,110,111) (S 139,111,112) (S 140,112,99) (S 141,99,98) (S 142,98,97) (S 143,97,96) (S 144,72,71) (S 145,71,70) (S 146,69,68) (S 147,47,37) (S 148,37,25) (S 149,15,14) (S 150,14,13) (D 0,1,1)
0 1 7 7851 1136 32 (D 0,1,1) (S 151,1,2) (S 152,5,6) (S 153,7,8) (S 154,10,11) (S 155,11,12) (S 156,34,42) (S 157,53,63) (S 158,63,62) (S 159,62,74) (S 160,85,98) (S 161,98,97) (S 162,97,96) (S 163,96,109) (S 164,109,122) (S 165,121,120) (S 166,120,107) (S 167,109,110) (S 168,110,111) (S 169,111,112) (S 170,112,99) (S 171,99,100) (S 172,87,86) (S 173,85,84) (S 174,84,73) (S 175,73,72) (S 176,72,71) (S 177,71,70) (S 178,69,68) (S 179,47,37) (S 180,37,25) (S 181,15,14) (S 182,14,13) (D 0,1,1)
0 1 8 4343 632 19 (D 0,1,1) (S 183,1,2) (S 184,5,6) (S 185,7,8) (S 186,10,11) (S 187,11,12) (S 188,11,12) (S 189,11,33) (S 190,33,32) (S 191,22,32) (S 192,22,32) (S 193,40,32) (S 194,40,51) (S 195,50,51) (S 196,49,50) (S 197,49,39) (S 198,39,38) (S 199,37,25) (S 200,15,14) (S 201,14,13) (D 0,1,1)
0 1 9 5325 858 29 (D 0,1,1) (S 202,1,2) (S 203,2,14) (S 204,14,13) (S 205,23,13) (S 206,46,45) (S 207,47,48) (S 208,48,49) (S 209,49,59) (S 210,69,59) (S 211,69,68) (S 212,68,79) (S 213,88,76) (S 214,88,76) (S 215,64,65) (S 216,65,55) (S 217,54,55) (S 218,54,55) (S 219,55,44) (S 220,45,44) (S 221,46,45) (S 222,46,57) (S 223,57,56) (S 224,56,66) (S 225,66,67) (S 226,58,57) (S 227,46,57) (S 228,37,25) (S 229,15,14) (S 230,14,13) (D 0,1,1)
0 1 10 4751 592 19 (D 0,1,1) (S 231,1,2) (S 232,2,14) (S 233,14,13) (S 234,23,13) (S 235,43,44) (S 236,45,44) (S 237,46,45) (S 238,47,48) (S 239,48,49) (S 240,49,39) (S 241,39,38) (S 242,37,36) (S 243,43,44) (S 244,45,44) (S 245,45,36) (S 246,25,26) (S 247,25,26) (S 248,15,14) (S 249,14,13) (D 0,1,1)
0 1 11 5696 769 24 (D 0,1,1) (S 250,1,2) (S 251,5,6) (S 252,7,8) (S 253,31,21) (S 254,32,31) (S 255,40,32) (S 256,40,51) (S 257,52,62) (S 258,62,74) (S 259,85,98) (S 260,98,111) (S 261,111,112) (S 262,112,99) (S 263,99,98) (S 264,98,97) (S 265,97,96) (S 266,83,72) (S 267,72,71) (S 268,71,70) (S 269,69,68) (S 270,47,37) (S 271,37,25) (S 272,15,14) (S 273,14,13) (D 0,1,1)
0 1 12 4497 528 17 (D 0,1,1) (S 274,1,2) (S 275,2,14) (S 276,14,13) (S 277,23,13) (S 278,43,44) (S 279,45,44) (S 280,46,45) (S 281,47,48) (S 282,48,49) (S 283,71,70) (S 284,71,70) (S 285,69,59) (S 286,59,68) (S 287,47,37) (S 288,37,25) (S 289,15,14) (S 290,14,13) (D 0,1,1)
0 1 13 3473 499 12 (D 0,1,1) (S 291,1,2) (S 292,5,6) (S 293,7,8) (S 294,31,21) (S 295,32,31) (S 296,22,32) (S 297,22,32) (S 298,32,31) (S 299,31,30) (S 300,19,18) (S 301,15,14) (S 302,14,13) (D 0,1,1)
0 1 14 6154 880 25 (D 0,1,1) (S 303,1,2) (S 304,5,6) (S 305,7,8) (S 306,31,21) (S 307,32,31) (S 308,22,32) (S 309,10,11) (S 310,11,12) (S 311,34,42) (S 312,53,52) (S 313,52,62) (S 314,62,74) (S 315,75,63) (S 316,53,63) (S 317,53,52) (S 318,52,41) (S 319,40,51) (S 320,51,61) (S 321,61,60) (S 322,60,50) (S 323,50,31) (S 324,31,30) (S 325,19,18) (S 326,15,14) (S 327,14,13) (D 0,1,1)
0 1 15 1895 236 8 (D 0,1,1) (S 328,1,2) (S 329,15,14) (S 330,14,13) (S 331,23,13) (S 332,23,13) (S 333,1,2) (S 334,2,14) (S 335,14,13) (D 0,1,1)
0 1 16 3921 568 16 (D 0,1,1) (S 336,1,2) (S 337,2,14) (S 338,14,13) (S 339,23,13) (S 340,43,44) (S 341,45,44) (S 342,46,45) (S 343,47,37) (S 344,37,25) (S 345,25,26) (S 346,28,27) (S 347,19,18) (S 348,17,5) (S 349,17,5) (S 350,15,14) (S 351,14,13) (D 0,1,1)
0 1 17 3862 454 16 (D 0,1,1) (S 352,1,2) (S 353,2,14) (S 354,14,13) (S 355,23,13) (S 356,43,44) (S 357,45,44) (S 358,46,45) (S 359,46,57) (S 360,57,56) (S 361,45,36) (S 362,16,4) (S 363,16,4) (S 364,15,14) (S 365,14,24) (S 366,14,24) (S 367,14,13) (D 0,1,1)
0 1 18 5575 810 25 (D 0,1,1) (S 368,1,2) (S 369,2,14) (S 370,14,13) (S 371,23,13) (S 372,43,44) (S 373,45,44) (S 374,46,45) (S 375,47,48) (S 376,48,59) (S 377,69,59) (S 378,69,68) (S 379,68,79) (S 380,105,104) (S 381,103,104) (S 382,103,102) (S 383,102,101) (S 384,88,101) (S 385,88,101) (S 386,116,103) (S 387,66,67) (S 388,57,67) (S 389,46,57) (S 390,37,25) (S 391,15,14) (S 392,14,13) (D 0,1,1)
0 1 19 3995 855 20 (D 0,1,1) (S 393,1,2) (S 394,17,5) (S 395,17,27) (S 396,25,26) (S 397,43,44) (S 398,45,44) (S 399,46,45) (S 400,47,48) (S 401,48,49) (S 402,49,50) (S 403,49,50) (S 404,49,39) (S 405,39,29) (S 406,19,7) (S 407,7,8) (S 408,31,21) (S 409,31,20) (S 410,20,30) (S 411,15,14) (S 412,14,13) (D 0,1,1)
0 1 20 5901 836 27 (D 0,1,1) (S 413,1,2) (S 414,2,14) (S 415,14,13) (S 416,23,13) (S 417,43,44) (S 418,45,44) (S 419,46,45) (S 420,47,48) (S 421,48,49) (S 422,49,50) (S 423,50,51) (S 424,52,62) (S 425,62,61) (S 426,61,60) (S 427,60,72) (S 428,72,71) (S 429,71,82) (S 430,84,73) (S 431,73,61) (S 432,61,60) (S 433,60,50) (S 434,50,31) (S 435,31,20) (S 436,20,30) (S 437,19,18) (S 438,15,14) (S 439,14,13) (D 0,1,1)
0 1 21 5079 586 19 (D 0,1,1) (S 440,1,2) (S 441,2,14) (S 442,14,13) (S 443,23,13) (S 444,43,44) (S 445,45,44) (S 446,46,45) (S 447,47,48) (S 448,48,49) (S 449,71,70) (S 450,71,82) (S 451,83,72) (S 452,72,71) (S 453,71,70) (S 454,69,68) (S 455,47,37) (S 456,37,25) (S 457,15,14) (S 458,14,13) (D 0,1,1)
0 1 22 3513 716 16 (D 0,1,1) (S 459,1,2) (S 460,5,6) (S 461,7,8) (S 462,31,21) (S 463,50,31) (S 464,49,50) (S 465,49,50) (S 466,50,51) (S 467,40,51) (S 468,40,32) (S 469,32,31) (S 470,31,20) (S 471,20,30) (S 472,19,18) (S 473,15,14) (S 474,14,13) (D 0,1,1)
0 1 23 6704 1101 33 (D 0,1,1) (S 475,1,2) (S 476,5,6) (S 477,7,8) (S 478,31,21) (S 479,32,31) (S 480,40,32) (S 481,40,51) (S 482,52,62) (S 483,62,74) (S 484,85,98) (S 485,99,98) (S 486,113,126) (S 487,113,126) (S 488,124,111) (S 489,111,112) (S 490,112,99) (S 491,99,98) (S 492,98,97) (S 493,97,110) (S 494,110,123) (S 495,122,123) (S 496,109,122) (S 497,96,109) (S 498,84,73) (S 499,73,61) (S 500,61,60) (S 501,60,50) (S 502,49,50) (S 503,49,39) (S 504,39,38) (S 505,37,25) (S 506,15,14) (S 507,14,13) (D 0,1,1)
0 1 24 5557 673 22 (D 0,1,1) (S 508,1,2) (S 509,2,14) (S 510,14,13) (S 511,23,13) (S 512,43,44) (S 513,45,44) (S 514,46,45) (S 515,46,57) (S 516,57,67) (S 517,78,67) (S 518,88,76) (S 519,88,101) (S 520,88,101) (S 521,89,102) (S 522,102,115) (S 523,116,103) (S 524,66,67) (S 525,57,67) (S 526,46,57) (S 527,37,25) (S 528,15,14) (S 529,14,13) (D 0,1,1)
0 1 25 5067 697 22 (D 0,1,1) (S 530,1,2) (S 531,2,14) (S 532,14,13) (S 533,23,13) (S 534,43,44) (S 535,45,44) (S 536,46,45) (S 537,46,57) (S 538,57,67) (S 539,68,79) (S 540,106,93) (S 541,120,107) (S 542,107,106) (S 543,106,93) (S 544,94,93) (S 545,81,94) (S 546,81,70) (S 547,69,68) (S 548,47,37) (S 549,37,25) (S 550,15,14) (S 551,14,13) (D 0,1,1)
0 1 26 7177 1148 34 (D 0,1,1) (S 552,1,2) (S 553,2,14) (S 554,14,13) (S 555,23,13) (S 556,43,44) (S 557,45,44) (S 558,46,45) (S 559,47,48) (S 560,48,49) (S 561,71,70) (S 562,71,82) (S 563,82,95) (S 564,95,94) (S 565,94,107) (S 566,109,110) (S 567,110,111) (S 568,111,112) (S 569,113,126) (S 570,122,123) (S 571,121,120) (S 572,120,107) (S 573,96,109) (S 574,84,73) (S 575,75,63) (S 576,63,62) (S 577,62,61) (S 578,61,60) (S 579,60,50) (S 580,49,50) (S 581,49,39) (S 582,39,38) (S 583,37,25) (S 584,15,14) (S 585,14,13) (D 0,1,1)
0 1 27 5923 787 26 (D 0,1,1) (S 586,1,2) (S 587,2,14) (S 588,14,13) (S 589,23,13) (S 590,43,44) (S 591,45,44) (S 592,46,45) (S 593,46,57) (S 594,57,56) (S 595,55,56) (S 596,54,55) (S 597,64,65) (S 598,65,66) (S 599,66,67) (S 600,78,67) (S 601,104,91) (S 602,103,104) (S 603,90,91) (S 604,68,79) (S 605,47,48) (S 606,48,49) (S 607,49,39) (S 608,39,38) (S 609,37,25) (S 610,15,14) (S 611,14,13) (D 0,1,1)
0 1 28 1852 156 7 (D 0,1,1) (S 612,1,2) (S 613,2,14) (S 614,14,13) (S 615,23,13) (S 616,23,24) (S 617,14,24) (S 618,14,13) (D 0,1,1)
0 1 29 4056 528 16 (D 0,1,1) (S 619,1,2) (S 620,2,14) (S 621,14,24) (S 622,24,25) (S 623,43,44) (S 624,45,44) (S 625,46,45) (S 626,47,48) (S 627,48,49) (S 628,49,39) (S 629,39,29) (S 630,19,18) (S 631,17,27) (S 632,16,4) (S 633,15,14) (S 634,14,13) (D 0,1,1)
