854
9
6151500
1748278484
0 1 1 11 73 4 (D 1,1,1) (S 11,12,11) (S 30,11,11) (D 1,1,1)
0 1 2 50 123 8 (D 1,1,1) (S 4,15,16) (S 7,17,18) (S 24,18,14) (S 32,13,13) (S 33,8,8) (S 34,7,7) (D 1,1,1)
0 1 3 34 98 5 (D 1,1,1) (S 13,19,20) (S 14,20,23) (S 31,23,23) (D 1,1,1)
0 1 4 28 82 6 (D 1,1,1) (S 2,15,21) (S 17,21,24) (S 18,24,21) (S 29,5,5) (D 1,1,1)
0 1 5 19 85 6 (D 1,1,1) (S 1,13,14) (S 19,17,16) (S 20,15,11) (S 27,4,4) (D 1,1,1)
0 1 6 27 84 4 (D 1,1,1) (S 25,19,19) (S 36,9,9) (D 1,1,1)
0 1 7 52 112 7 (D 1,1,1) (S 0,19,22) (S 3,22,23) (S 22,23,20) (S 28,20,20) (S 35,10,10) (D 1,1,1)
0 1 8 52 135 9 (D 1,1,1) (S 6,3,4) (S 9,5,11) (S 10,20,21) (S 16,16,12) (S 21,6,12) (S 23,16,17) (S 37,12,12) (D 1,1,1)
0 1 9 37 62 7 (D 1,1,1) (S 5,1,2) (S 8,2,4) (S 12,1,3) (S 15,5,4) (S 26,3,3) (D 1,1,1)
