1437
17
52370100
1748278481
0 1 1 28 80 5 (D 1,1,1) (S 30,22,15) (S 53,15,22) (S 69,23,23) (D 1,1,1)
0 1 2 71 152 12 (D 1,1,1) (S 0,15,21) (S 1,22,28) (S 2,33,34) (S 13,28,33) (S 15,28,34) (S 21,32,33) (S 31,32,31) (S 50,31,32) (S 74,31,31) (S 76,29,29) (D 1,1,1)
0 1 3 49 130 8 (D 1,1,1) (S 9,24,34) (S 10,23,24) (S 14,22,23) (S 39,21,22) (S 46,24,11) (S 70,11,11) (D 1,1,1)
0 1 4 30 78 5 (D 1,1,1) (S 8,15,16) (S 47,16,17) (S 73,17,17) (D 1,1,1)
0 1 5 30 83 5 (D 1,1,1) (S 5,4,11) (S 6,5,11) (S 56,11,24) (D 1,1,1)
0 1 6 15 46 4 (D 1,1,1) (S 41,29,18) (S 75,18,18) (D 1,1,1)
0 1 7 43 97 9 (D 1,1,1) (S 12,19,20) (S 25,21,20) (S 28,27,28) (S 59,22,21) (S 61,20,21) (S 77,20,20) (S 79,21,21) (D 1,1,1)
0 1 8 19 64 6 (D 1,1,1) (S 27,8,2) (S 37,8,14) (S 71,8,8) (S 78,2,2) (D 1,1,1)
0 1 9 45 109 9 (D 1,1,1) (S 4,2,3) (S 16,4,5) (S 18,3,4) (S 32,17,11) (S 33,10,9) (S 65,9,9) (S 67,10,10) (D 1,1,1)
0 1 10 27 75 6 (D 1,1,1) (S 43,15,14) (S 49,14,20) (S 55,26,25) (S 62,13,2) (D 1,1,1)
0 1 11 5 9 4 (D 1,1,1) (S 48,6,1) (S 58,1,6) (D 1,1,1)
0 1 12 42 96 7 (D 1,1,1) (S 20,18,19) (S 42,27,26) (S 44,26,31) (S 54,29,25) (S 80,25,25) (D 1,1,1)
0 1 13 36 90 6 (D 1,1,1) (S 17,9,15) (S 45,16,23) (S 60,2,13) (S 68,13,13) (D 1,1,1)
0 1 14 21 37 5 (D 1,1,1) (S 38,7,6) (S 57,6,7) (S 66,7,7) (D 1,1,1)
0 1 15 41 82 8 (D 1,1,1) (S 11,1,2) (S 24,9,10) (S 51,10,11) (S 52,9,3) (S 63,4,4) (S 82,3,3) (D 1,1,1)
0 1 16 56 114 8 (D 1,1,1) (S 3,6,18) (S 7,19,25) (S 22,25,30) (S 26,28,27) (S 35,27,32) (S 64,30,30) (D 1,1,1)
0 1 17 56 95 10 (D 1,1,1) (S 19,6,12) (S 23,7,13) (S 29,12,18) (S 34,18,12) (S 36,19,12) (S 40,20,14) (S 72,14,14) (S 81,12,12) (D 1,1,1)
