23326
11
3153300
1748195718
0 1 1 1415 1965 7 (D 15,1,1) (S 1,18,18) (S 30,18,24) (S 58,24,30) (S 19,17,18) (S 9,14,14) (D 15,1,1)
0 1 2 1467 2118 8 (D 15,1,1) (S 2,31,31) (S 23,31,32) (S 61,38,37) (S 60,31,25) (S 4,25,25) (S 20,19,25) (D 15,1,1)
0 1 3 1347 2269 10 (D 15,1,1) (S 3,12,12) (S 22,11,12) (S 56,12,18) (S 54,6,5) (S 53,11,5) (S 8,11,11) (S 21,23,29) (S 36,10,9) (D 15,1,1)
0 1 4 1392 1914 6 (D 15,1,1) (S 5,3,3) (S 32,3,4) (S 51,5,6) (S 15,4,4) (D 15,1,1)
0 1 5 1449 2344 9 (D 15,1,1) (S 6,40,40) (S 25,40,41) (S 29,39,40) (S 43,39,38) (S 33,39,33) (S 59,33,39) (S 47,28,34) (D 15,1,1)
0 1 6 1464 2209 8 (D 15,1,1) (S 7,8,8) (S 39,19,20) (S 24,10,16) (S 46,16,17) (S 12,21,21) (S 31,21,27) (D 15,1,1)
0 1 7 1514 2381 8 (D 15,1,1) (S 10,41,41) (S 63,41,42) (S 27,35,36) (S 34,35,41) (S 35,35,29) (S 62,36,30) (D 15,1,1)
0 1 8 1474 2041 7 (D 15,1,1) (S 11,7,7) (S 13,1,1) (S 18,1,2) (S 57,1,7) (S 50,13,19) (D 15,1,1)
0 1 9 1516 2197 8 (D 15,1,1) (S 14,32,32) (S 52,38,39) (S 28,32,33) (S 41,32,26) (S 45,27,26) (S 49,34,33) (D 15,1,1)
0 1 10 1158 1622 7 (D 15,1,1) (S 16,22,22) (S 37,23,22) (S 48,22,23) (S 55,22,28) (S 40,22,16) (D 15,1,1)
0 1 11 1542 2266 7 (D 15,1,1) (S 17,3,9) (S 26,4,10) (S 42,10,11) (S 38,21,20) (S 44,14,13) (D 15,1,1)
