608
6
18838200
1750788747
0 1 1 5 88 7 (D 1,1,1) (S 28,2,2) (S 4,2,3) (S 2,3,4) (S 15,4,11) (S 16,5,6) (D 1,1,1)
0 1 2 4 69 6 (D 1,1,1) (S 13,1,2) (S 7,3,5) (S 22,6,7) (S 9,12,1) (D 1,1,1)
0 1 3 5 107 7 (D 1,1,1) (S 18,1,4) (S 24,11,5) (S 6,5,12) (S 11,10,8) (S 3,8,7) (D 1,1,1)
0 1 4 5 87 7 (D 1,1,1) (S 0,1,7) (S 19,7,12) (S 23,12,11) (S 25,11,11) (S 27,6,6) (D 1,1,1)
0 1 5 5 118 7 (D 1,1,1) (S 8,10,9) (S 17,9,2) (S 21,6,12) (S 1,8,10) (S 10,10,1) (D 1,1,1)
0 1 6 5 139 7 (D 1,1,1) (S 12,2,4) (S 14,11,3) (S 26,3,3) (S 20,1,10) (S 5,9,10) (D 1,1,1)
