16291
17
802251965400
802251965400
0 1 1 3752 898 20 (D 0,1,1) (S 1,59,60) (S 2,60,61) (S 3,61,48) (S 4,47,60) (S 5,60,61) (S 6,61,48) (S 7,36,37) (S 8,22,9) (S 9,10,11) (S 10,13,26) (S 11,52,51) (S 12,10,11) (S 13,13,26) (S 14,26,25) (S 15,25,24) (S 16,24,37) (S 17,63,64) (S 18,77,76) (S 19,76,75) (S 20,74,73) (D 0,1,1)
0 1 2 1952 798 10 (D 0,1,1) (S 21,33,20) (S 22,3,4) (S 23,6,7) (S 24,21,20) (S 25,6,7) (S 26,10,11) (S 27,13,26) (S 28,26,25) (S 29,25,38) (S 30,47,60) (D 0,1,1)
0 1 3 10871 1787 56 (D 0,1,1) (S 31,70,83) (S 32,83,84) (S 33,85,98) (S 34,98,97) (S 35,97,84) (S 36,85,98) (S 37,98,97) (S 38,97,110) (S 39,110,111) (S 40,111,112) (S 41,113,114) (S 42,102,101) (S 43,98,97) (S 44,97,110) (S 45,110,111) (S 46,111,112) (S 47,113,114) (S 48,102,101) (S 49,98,97) (S 50,97,84) (S 51,85,86) (S 52,87,88) (S 53,88,89) (S 54,90,77) (S 55,77,76) (S 56,76,89) (S 57,90,91) (S 58,104,103) (S 59,90,91) (S 60,104,103) (S 61,90,77) (S 62,77,76) (S 63,76,63) (S 64,63,64) (S 65,65,78) (S 66,78,77) (S 67,77,76) (S 68,76,75) (S 69,74,73) (S 70,70,83) (S 71,83,96) (S 72,92,79) (S 73,79,80) (S 74,80,81) (S 75,81,94) (S 76,93,80) (S 77,80,81) (S 78,81,94) (S 79,93,80) (S 80,80,81) (S 81,81,82) (S 82,82,83) (S 83,83,84) (S 84,84,71) (S 85,70,83) (S 86,83,84) (D 0,1,1)
0 1 4 3547 707 14 (D 0,1,1) (S 87,45,44) (S 88,44,43) (S 89,43,42) (S 90,42,41) (S 91,57,44) (S 92,44,43) (S 93,43,42) (S 94,42,41) (S 95,57,44) (S 96,44,43) (S 97,43,42) (S 98,42,41) (S 99,58,59) (S 100,59,60) (D 0,1,1)
0 1 5 2208 377 10 (D 0,1,1) (S 101,59,60) (S 102,59,60) (S 103,60,61) (S 104,61,48) (S 105,47,60) (S 106,60,61) (S 107,61,62) (S 108,62,75) (S 109,74,73) (S 110,59,60) (D 0,1,1)
0 1 6 2908 591 15 (D 0,1,1) (S 111,59,60) (S 112,60,61) (S 113,61,62) (S 114,63,64) (S 115,77,76) (S 116,76,89) (S 117,90,91) (S 118,116,117) (S 119,117,104) (S 120,104,103) (S 121,102,101) (S 122,102,101) (S 123,102,101) (S 124,88,75) (S 125,74,73) (D 0,1,1)
0 1 7 3654 992 18 (D 0,1,1) (S 126,59,60) (S 127,60,61) (S 128,61,48) (S 129,47,46) (S 130,45,44) (S 131,44,43) (S 132,43,30) (S 133,30,31) (S 134,31,32) (S 135,33,20) (S 136,2,15) (S 137,27,28) (S 138,28,29) (S 139,27,40) (S 140,58,71) (S 141,70,83) (S 142,83,84) (S 143,85,86) (D 0,1,1)
0 1 8 3736 879 16 (D 0,1,1) (S 144,59,60) (S 145,60,61) (S 146,61,48) (S 147,36,37) (S 148,63,64) (S 149,77,76) (S 150,76,75) (S 151,74,73) (S 152,45,44) (S 153,31,32) (S 154,36,37) (S 155,37,38) (S 156,47,46) (S 157,45,58) (S 158,58,59) (S 159,59,60) (D 0,1,1)
0 1 9 1635 377 9 (D 0,1,1) (S 160,70,83) (S 161,83,96) (S 162,93,80) (S 163,80,81) (S 164,81,82) (S 165,69,56) (S 166,58,71) (S 167,70,83) (S 168,83,84) (D 0,1,1)
0 1 10 9867 2798 51 (D 0,1,1) (S 169,45,44) (S 170,44,43) (S 171,43,42) (S 172,42,41) (S 173,58,59) (S 174,59,60) (S 175,60,61) (S 176,61,74) (S 177,87,88) (S 178,88,89) (S 179,90,91) (S 180,104,103) (S 181,102,101) (S 182,88,75) (S 183,74,73) (S 184,33,20) (S 185,21,20) (S 186,6,7) (S 187,10,11) (S 188,13,26) (S 189,47,46) (S 190,45,44) (S 191,44,43) (S 192,43,30) (S 193,30,31) (S 194,6,7) (S 195,10,11) (S 196,13,26) (S 197,26,25) (S 198,13,26) (S 199,26,25) (S 200,25,24) (S 201,24,37) (S 202,22,9) (S 203,10,11) (S 204,13,26) (S 205,26,25) (S 206,13,26) (S 207,52,51) (S 208,27,28) (S 209,28,29) (S 210,27,40) (S 211,57,70) (S 212,69,68) (S 213,68,67) (S 214,67,66) (S 215,79,80) (S 216,80,81) (S 217,81,82) (S 218,82,83) (S 219,83,84) (D 0,1,1)
0 1 11 1519 609 8 (D 0,1,1) (S 220,69,68) (S 221,68,67) (S 222,67,66) (S 223,54,41) (S 224,30,31) (S 225,31,32) (S 226,36,37) (S 227,47,60) (D 0,1,1)
0 1 12 3901 524 17 (D 0,1,1) (S 228,59,60) (S 229,60,61) (S 230,61,62) (S 231,63,64) (S 232,64,51) (S 233,63,64) (S 234,65,78) (S 235,78,77) (S 236,77,76) (S 237,76,89) (S 238,90,91) (S 239,104,103) (S 240,90,91) (S 241,78,77) (S 242,77,76) (S 243,76,75) (S 244,74,73) (D 0,1,1)
0 1 13 4055 652 19 (D 0,1,1) (S 245,45,58) (S 246,58,59) (S 247,59,60) (S 248,60,61) (S 249,61,74) (S 250,87,88) (S 251,88,89) (S 252,90,91) (S 253,104,103) (S 254,102,101) (S 255,98,97) (S 256,97,110) (S 257,110,111) (S 258,98,97) (S 259,97,84) (S 260,84,71) (S 261,70,83) (S 262,83,84) (S 263,85,86) (D 0,1,1)
0 1 14 3230 664 19 (D 0,1,1) (S 264,59,60) (S 265,60,61) (S 266,61,62) (S 267,63,64) (S 268,64,51) (S 269,63,64) (S 270,65,52) (S 271,52,51) (S 272,49,62) (S 273,63,64) (S 274,77,76) (S 275,76,89) (S 276,90,77) (S 277,77,76) (S 278,76,75) (S 279,87,88) (S 280,88,75) (S 281,74,73) (S 282,59,60) (D 0,1,1)
0 1 15 4909 1221 26 (D 0,1,1) (S 283,70,83) (S 284,83,96) (S 285,93,80) (S 286,80,81) (S 287,81,94) (S 288,107,108) (S 289,93,80) (S 290,80,81) (S 291,81,82) (S 292,69,56) (S 293,57,44) (S 294,44,43) (S 295,43,42) (S 296,42,29) (S 297,27,40) (S 298,57,44) (S 299,44,43) (S 300,43,30) (S 301,27,40) (S 302,54,67) (S 303,67,66) (S 304,79,80) (S 305,80,81) (S 306,81,82) (S 307,82,83) (S 308,83,84) (D 0,1,1)
0 1 16 4165 823 24 (D 0,1,1) (S 309,70,83) (S 310,83,84) (S 311,85,98) (S 312,98,97) (S 313,97,84) (S 314,84,71) (S 315,68,67) (S 316,67,66) (S 317,79,80) (S 318,80,81) (S 319,81,94) (S 320,93,80) (S 321,80,81) (S 322,81,94) (S 323,93,80) (S 324,80,81) (S 325,81,82) (S 326,69,68) (S 327,68,67) (S 328,67,66) (S 329,54,67) (S 330,67,66) (S 331,58,59) (S 332,59,60) (D 0,1,1)
0 1 17 1619 533 8 (D 0,1,1) (S 333,70,83) (S 334,83,96) (S 335,93,80) (S 336,80,81) (S 337,81,82) (S 338,69,56) (S 339,58,59) (S 340,59,60) (D 0,1,1)
