567
13
6168300
1748278478
0 1 1 18 40 3 (D 1,1,1) (S 36,6,6) (D 1,1,1)
0 1 2 16 40 6 (D 1,1,1) (S 7,18,21) (S 14,21,25) (S 21,25,26) (S 27,23,26) (D 1,1,1)
0 1 3 16 39 5 (D 1,1,1) (S 4,3,8) (S 10,8,9) (S 35,5,5) (D 1,1,1)
0 1 4 20 56 5 (D 1,1,1) (S 8,22,23) (S 18,20,21) (S 30,21,21) (D 1,1,1)
0 1 5 21 59 5 (D 1,1,1) (S 0,10,11) (S 16,7,11) (S 23,5,6) (D 1,1,1)
0 1 6 22 48 4 (D 1,1,1) (S 20,14,18) (S 32,14,14) (D 1,1,1)
0 1 7 11 36 5 (D 1,1,1) (S 11,16,17) (S 31,15,15) (S 37,17,17) (D 1,1,1)
0 1 8 23 51 8 (D 1,1,1) (S 1,12,13) (S 2,13,14) (S 3,21,22) (S 12,22,25) (S 26,18,25) (S 28,13,15) (D 1,1,1)
0 1 9 19 36 4 (D 1,1,1) (S 15,23,24) (S 34,24,24) (D 1,1,1)
0 1 10 26 65 5 (D 1,1,1) (S 6,4,10) (S 19,6,8) (S 33,4,4) (D 1,1,1)
0 1 11 12 17 4 (D 1,1,1) (S 5,1,15) (S 24,15,17) (D 1,1,1)
0 1 12 21 38 5 (D 1,1,1) (S 9,2,12) (S 13,1,27) (S 25,26,27) (D 1,1,1)
0 1 13 24 42 5 (D 1,1,1) (S 17,1,19) (S 22,2,1) (S 29,3,3) (D 1,1,1)
