1490
17
47076900
1748278484
0 1 1 2 4 3 (D 1,1,1) (S 45,1,6) (D 1,1,1)
0 1 2 15 79 5 (D 1,1,1) (S 0,28,33) (S 16,33,34) (S 81,33,33) (D 1,1,1)
0 1 3 22 86 5 (D 1,1,1) (S 15,31,32) (S 31,32,33) (S 78,34,34) (D 1,1,1)
0 1 4 21 85 6 (D 1,1,1) (S 14,12,18) (S 21,25,29) (S 22,30,29) (S 77,29,29) (D 1,1,1)
0 1 5 29 80 6 (D 1,1,1) (S 3,8,9) (S 13,4,10) (S 34,10,4) (S 59,10,10) (D 1,1,1)
0 1 6 40 113 6 (D 1,1,1) (S 2,28,34) (S 39,23,28) (S 63,28,28) (S 73,27,27) (D 1,1,1)
0 1 7 46 97 8 (D 1,1,1) (S 7,2,3) (S 8,4,5) (S 32,11,17) (S 47,16,10) (S 62,9,9) (S 70,16,16) (D 1,1,1)
0 1 8 37 84 6 (D 1,1,1) (S 38,16,15) (S 40,26,25) (S 52,25,26) (S 68,26,26) (D 1,1,1)
0 1 9 36 87 7 (D 1,1,1) (S 43,19,12) (S 48,18,19) (S 55,30,25) (S 60,25,25) (S 79,12,12) (D 1,1,1)
0 1 10 48 113 7 (D 1,1,1) (S 9,11,24) (S 37,21,15) (S 53,15,21) (S 56,27,21) (S 74,20,20) (D 1,1,1)
0 1 11 51 109 8 (D 1,1,1) (S 10,19,20) (S 11,21,22) (S 36,22,23) (S 51,23,24) (S 67,24,24) (S 80,4,4) (D 1,1,1)
0 1 12 53 111 9 (D 1,1,1) (S 1,9,10) (S 5,16,17) (S 19,17,11) (S 30,11,5) (S 44,5,11) (S 57,17,17) (S 69,3,3) (D 1,1,1)
0 1 13 39 72 7 (D 1,1,1) (S 12,8,14) (S 24,14,15) (S 42,15,14) (S 72,14,14) (S 76,13,13) (D 1,1,1)
0 1 14 42 94 8 (D 1,1,1) (S 6,6,7) (S 18,13,7) (S 23,7,13) (S 29,9,15) (S 50,23,22) (S 58,22,22) (D 1,1,1)
0 1 15 46 95 8 (D 1,1,1) (S 4,6,18) (S 17,18,12) (S 35,19,25) (S 41,25,30) (S 61,30,30) (S 75,31,31) (D 1,1,1)
0 1 16 55 115 9 (D 1,1,1) (S 20,19,18) (S 25,18,29) (S 27,19,13) (S 28,20,14) (S 64,15,15) (S 65,8,8) (S 66,7,7) (D 1,1,1)
0 1 17 32 66 8 (D 1,1,1) (S 26,1,2) (S 33,4,3) (S 46,2,8) (S 49,2,13) (S 54,2,1) (S 71,6,6) (D 1,1,1)
