200
8
3094800
1748278478
0 1 1 19 21 3 (D 1,1,1) (S 22,2,2) (D 1,1,1)
0 1 2 11 15 3 (D 1,1,1) (S 26,3,3) (D 1,1,1)
0 1 3 11 20 5 (D 1,1,1) (S 0,5,7) (S 12,7,9) (S 27,9,9) (D 1,1,1)
0 1 4 25 38 8 (D 1,1,1) (S 7,6,10) (S 8,1,6) (S 18,6,11) (S 20,2,6) (S 21,6,9) (S 24,6,6) (D 1,1,1)
0 1 5 20 29 9 (D 1,1,1) (S 3,3,11) (S 9,1,3) (S 11,2,9) (S 14,4,7) (S 15,8,10) (S 17,3,10) (S 23,8,8) (D 1,1,1)
0 1 6 22 31 6 (D 1,1,1) (S 1,1,10) (S 2,1,5) (S 19,7,8) (S 25,7,7) (D 1,1,1)
0 1 7 23 27 5 (D 1,1,1) (S 4,4,9) (S 5,9,10) (S 10,1,11) (D 1,1,1)
0 1 8 23 19 5 (D 1,1,1) (S 6,1,2) (S 13,2,4) (S 16,4,8) (D 1,1,1)
