1299
25
87467400
1748278486
0 1 1 14 47 5 (D 1,1,1) (S 6,39,40) (S 88,40,40) (S 105,32,32) (D 1,1,1)
0 1 2 24 58 7 (D 1,1,1) (S 2,45,50) (S 30,49,45) (S 48,45,46) (S 97,46,46) (S 101,38,38) (D 1,1,1)
0 1 3 15 46 6 (D 1,1,1) (S 1,25,33) (S 31,20,25) (S 32,20,21) (S 90,21,21) (D 1,1,1)
0 1 4 54 95 9 (D 1,1,1) (S 13,43,44) (S 14,43,48) (S 28,48,45) (S 62,45,48) (S 64,48,49) (S 103,49,49) (S 107,36,36) (D 1,1,1)
0 1 5 22 49 7 (D 1,1,1) (S 25,24,30) (S 39,29,30) (S 61,30,38) (S 87,37,37) (S 91,44,44) (D 1,1,1)
0 1 6 13 40 5 (D 1,1,1) (S 40,4,7) (S 49,7,4) (S 93,3,3) (D 1,1,1)
0 1 7 21 42 6 (D 1,1,1) (S 10,26,34) (S 34,34,35) (S 57,35,34) (S 106,34,34) (D 1,1,1)
0 1 8 15 31 8 (D 1,1,1) (S 9,23,28) (S 26,27,35) (S 45,27,26) (S 51,26,27) (S 73,27,27) (S 102,28,28) (D 1,1,1)
0 1 9 17 43 7 (D 1,1,1) (S 4,29,37) (S 5,35,36) (S 54,37,38) (S 69,38,30) (S 104,30,30) (D 1,1,1)
0 1 10 14 30 4 (D 1,1,1) (S 35,13,22) (S 84,22,22) (D 1,1,1)
0 1 11 33 68 7 (D 1,1,1) (S 12,28,36) (S 43,46,38) (S 52,36,38) (S 58,38,46) (S 95,50,50) (D 1,1,1)
0 1 12 17 46 5 (D 1,1,1) (S 15,16,17) (S 33,40,47) (S 98,47,47) (D 1,1,1)
0 1 13 28 65 8 (D 1,1,1) (S 19,22,28) (S 23,43,42) (S 56,41,42) (S 70,42,41) (S 77,33,33) (S 99,25,25) (D 1,1,1)
0 1 14 20 48 7 (D 1,1,1) (S 3,6,11) (S 17,10,5) (S 18,4,3) (S 47,3,2) (S 96,2,2) (D 1,1,1)
0 1 15 20 49 6 (D 1,1,1) (S 0,18,19) (S 79,18,18) (S 94,6,6) (S 108,7,7) (D 1,1,1)
0 1 16 19 34 4 (D 1,1,1) (S 44,10,1) (S 65,1,5) (D 1,1,1)
0 1 17 29 63 5 (D 1,1,1) (S 21,41,33) (S 46,33,41) (S 92,35,35) (D 1,1,1)
0 1 18 29 46 6 (D 1,1,1) (S 36,12,11) (S 50,11,12) (S 67,12,19) (S 74,19,19) (D 1,1,1)
0 1 19 26 34 6 (D 1,1,1) (S 22,16,1) (S 37,1,15) (S 55,15,16) (S 80,16,16) (D 1,1,1)
0 1 20 63 98 9 (D 1,1,1) (S 7,11,18) (S 20,17,31) (S 38,47,39) (S 63,39,47) (S 71,32,31) (S 81,31,31) (S 89,39,39) (D 1,1,1)
0 1 21 19 39 5 (D 1,1,1) (S 24,15,14) (S 41,23,22) (S 82,24,24) (D 1,1,1)
0 1 22 26 47 6 (D 1,1,1) (S 8,2,5) (S 42,5,6) (S 68,6,5) (S 78,17,17) (D 1,1,1)
0 1 23 40 65 8 (D 1,1,1) (S 27,17,24) (S 59,15,24) (S 60,14,15) (S 76,15,15) (S 83,23,23) (S 85,14,14) (D 1,1,1)
0 1 24 28 49 5 (D 1,1,1) (S 16,28,29) (S 86,29,29) (S 100,10,10) (D 1,1,1)
0 1 25 48 67 8 (D 1,1,1) (S 11,21,22) (S 29,21,13) (S 53,13,21) (S 66,13,8) (S 72,8,8) (S 75,9,9) (D 1,1,1)
