436958
218
398504400
1750775462
0 1 1 704 146 3 (D 485,1,1) (S 2,260,261) (D 485,1,1)
0 1 2 71 632 4 (D 485,1,1) (S 161,106,106) (S 88,106,299) (D 485,1,1)
0 1 3 1 638 3 (D 485,1,1) (S 125,7,7) (D 485,1,1)
0 1 4 69 742 3 (D 485,1,1) (S 105,267,268) (D 485,1,1)
0 1 5 1 710 3 (D 485,1,1) (S 197,5,5) (D 485,1,1)
0 1 6 1 734 3 (D 485,1,1) (S 188,73,73) (D 485,1,1)
0 1 7 1 738 3 (D 485,1,1) (S 123,82,82) (D 485,1,1)
0 1 8 1 772 3 (D 485,1,1) (S 165,19,19) (D 485,1,1)
0 1 9 1 784 3 (D 485,1,1) (S 239,58,58) (D 485,1,1)
0 1 10 1 788 3 (D 485,1,1) (S 168,63,63) (D 485,1,1)
0 1 11 1 822 3 (D 485,1,1) (S 141,11,11) (D 485,1,1)
0 1 12 1 924 3 (D 485,1,1) (S 227,107,107) (D 485,1,1)
0 1 13 316 984 3 (D 485,1,1) (S 16,165,166) (D 485,1,1)
0 1 14 328 1030 3 (D 485,1,1) (S 74,165,298) (D 485,1,1)
0 1 15 1 992 3 (D 485,1,1) (S 151,16,16) (D 485,1,1)
0 1 16 1 1074 3 (D 485,1,1) (S 149,118,118) (D 485,1,1)
0 1 17 1 1076 3 (D 485,1,1) (S 176,80,80) (D 485,1,1)
0 1 18 1 1110 3 (D 485,1,1) (S 159,112,112) (D 485,1,1)
0 1 19 1 1138 3 (D 485,1,1) (S 201,62,62) (D 485,1,1)
0 1 20 21 1276 3 (D 485,1,1) (S 82,192,193) (D 485,1,1)
0 1 21 1 1172 3 (D 485,1,1) (S 214,90,90) (D 485,1,1)
0 1 22 1 1172 3 (D 485,1,1) (S 217,38,38) (D 485,1,1)
0 1 23 1 1200 3 (D 485,1,1) (S 174,51,51) (D 485,1,1)
0 1 24 1 1220 3 (D 485,1,1) (S 213,79,79) (D 485,1,1)
0 1 25 1 1238 3 (D 485,1,1) (S 206,81,81) (D 485,1,1)
0 1 26 1 1282 3 (D 485,1,1) (S 135,89,89) (D 485,1,1)
0 1 27 1 1296 3 (D 485,1,1) (S 124,18,18) (D 485,1,1)
0 1 28 1 1312 3 (D 485,1,1) (S 220,96,96) (D 485,1,1)
0 1 29 1 1360 3 (D 485,1,1) (S 221,46,46) (D 485,1,1)
0 1 30 1 1364 3 (D 485,1,1) (S 156,100,100) (D 485,1,1)
0 1 31 1 1368 3 (D 485,1,1) (S 145,93,93) (D 485,1,1)
0 1 32 1 1402 3 (D 485,1,1) (S 167,71,71) (D 485,1,1)
0 1 33 24 1438 3 (D 485,1,1) (S 20,35,206) (D 485,1,1)
0 1 34 91 1776 4 (D 485,1,1) (S 102,172,173) (S 186,4,4) (D 485,1,1)
0 1 35 7 1490 3 (D 485,1,1) (S 114,201,202) (D 485,1,1)
0 1 36 7 1485 3 (D 485,1,1) (S 75,197,205) (D 485,1,1)
0 1 37 7 1440 3 (D 485,1,1) (S 92,201,212) (D 485,1,1)
0 1 38 27 1528 4 (D 485,1,1) (S 91,108,171) (S 98,171,205) (D 485,1,1)
0 1 39 31 1476 3 (D 485,1,1) (S 61,108,197) (D 485,1,1)
0 1 40 1 1450 3 (D 485,1,1) (S 177,108,108) (D 485,1,1)
0 1 41 1 1462 3 (D 485,1,1) (S 215,88,88) (D 485,1,1)
0 1 42 16 1578 3 (D 485,1,1) (S 111,195,196) (D 485,1,1)
0 1 43 69 1603 4 (D 485,1,1) (S 48,45,234) (S 207,86,86) (D 485,1,1)
0 1 44 144 1956 4 (D 485,1,1) (S 46,235,236) (S 64,272,273) (D 485,1,1)
0 1 45 77 1562 3 (D 485,1,1) (S 109,149,157) (D 485,1,1)
0 1 46 1 1492 3 (D 485,1,1) (S 230,45,45) (D 485,1,1)
0 1 47 1 1438 3 (D 485,1,1) (S 212,35,35) (D 485,1,1)
0 1 48 26 1552 3 (D 485,1,1) (S 103,35,178) (D 485,1,1)
0 1 49 93 1621 3 (D 485,1,1) (S 7,167,168) (D 485,1,1)
0 1 50 81 1652 3 (D 485,1,1) (S 97,185,186) (D 485,1,1)
0 1 51 1 1600 3 (D 485,1,1) (S 190,111,111) (D 485,1,1)
0 1 52 142 1653 3 (D 485,1,1) (S 52,134,135) (D 485,1,1)
0 1 53 40 1710 3 (D 485,1,1) (S 67,9,127) (D 485,1,1)
0 1 54 1 1652 3 (D 485,1,1) (S 146,9,9) (D 485,1,1)
0 1 55 132 1745 4 (D 485,1,1) (S 118,132,133) (S 11,133,146) (D 485,1,1)
0 1 56 1 1628 3 (D 485,1,1) (S 122,50,50) (D 485,1,1)
0 1 57 1 1698 3 (D 485,1,1) (S 162,25,25) (D 485,1,1)
0 1 58 98 1654 3 (D 485,1,1) (S 31,139,140) (D 485,1,1)
0 1 59 12 1592 3 (D 485,1,1) (S 112,149,150) (D 485,1,1)
0 1 60 105 1714 3 (D 485,1,1) (S 104,251,252) (D 485,1,1)
0 1 61 1 1714 3 (D 485,1,1) (S 195,26,26) (D 485,1,1)
0 1 62 97 1714 3 (D 485,1,1) (S 68,147,148) (D 485,1,1)
0 1 63 104 1768 3 (D 485,1,1) (S 53,213,214) (D 485,1,1)
0 1 64 123 1726 3 (D 485,1,1) (S 93,208,209) (D 485,1,1)
0 1 65 1 1732 3 (D 485,1,1) (S 219,39,39) (D 485,1,1)
0 1 66 50 1781 3 (D 485,1,1) (S 0,190,191) (D 485,1,1)
0 1 67 63 1644 3 (D 485,1,1) (S 79,150,250) (D 485,1,1)
0 1 68 46 1790 3 (D 485,1,1) (S 78,181,182) (D 485,1,1)
0 1 69 51 1795 3 (D 485,1,1) (S 38,262,263) (D 485,1,1)
0 1 70 1 1778 3 (D 485,1,1) (S 182,69,69) (D 485,1,1)
0 1 71 1 1782 3 (D 485,1,1) (S 185,20,20) (D 485,1,1)
0 1 72 1 1712 3 (D 485,1,1) (S 143,67,67) (D 485,1,1)
0 1 73 1 1782 3 (D 485,1,1) (S 160,33,33) (D 485,1,1)
0 1 74 1 1786 3 (D 485,1,1) (S 136,104,104) (D 485,1,1)
0 1 75 1 1816 3 (D 485,1,1) (S 107,276,277) (D 485,1,1)
0 1 76 34 1843 3 (D 485,1,1) (S 116,188,189) (D 485,1,1)
0 1 77 1 1790 3 (D 485,1,1) (S 172,12,12) (D 485,1,1)
0 1 78 235 1868 3 (D 485,1,1) (S 69,120,293) (D 485,1,1)
0 1 79 1 1796 3 (D 485,1,1) (S 120,120,120) (D 485,1,1)
0 1 80 31 1808 3 (D 485,1,1) (S 15,247,248) (D 485,1,1)
0 1 81 1 1830 3 (D 485,1,1) (S 225,109,109) (D 485,1,1)
0 1 82 53 1854 3 (D 485,1,1) (S 41,130,131) (D 485,1,1)
0 1 83 172 1851 3 (D 485,1,1) (S 117,269,270) (D 485,1,1)
0 1 84 1 1832 3 (D 485,1,1) (S 231,59,59) (D 485,1,1)
0 1 85 1 1846 3 (D 485,1,1) (S 202,14,14) (D 485,1,1)
0 1 86 51 1854 3 (D 485,1,1) (S 33,227,228) (D 485,1,1)
0 1 87 143 1932 3 (D 485,1,1) (S 54,253,254) (D 485,1,1)
0 1 88 207 1918 3 (D 485,1,1) (S 25,255,256) (D 485,1,1)
0 1 89 190 1868 3 (D 485,1,1) (S 9,255,270) (D 485,1,1)
0 1 90 1 1874 3 (D 485,1,1) (S 150,29,29) (D 485,1,1)
0 1 91 111 1900 3 (D 485,1,1) (S 1,137,249) (D 485,1,1)
0 1 92 95 1879 3 (D 485,1,1) (S 72,137,138) (D 485,1,1)
0 1 93 48 1782 3 (D 485,1,1) (S 95,144,145) (D 485,1,1)
0 1 94 83 1773 3 (D 485,1,1) (S 50,145,194) (D 485,1,1)
0 1 95 1 1898 3 (D 485,1,1) (S 152,84,84) (D 485,1,1)
0 1 96 46 1882 3 (D 485,1,1) (S 19,235,274) (D 485,1,1)
0 1 97 4 1936 3 (D 485,1,1) (S 42,286,287) (D 485,1,1)
0 1 98 1 1928 3 (D 485,1,1) (S 210,102,102) (D 485,1,1)
0 1 99 1 1946 3 (D 485,1,1) (S 180,103,103) (D 485,1,1)
0 1 100 1 1970 3 (D 485,1,1) (S 237,54,54) (D 485,1,1)
0 1 101 37 1972 3 (D 485,1,1) (S 90,289,290) (D 485,1,1)
0 1 102 177 2043 3 (D 485,1,1) (S 4,121,122) (D 485,1,1)
0 1 103 32 1974 3 (D 485,1,1) (S 28,121,143) (D 485,1,1)
0 1 104 92 2024 3 (D 485,1,1) (S 37,279,280) (D 485,1,1)
0 1 105 1 2002 3 (D 485,1,1) (S 224,97,97) (D 485,1,1)
0 1 106 1 2008 3 (D 485,1,1) (S 236,53,53) (D 485,1,1)
0 1 107 1 2012 3 (D 485,1,1) (S 144,85,85) (D 485,1,1)
0 1 108 1 2020 3 (D 485,1,1) (S 158,22,22) (D 485,1,1)
0 1 109 143 2030 3 (D 485,1,1) (S 43,210,211) (D 485,1,1)
0 1 110 1 2032 3 (D 485,1,1) (S 140,65,65) (D 485,1,1)
0 1 111 65 2040 3 (D 485,1,1) (S 49,245,246) (D 485,1,1)
0 1 112 1 2056 3 (D 485,1,1) (S 142,99,99) (D 485,1,1)
0 1 113 1 2058 3 (D 485,1,1) (S 218,101,101) (D 485,1,1)
0 1 114 145 2070 3 (D 485,1,1) (S 14,1,210) (D 485,1,1)
0 1 115 1 2070 3 (D 485,1,1) (S 127,1,1) (D 485,1,1)
0 1 116 100 2089 3 (D 485,1,1) (S 65,179,240) (D 485,1,1)
0 1 117 67 3168 4 (D 485,1,1) (S 40,32,237) (S 45,175,237) (D 485,1,1)
0 1 118 1 2080 3 (D 485,1,1) (S 178,98,98) (D 485,1,1)
0 1 119 1 2082 3 (D 485,1,1) (S 134,64,64) (D 485,1,1)
0 1 120 126 2113 3 (D 485,1,1) (S 21,199,200) (D 485,1,1)
0 1 121 1 2108 3 (D 485,1,1) (S 173,91,91) (D 485,1,1)
0 1 122 139 2184 3 (D 485,1,1) (S 99,231,232) (D 485,1,1)
0 1 123 1 2118 3 (D 485,1,1) (S 222,28,28) (D 485,1,1)
0 1 124 49 2839 4 (D 485,1,1) (S 100,155,156) (S 232,115,115) (D 485,1,1)
0 1 125 1 2136 3 (D 485,1,1) (S 155,34,34) (D 485,1,1)
0 1 126 118 2220 3 (D 485,1,1) (S 113,225,226) (D 485,1,1)
0 1 127 1 2158 3 (D 485,1,1) (S 138,43,43) (D 485,1,1)
0 1 128 1 2168 3 (D 485,1,1) (S 147,72,72) (D 485,1,1)
0 1 129 1 2168 3 (D 485,1,1) (S 235,2,2) (D 485,1,1)
0 1 130 120 2170 3 (D 485,1,1) (S 85,243,244) (D 485,1,1)
0 1 131 1 2124 3 (D 485,1,1) (S 203,49,49) (D 485,1,1)
0 1 132 117 2148 3 (D 485,1,1) (S 110,49,284) (D 485,1,1)
0 1 133 1 2186 3 (D 485,1,1) (S 194,66,66) (D 485,1,1)
0 1 134 136 2188 3 (D 485,1,1) (S 57,169,170) (D 485,1,1)
0 1 135 106 2184 3 (D 485,1,1) (S 71,42,187) (D 485,1,1)
0 1 136 1 2210 3 (D 485,1,1) (S 157,87,87) (D 485,1,1)
0 1 137 1 2222 3 (D 485,1,1) (S 131,15,15) (D 485,1,1)
0 1 138 79 2280 4 (D 485,1,1) (S 101,128,129) (S 22,129,136) (D 485,1,1)
0 1 139 47 2304 3 (D 485,1,1) (S 62,282,283) (D 485,1,1)
0 1 140 60 2264 3 (D 485,1,1) (S 30,123,124) (D 485,1,1)
0 1 141 1 2184 3 (D 485,1,1) (S 121,42,42) (D 485,1,1)
0 1 142 127 2242 4 (D 485,1,1) (S 126,74,74) (S 60,74,275) (D 485,1,1)
0 1 143 7 2260 3 (D 485,1,1) (S 12,78,259) (D 485,1,1)
0 1 144 1 2260 3 (D 485,1,1) (S 208,78,78) (D 485,1,1)
0 1 145 1 2264 3 (D 485,1,1) (S 223,6,6) (D 485,1,1)
0 1 146 35 2348 3 (D 485,1,1) (S 26,180,198) (D 485,1,1)
0 1 147 1 2272 3 (D 485,1,1) (S 199,105,105) (D 485,1,1)
0 1 148 1 2274 3 (D 485,1,1) (S 154,55,55) (D 485,1,1)
0 1 149 1 2206 3 (D 485,1,1) (S 192,56,56) (D 485,1,1)
0 1 150 2 2282 4 (D 485,1,1) (S 137,10,10) (S 27,10,123) (D 485,1,1)
0 1 151 1 2286 3 (D 485,1,1) (S 226,31,31) (D 485,1,1)
0 1 152 1 2288 3 (D 485,1,1) (S 193,21,21) (D 485,1,1)
0 1 153 1 2306 3 (D 485,1,1) (S 228,110,110) (D 485,1,1)
0 1 154 193 3375 5 (D 485,1,1) (S 83,217,288) (S 115,216,217) (S 36,222,223) (D 485,1,1)
0 1 155 31 2274 3 (D 485,1,1) (S 89,294,295) (D 485,1,1)
0 1 156 1 2346 3 (D 485,1,1) (S 153,95,95) (D 485,1,1)
0 1 157 116 2444 3 (D 485,1,1) (S 70,125,126) (D 485,1,1)
0 1 158 7 2350 3 (D 485,1,1) (S 108,125,215) (D 485,1,1)
0 1 159 134 2240 3 (D 485,1,1) (S 77,296,297) (D 485,1,1)
0 1 160 1 2360 3 (D 485,1,1) (S 132,13,13) (D 485,1,1)
0 1 161 60 2268 3 (D 485,1,1) (S 51,179,180) (D 485,1,1)
0 1 162 1 2380 3 (D 485,1,1) (S 234,44,44) (D 485,1,1)
0 1 163 163 2505 4 (D 485,1,1) (S 86,218,219) (S 10,219,271) (D 485,1,1)
0 1 164 1 2462 3 (D 485,1,1) (S 84,241,242) (D 485,1,1)
0 1 165 1 2406 3 (D 485,1,1) (S 139,76,76) (D 485,1,1)
0 1 166 1 2326 3 (D 485,1,1) (S 181,23,23) (D 485,1,1)
0 1 167 1 2420 3 (D 485,1,1) (S 163,70,70) (D 485,1,1)
0 1 168 1 2354 3 (D 485,1,1) (S 175,40,40) (D 485,1,1)
0 1 169 1 2432 3 (D 485,1,1) (S 196,37,37) (D 485,1,1)
0 1 170 1 2438 3 (D 485,1,1) (S 211,24,24) (D 485,1,1)
0 1 171 89 2611 3 (D 485,1,1) (S 32,265,266) (D 485,1,1)
0 1 172 1 2424 3 (D 485,1,1) (S 238,116,116) (D 485,1,1)
0 1 173 1 2472 3 (D 485,1,1) (S 209,27,27) (D 485,1,1)
0 1 174 16 2328 3 (D 485,1,1) (S 96,180,264) (D 485,1,1)
0 1 175 102 2395 3 (D 485,1,1) (S 29,162,229) (D 485,1,1)
0 1 176 80 2338 3 (D 485,1,1) (S 76,161,162) (D 485,1,1)
0 1 177 1 2360 3 (D 485,1,1) (S 130,3,3) (D 485,1,1)
0 1 178 1 2418 3 (D 485,1,1) (S 166,30,30) (D 485,1,1)
0 1 179 96 3400 4 (D 485,1,1) (S 13,174,175) (S 5,163,164) (D 485,1,1)
0 1 180 59 2798 4 (D 485,1,1) (S 87,153,154) (S 81,154,156) (D 485,1,1)
0 1 181 74 2546 3 (D 485,1,1) (S 58,176,198) (D 485,1,1)
0 1 182 22 2618 3 (D 485,1,1) (S 34,176,177) (D 485,1,1)
0 1 183 1 2560 3 (D 485,1,1) (S 216,117,117) (D 485,1,1)
0 1 184 1 2536 3 (D 485,1,1) (S 233,68,68) (D 485,1,1)
0 1 185 1 2604 3 (D 485,1,1) (S 164,77,77) (D 485,1,1)
0 1 186 17 2586 3 (D 485,1,1) (S 44,220,221) (D 485,1,1)
0 1 187 153 2622 3 (D 485,1,1) (S 8,204,242) (D 485,1,1)
0 1 188 1 2450 3 (D 485,1,1) (S 191,48,48) (D 485,1,1)
0 1 189 1 2496 3 (D 485,1,1) (S 171,47,47) (D 485,1,1)
0 1 190 6 2670 3 (D 485,1,1) (S 55,203,281) (D 485,1,1)
0 1 191 7 2654 3 (D 485,1,1) (S 39,203,204) (D 485,1,1)
0 1 192 39 3322 5 (D 485,1,1) (S 24,291,292) (S 204,17,17) (S 184,57,57) (D 485,1,1)
0 1 193 82 2664 3 (D 485,1,1) (S 63,141,219) (D 485,1,1)
0 1 194 127 2743 3 (D 485,1,1) (S 18,142,183) (D 485,1,1)
0 1 195 59 3247 4 (D 485,1,1) (S 94,257,258) (S 229,52,52) (D 485,1,1)
0 1 196 1 2488 3 (D 485,1,1) (S 198,60,60) (D 485,1,1)
0 1 197 1 2720 3 (D 485,1,1) (S 148,83,83) (D 485,1,1)
0 1 198 74 2492 3 (D 485,1,1) (S 59,61,207) (D 485,1,1)
0 1 199 1 2738 3 (D 485,1,1) (S 187,94,94) (D 485,1,1)
0 1 200 21 2748 3 (D 485,1,1) (S 119,142,152) (D 485,1,1)
0 1 201 49 2948 4 (D 485,1,1) (S 189,8,8) (S 106,8,160) (D 485,1,1)
0 1 202 1 2634 3 (D 485,1,1) (S 128,36,36) (D 485,1,1)
0 1 203 1 2492 3 (D 485,1,1) (S 133,61,61) (D 485,1,1)
0 1 204 1 2614 3 (D 485,1,1) (S 183,119,119) (D 485,1,1)
0 1 205 1 2522 3 (D 485,1,1) (S 200,41,41) (D 485,1,1)
0 1 206 216 3171 5 (D 485,1,1) (S 205,113,113) (S 47,113,224) (S 66,224,278) (D 485,1,1)
0 1 207 78 2778 3 (D 485,1,1) (S 3,141,142) (D 485,1,1)
0 1 208 120 2834 3 (D 485,1,1) (S 56,151,152) (D 485,1,1)
0 1 209 35 2438 3 (D 485,1,1) (S 6,229,230) (D 485,1,1)
0 1 210 38 2904 3 (D 485,1,1) (S 23,158,159) (D 485,1,1)
0 1 211 1 2700 3 (D 485,1,1) (S 169,114,114) (D 485,1,1)
0 1 212 30 2654 3 (D 485,1,1) (S 35,68,233) (D 485,1,1)
0 1 213 12 2794 3 (D 485,1,1) (S 80,152,285) (D 485,1,1)
0 1 214 23 2834 3 (D 485,1,1) (S 73,152,184) (D 485,1,1)
0 1 215 1 2988 3 (D 485,1,1) (S 170,75,75) (D 485,1,1)
0 1 216 1 3112 3 (D 485,1,1) (S 179,32,32) (D 485,1,1)
0 1 217 1 3142 3 (D 485,1,1) (S 129,92,92) (D 485,1,1)
0 1 218 63 3058 3 (D 485,1,1) (S 17,238,239) (D 485,1,1)
