344
10
7139100
1748278481
0 1 1 13 24 3 (D 1,1,1) (S 32,5,5) (D 1,1,1)
0 1 2 16 40 6 (D 1,1,1) (S 0,8,14) (S 5,14,18) (S 14,18,17) (S 38,17,17) (D 1,1,1)
0 1 3 13 37 6 (D 1,1,1) (S 4,10,11) (S 13,12,6) (S 16,7,8) (S 33,8,8) (D 1,1,1)
0 1 4 20 45 8 (D 1,1,1) (S 10,22,23) (S 20,23,24) (S 21,21,20) (S 26,20,23) (S 27,23,20) (S 31,21,21) (D 1,1,1)
0 1 5 14 48 6 (D 1,1,1) (S 6,13,17) (S 11,15,21) (S 15,16,12) (S 25,13,14) (D 1,1,1)
0 1 6 11 31 4 (D 1,1,1) (S 18,22,19) (S 35,10,10) (D 1,1,1)
0 1 7 9 25 7 (D 1,1,1) (S 9,9,19) (S 29,19,19) (S 36,9,9) (S 37,4,4) (S 40,2,2) (D 1,1,1)
0 1 8 16 36 9 (D 1,1,1) (S 2,1,2) (S 3,6,7) (S 17,6,12) (S 22,12,11) (S 24,11,12) (S 28,16,15) (S 39,15,15) (D 1,1,1)
0 1 9 10 17 4 (D 1,1,1) (S 8,3,4) (S 19,4,5) (D 1,1,1)
0 1 10 15 41 8 (D 1,1,1) (S 1,9,10) (S 7,16,17) (S 12,13,12) (S 23,12,13) (S 30,11,11) (S 34,3,3) (D 1,1,1)
