1620
19
60959100
1748278485
0 1 1 22 105 6 (D 1,1,1) (S 31,34,35) (S 38,32,36) (S 73,36,36) (S 80,39,39) (D 1,1,1)
0 1 2 20 72 5 (D 1,1,1) (S 2,27,32) (S 32,32,31) (S 76,31,31) (D 1,1,1)
0 1 3 24 78 4 (D 1,1,1) (S 48,34,29) (S 68,29,29) (D 1,1,1)
0 1 4 19 59 7 (D 1,1,1) (S 4,17,18) (S 44,17,20) (S 51,20,19) (S 52,19,16) (S 72,16,16) (D 1,1,1)
0 1 5 29 78 5 (D 1,1,1) (S 10,25,31) (S 28,32,26) (S 66,26,26) (D 1,1,1)
0 1 6 42 115 7 (D 1,1,1) (S 9,30,31) (S 18,36,35) (S 27,35,36) (S 29,36,40) (S 81,40,40) (D 1,1,1)
0 1 7 44 97 7 (D 1,1,1) (S 0,18,22) (S 56,22,22) (S 58,20,20) (S 61,17,17) (S 64,10,10) (D 1,1,1)
0 1 8 11 49 5 (D 1,1,1) (S 17,11,10) (S 20,24,25) (S 79,25,25) (D 1,1,1)
0 1 9 32 104 7 (D 1,1,1) (S 3,26,27) (S 6,37,41) (S 13,33,37) (S 77,37,37) (S 84,4,4) (D 1,1,1)
0 1 10 42 126 7 (D 1,1,1) (S 12,15,10) (S 33,24,30) (S 39,34,38) (S 67,38,38) (S 70,30,30) (D 1,1,1)
0 1 11 42 92 7 (D 1,1,1) (S 8,16,17) (S 11,21,20) (S 41,20,21) (S 54,33,27) (S 75,21,21) (D 1,1,1)
0 1 12 27 63 6 (D 1,1,1) (S 30,12,11) (S 40,11,12) (S 45,11,16) (S 69,19,19) (D 1,1,1)
0 1 13 18 50 6 (D 1,1,1) (S 1,4,5) (S 5,5,11) (S 22,6,12) (S 71,12,12) (D 1,1,1)
0 1 14 34 72 8 (D 1,1,1) (S 14,9,10) (S 23,10,4) (S 42,14,13) (S 49,13,14) (S 50,25,24) (S 83,24,24) (D 1,1,1)
0 1 15 33 70 6 (D 1,1,1) (S 21,6,5) (S 43,4,10) (S 57,15,15) (S 63,14,14) (D 1,1,1)
0 1 16 21 45 5 (D 1,1,1) (S 15,7,13) (S 26,23,13) (S 82,13,13) (D 1,1,1)
0 1 17 68 159 9 (D 1,1,1) (S 16,25,15) (S 19,10,9) (S 34,3,4) (S 35,16,15) (S 47,23,29) (S 60,23,23) (S 65,35,35) (D 1,1,1)
0 1 18 59 124 7 (D 1,1,1) (S 7,27,28) (S 24,37,36) (S 46,36,32) (S 74,27,27) (S 78,2,2) (D 1,1,1)
0 1 19 40 62 9 (D 1,1,1) (S 25,8,9) (S 36,9,3) (S 37,2,1) (S 53,1,7) (S 55,13,7) (S 59,7,7) (S 62,9,9) (D 1,1,1)
