891
15
29112900
1748278483
0 1 1 24 68 5 (D 1,1,1) (S 5,20,22) (S 25,19,21) (S 45,18,18) (D 1,1,1)
0 1 2 13 36 6 (D 1,1,1) (S 23,27,29) (S 36,29,27) (S 51,24,24) (S 61,27,27) (D 1,1,1)
0 1 3 37 79 9 (D 1,1,1) (S 12,11,12) (S 17,11,10) (S 21,16,15) (S 28,15,14) (S 41,14,15) (S 55,14,14) (S 59,16,16) (D 1,1,1)
0 1 4 17 46 5 (D 1,1,1) (S 7,11,17) (S 46,17,17) (S 47,31,31) (D 1,1,1)
0 1 5 23 44 5 (D 1,1,1) (S 4,5,10) (S 35,10,11) (S 43,10,10) (D 1,1,1)
0 1 6 16 40 4 (D 1,1,1) (S 20,11,6) (S 56,5,5) (D 1,1,1)
0 1 7 20 44 5 (D 1,1,1) (S 19,27,26) (S 49,26,26) (S 60,23,23) (D 1,1,1)
0 1 8 26 67 7 (D 1,1,1) (S 1,19,22) (S 18,21,18) (S 33,18,21) (S 52,21,21) (S 57,9,9) (D 1,1,1)
0 1 9 20 42 6 (D 1,1,1) (S 8,6,31) (S 16,26,23) (S 40,23,26) (S 58,29,29) (D 1,1,1)
0 1 10 22 40 4 (D 1,1,1) (S 14,29,30) (S 50,30,30) (D 1,1,1)
0 1 11 22 37 4 (D 1,1,1) (S 2,6,7) (S 53,7,7) (D 1,1,1)
0 1 12 48 85 8 (D 1,1,1) (S 22,6,5) (S 24,31,1) (S 31,25,28) (S 37,26,28) (S 39,29,28) (S 54,28,28) (D 1,1,1)
0 1 13 42 68 7 (D 1,1,1) (S 0,4,13) (S 26,13,19) (S 29,4,3) (S 34,2,8) (S 44,8,8) (D 1,1,1)
0 1 14 72 113 10 (D 1,1,1) (S 6,2,3) (S 9,1,2) (S 10,19,20) (S 11,21,22) (S 27,19,13) (S 32,13,12) (S 38,8,2) (S 48,3,3) (D 1,1,1)
0 1 15 49 82 7 (D 1,1,1) (S 3,3,9) (S 13,9,13) (S 15,8,9) (S 30,9,4) (S 42,12,12) (D 1,1,1)
