608
13
6255300
1748278478
0 1 1 19 43 3 (D 1,1,1) (S 29,14,14) (D 1,1,1)
0 1 2 11 17 3 (D 1,1,1) (S 35,2,2) (D 1,1,1)
0 1 3 4 30 4 (D 1,1,1) (S 3,14,16) (S 36,16,16) (D 1,1,1)
0 1 4 25 68 7 (D 1,1,1) (S 4,6,10) (S 6,10,11) (S 8,5,9) (S 9,8,9) (S 17,6,8) (D 1,1,1)
0 1 5 13 45 5 (D 1,1,1) (S 5,20,21) (S 31,21,21) (S 39,13,13) (D 1,1,1)
0 1 6 25 62 6 (D 1,1,1) (S 18,4,5) (S 21,3,4) (S 22,5,6) (S 25,3,6) (D 1,1,1)
0 1 7 17 64 8 (D 1,1,1) (S 7,22,23) (S 10,22,25) (S 15,15,20) (S 20,21,22) (S 34,25,25) (S 38,12,12) (D 1,1,1)
0 1 8 24 62 5 (D 1,1,1) (S 0,3,8) (S 1,7,11) (S 13,6,9) (D 1,1,1)
0 1 9 24 61 5 (D 1,1,1) (S 14,21,23) (S 33,23,23) (S 37,18,18) (D 1,1,1)
0 1 10 19 36 4 (D 1,1,1) (S 12,23,24) (S 32,24,24) (D 1,1,1)
0 1 11 19 35 4 (D 1,1,1) (S 26,13,15) (S 30,15,15) (D 1,1,1)
0 1 12 27 43 6 (D 1,1,1) (S 2,1,19) (S 11,1,27) (S 23,26,27) (S 24,1,17) (D 1,1,1)
0 1 13 22 42 6 (D 1,1,1) (S 16,1,3) (S 19,4,6) (S 27,6,6) (S 28,4,4) (D 1,1,1)
