314
9
1644300
1748278478
0 1 1 35 47 3 (D 1,1,1) (S 17,4,4) (D 1,1,1)
0 1 2 27 35 3 (D 1,1,1) (S 18,7,7) (D 1,1,1)
0 1 3 12 43 4 (D 1,1,1) (S 2,8,9) (S 19,9,9) (D 1,1,1)
0 1 4 21 39 5 (D 1,1,1) (S 3,2,3) (S 10,3,6) (S 20,6,6) (D 1,1,1)
0 1 5 23 14 5 (D 1,1,1) (S 0,6,7) (S 6,7,9) (S 9,1,8) (D 1,1,1)
0 1 6 26 27 6 (D 1,1,1) (S 1,1,6) (S 5,2,5) (S 12,4,2) (S 14,2,2) (D 1,1,1)
0 1 7 25 43 4 (D 1,1,1) (S 4,5,6) (S 8,1,9) (D 1,1,1)
0 1 8 35 52 4 (D 1,1,1) (S 13,2,1) (S 15,5,5) (D 1,1,1)
0 1 9 41 14 5 (D 1,1,1) (S 7,8,10) (S 11,7,8) (S 16,3,3) (D 1,1,1)
