121399
82
7164136500
1748276232
0 1 1 75 129 3 (D 507,1,1) (S 247,228,228) (D 507,1,1)
0 1 2 90 3082 6 (D 507,1,1) (S 88,110,374) (S 225,110,110) (S 302,109,109) (S 369,241,241) (D 507,1,1)
0 1 3 48 3018 5 (D 507,1,1) (S 3,380,381) (S 235,242,242) (S 385,255,255) (D 507,1,1)
0 1 4 56 2623 6 (D 507,1,1) (S 27,378,379) (S 166,116,116) (S 372,256,256) (S 416,112,112) (D 507,1,1)
0 1 5 96 2342 6 (D 507,1,1) (S 152,272,272) (S 180,265,265) (S 283,107,107) (S 421,135,135) (D 507,1,1)
0 1 6 179 3210 9 (D 507,1,1) (S 105,390,391) (S 120,128,128) (S 161,268,268) (S 182,131,131) (S 221,254,254) (S 252,117,117) (S 282,257,257) (D 507,1,1)
0 1 7 110 2540 6 (D 507,1,1) (S 31,375,376) (S 289,108,108) (S 349,271,271) (S 392,134,134) (D 507,1,1)
0 1 8 82 2112 5 (D 507,1,1) (S 130,269,269) (S 249,275,275) (S 338,266,266) (D 507,1,1)
0 1 9 459 3253 9 (D 507,1,1) (S 43,394,395) (S 74,245,377) (S 165,114,114) (S 229,111,111) (S 357,105,105) (S 358,127,127) (S 404,270,270) (D 507,1,1)
0 1 10 73 2123 7 (D 507,1,1) (S 77,421,429) (S 96,421,422) (S 146,141,141) (S 272,142,142) (S 309,292,292) (D 507,1,1)
0 1 11 189 2246 7 (D 507,1,1) (S 86,132,392) (S 153,267,267) (S 186,132,132) (S 217,273,273) (S 287,258,258) (D 507,1,1)
0 1 12 100 1700 5 (D 507,1,1) (S 28,277,296) (S 277,277,277) (S 394,296,296) (D 507,1,1)
0 1 13 84 1988 8 (D 507,1,1) (S 71,415,417) (S 87,415,416) (S 157,157,157) (S 174,119,119) (S 403,150,150) (S 413,290,290) (D 507,1,1)
0 1 14 285 2957 8 (D 507,1,1) (S 46,180,428) (S 101,385,386) (S 184,121,121) (S 205,243,243) (S 320,248,248) (S 323,247,247) (D 507,1,1)
0 1 15 38 1644 5 (D 507,1,1) (S 49,400,420) (S 125,180,180) (S 379,161,161) (D 507,1,1)
0 1 16 45 1717 5 (D 507,1,1) (S 67,139,400) (S 253,139,139) (S 411,162,162) (D 507,1,1)
0 1 17 137 2031 6 (D 507,1,1) (S 33,383,384) (S 149,264,264) (S 299,250,250) (S 391,126,126) (D 507,1,1)
0 1 18 137 1907 9 (D 507,1,1) (S 36,138,387) (S 69,388,389) (S 81,387,388) (S 234,163,163) (S 286,173,173) (S 324,152,152) (S 380,297,297) (D 507,1,1)
0 1 19 216 1844 6 (D 507,1,1) (S 25,424,425) (S 57,287,406) (S 256,183,183) (S 343,287,287) (D 507,1,1)
0 1 20 230 2050 8 (D 507,1,1) (S 89,397,398) (S 110,165,402) (S 145,182,182) (S 167,169,169) (S 316,151,151) (S 406,291,291) (D 507,1,1)
0 1 21 57 1372 8 (D 507,1,1) (S 62,200,410) (S 199,188,188) (S 212,201,201) (S 296,185,185) (S 359,171,171) (S 397,283,283) (D 507,1,1)
0 1 22 33 1303 7 (D 507,1,1) (S 32,178,423) (S 220,172,172) (S 245,178,178) (S 257,191,191) (S 311,295,295) (D 507,1,1)
0 1 23 297 2151 9 (D 507,1,1) (S 47,418,436) (S 94,436,437) (S 106,287,430) (S 112,396,397) (S 121,190,190) (S 307,176,176) (S 342,167,167) (D 507,1,1)
0 1 24 142 2172 9 (D 507,1,1) (S 10,174,188) (S 102,281,412) (S 209,260,260) (S 292,122,122) (S 300,120,120) (S 351,262,262) (S 354,294,294) (D 507,1,1)
0 1 25 113 2280 6 (D 507,1,1) (S 103,432,433) (S 128,252,252) (S 239,249,249) (S 370,251,251) (D 507,1,1)
0 1 26 308 2680 7 (D 507,1,1) (S 129,197,197) (S 168,240,240) (S 170,104,104) (S 401,106,106) (S 412,261,261) (D 507,1,1)
0 1 27 157 2276 10 (D 507,1,1) (S 113,180,440) (S 124,125,125) (S 138,130,130) (S 192,136,136) (S 195,133,133) (S 304,124,124) (S 327,138,138) (S 393,145,145) (D 507,1,1)
0 1 28 119 1888 8 (D 507,1,1) (S 30,201,432) (S 115,174,186) (S 172,159,159) (S 208,160,160) (S 337,164,164) (S 415,280,280) (D 507,1,1)
0 1 29 37 1323 5 (D 507,1,1) (S 19,189,431) (S 314,147,147) (S 417,189,189) (D 507,1,1)
0 1 30 220 1960 5 (D 507,1,1) (S 79,398,426) (S 156,123,123) (S 375,302,302) (D 507,1,1)
0 1 31 208 2265 7 (D 507,1,1) (S 99,441,442) (S 158,200,200) (S 219,263,263) (S 285,118,118) (S 399,155,155) (D 507,1,1)
0 1 32 208 2073 7 (D 507,1,1) (S 104,171,411) (S 223,281,281) (S 226,289,289) (S 329,153,153) (S 361,288,288) (D 507,1,1)
0 1 33 256 1752 9 (D 507,1,1) (S 64,434,435) (S 68,438,439) (S 123,299,299) (S 246,298,298) (S 248,193,193) (S 278,168,168) (S 387,148,148) (D 507,1,1)
0 1 34 88 2370 6 (D 507,1,1) (S 15,259,382) (S 191,259,259) (S 318,113,113) (S 328,285,285) (D 507,1,1)
0 1 35 63 1707 8 (D 507,1,1) (S 97,143,401) (S 231,166,166) (S 232,177,177) (S 260,143,143) (S 295,174,174) (S 377,144,144) (D 507,1,1)
0 1 36 123 1711 6 (D 507,1,1) (S 109,405,409) (S 131,284,284) (S 196,137,137) (S 398,301,301) (D 507,1,1)
0 1 37 345 2021 7 (D 507,1,1) (S 29,175,176) (S 72,140,296) (S 108,175,443) (S 301,175,175) (S 332,237,237) (D 507,1,1)
0 1 38 71 1584 7 (D 507,1,1) (S 111,407,408) (S 183,186,186) (S 290,170,170) (S 360,179,179) (S 386,24,24) (D 507,1,1)
0 1 39 285 1987 6 (D 507,1,1) (S 12,398,399) (S 34,398,402) (S 341,165,165) (S 347,103,103) (D 507,1,1)
0 1 40 34 468 6 (D 507,1,1) (S 17,21,41) (S 38,41,326) (S 407,41,41) (S 409,28,28) (D 507,1,1)
0 1 41 116 639 7 (D 507,1,1) (S 7,332,333) (S 84,342,343) (S 291,32,32) (S 345,35,35) (S 352,69,69) (D 507,1,1)
0 1 42 472 2070 12 (D 507,1,1) (S 0,413,414) (S 14,179,427) (S 20,149,403) (S 139,192,192) (S 148,154,154) (S 188,184,184) (S 207,149,149) (S 281,158,158) (S 356,37,37) (S 384,211,211) (D 507,1,1)
0 1 43 139 1353 7 (D 507,1,1) (S 202,181,181) (S 210,146,146) (S 308,187,187) (S 382,196,196) (S 419,213,213) (D 507,1,1)
0 1 44 112 552 7 (D 507,1,1) (S 18,362,363) (S 41,11,305) (S 155,12,12) (S 363,11,11) (S 366,234,234) (D 507,1,1)
0 1 45 31 297 4 (D 507,1,1) (S 98,18,308) (S 322,18,18) (D 507,1,1)
0 1 46 14 298 4 (D 507,1,1) (S 21,347,348) (S 275,26,26) (D 507,1,1)
0 1 47 168 618 7 (D 507,1,1) (S 51,22,316) (S 162,15,15) (S 250,38,38) (S 315,230,230) (S 336,214,214) (D 507,1,1)
0 1 48 122 538 8 (D 507,1,1) (S 45,74,345) (S 56,75,234) (S 144,86,86) (S 159,88,88) (S 164,13,13) (S 402,82,82) (D 507,1,1)
0 1 49 216 542 5 (D 507,1,1) (S 16,75,346) (S 254,73,73) (S 319,74,74) (D 507,1,1)
0 1 50 148 468 9 (D 507,1,1) (S 54,314,315) (S 70,58,314) (S 134,71,71) (S 237,60,60) (S 261,85,85) (S 335,98,98) (S 383,27,27) (D 507,1,1)
0 1 51 99 423 6 (D 507,1,1) (S 60,9,317) (S 151,21,21) (S 274,39,39) (S 340,9,9) (D 507,1,1)
0 1 52 258 2814 8 (D 507,1,1) (S 13,364,365) (S 40,391,393) (S 132,129,129) (S 222,276,276) (S 297,245,245) (S 325,274,274) (D 507,1,1)
0 1 53 370 1099 8 (D 507,1,1) (S 22,56,334) (S 76,43,55) (S 178,236,236) (S 181,80,80) (S 204,10,10) (S 273,65,65) (D 507,1,1)
0 1 54 220 975 9 (D 507,1,1) (S 2,366,367) (S 6,231,361) (S 90,204,303) (S 116,372,373) (S 213,43,43) (S 224,55,55) (S 410,96,96) (D 507,1,1)
0 1 55 25 199 7 (D 507,1,1) (S 39,351,352) (S 143,31,31) (S 241,46,46) (S 305,222,222) (S 374,67,67) (D 507,1,1)
0 1 56 290 636 7 (D 507,1,1) (S 163,102,102) (S 187,64,64) (S 227,223,223) (S 244,77,77) (S 271,75,75) (D 507,1,1)
0 1 57 224 534 7 (D 507,1,1) (S 126,53,53) (S 140,232,232) (S 160,99,99) (S 350,100,100) (S 367,94,94) (D 507,1,1)
0 1 58 141 1712 7 (D 507,1,1) (S 189,279,279) (S 240,286,286) (S 288,282,282) (S 306,42,42) (S 362,218,218) (D 507,1,1)
0 1 59 108 1332 7 (D 507,1,1) (S 11,404,405) (S 135,195,195) (S 258,194,194) (S 270,293,293) (S 279,2,2) (D 507,1,1)
0 1 60 95 2486 8 (D 507,1,1) (S 37,354,359) (S 141,244,244) (S 171,115,115) (S 262,253,253) (S 333,246,246) (S 395,239,239) (D 507,1,1)
0 1 61 60 264 7 (D 507,1,1) (S 85,353,354) (S 206,59,59) (S 218,84,84) (S 326,83,83) (S 346,48,48) (D 507,1,1)
0 1 62 230 1062 10 (D 507,1,1) (S 53,346,356) (S 58,45,344) (S 80,309,310) (S 173,40,40) (S 216,29,29) (S 348,45,45) (S 353,5,5) (S 365,66,66) (D 507,1,1)
0 1 63 531 2165 8 (D 507,1,1) (S 63,418,419) (S 228,300,300) (S 233,202,202) (S 236,278,278) (S 264,156,156) (S 266,206,206) (D 507,1,1)
0 1 64 84 440 8 (D 507,1,1) (S 95,317,331) (S 117,61,340) (S 175,50,50) (S 364,62,62) (S 388,79,79) (S 405,92,92) (D 507,1,1)
0 1 65 202 522 7 (D 507,1,1) (S 66,97,234) (S 83,97,327) (S 203,97,97) (S 242,57,57) (S 284,58,58) (D 507,1,1)
0 1 66 39 365 6 (D 507,1,1) (S 52,324,325) (S 55,311,329) (S 176,61,61) (S 389,90,90) (D 507,1,1)
0 1 67 307 954 8 (D 507,1,1) (S 42,319,360) (S 50,306,307) (S 150,235,235) (S 368,1,1) (S 373,208,208) (S 381,91,91) (D 507,1,1)
0 1 68 432 924 9 (D 507,1,1) (S 4,312,313) (S 8,320,321) (S 127,233,233) (S 201,93,93) (S 211,231,231) (S 293,204,204) (S 310,33,33) (D 507,1,1)
0 1 69 323 1009 7 (D 507,1,1) (S 136,216,216) (S 177,205,205) (S 243,68,68) (S 390,101,101) (S 396,4,4) (D 507,1,1)
0 1 70 49 399 7 (D 507,1,1) (S 107,36,322) (S 214,19,19) (S 251,49,49) (S 339,219,219) (S 414,16,16) (D 507,1,1)
0 1 71 193 1887 9 (D 507,1,1) (S 9,143,170) (S 133,140,140) (S 185,198,198) (S 265,199,199) (S 267,217,217) (S 317,209,209) (S 331,227,227) (D 507,1,1)
0 1 72 211 688 9 (D 507,1,1) (S 1,9,323) (S 5,50,340) (S 23,318,319) (S 26,76,355) (S 179,76,76) (S 303,56,56) (S 344,34,34) (D 507,1,1)
0 1 73 236 593 4 (D 507,1,1) (S 92,340,341) (S 269,44,44) (D 507,1,1)
0 1 74 89 422 8 (D 507,1,1) (S 91,48,368) (S 122,212,212) (S 142,20,20) (S 200,3,3) (S 312,81,81) (S 408,17,17) (D 507,1,1)
0 1 75 477 880 7 (D 507,1,1) (S 137,229,229) (S 169,215,215) (S 298,203,203) (S 371,22,22) (S 418,72,72) (D 507,1,1)
0 1 76 611 1455 10 (D 507,1,1) (S 24,349,350) (S 48,204,320) (S 59,33,233) (S 82,231,304) (S 119,338,339) (S 154,225,225) (S 230,52,52) (S 330,207,207) (D 507,1,1)
0 1 77 196 951 11 (D 507,1,1) (S 93,322,330) (S 190,238,238) (S 197,95,95) (S 238,47,47) (S 259,224,224) (S 263,23,23) (S 355,210,210) (S 378,220,220) (S 420,14,14) (D 507,1,1)
0 1 78 282 606 7 (D 507,1,1) (S 73,8,25) (S 78,25,311) (S 194,89,89) (S 280,51,51) (S 376,54,54) (D 507,1,1)
0 1 79 501 975 7 (D 507,1,1) (S 61,335,336) (S 65,28,317) (S 114,357,358) (S 198,6,6) (S 321,7,7) (D 507,1,1)
0 1 80 366 692 6 (D 507,1,1) (S 35,328,329) (S 44,7,36) (S 276,36,36) (S 334,8,8) (D 507,1,1)
0 1 81 850 1499 8 (D 507,1,1) (S 75,229,337) (S 100,63,369) (S 193,78,78) (S 255,63,63) (S 294,221,221) (S 400,226,226) (D 507,1,1)
0 1 82 806 1203 7 (D 507,1,1) (S 118,370,371) (S 147,25,25) (S 215,30,30) (S 268,87,87) (S 313,70,70) (D 507,1,1)
