3922
24
39367500
1748195717
0 1 1 74 173 13 (D 1,1,1) (S 1,42,42) (S 21,44,44) (S 97,44,42) (S 201,42,44) (S 90,44,49) (S 145,49,50) (S 160,49,44) (S 99,49,48) (S 8,36,36) (S 20,37,37) (S 26,19,19) (D 1,1,1)
0 1 2 75 181 12 (D 1,1,1) (S 2,39,39) (S 102,39,33) (S 22,33,33) (S 71,33,46) (S 48,33,39) (S 112,39,29) (S 174,29,39) (S 118,29,33) (S 101,33,29) (S 143,33,34) (D 1,1,1)
0 1 3 75 186 12 (D 1,1,1) (S 3,38,38) (S 73,43,50) (S 103,38,45) (S 135,38,43) (S 161,43,38) (S 169,43,42) (S 177,43,45) (S 183,38,28) (S 229,38,37) (S 24,43,43) (D 1,1,1)
0 1 4 71 135 11 (D 1,1,1) (S 4,20,20) (S 75,20,30) (S 65,20,19) (S 12,12,12) (S 33,6,6) (S 41,5,1) (S 42,7,2) (S 157,2,7) (S 122,7,13) (D 1,1,1)
0 1 5 70 182 10 (D 1,1,1) (S 5,10,10) (S 57,10,4) (S 129,4,10) (S 200,10,17) (S 51,4,3) (S 175,3,4) (S 98,9,10) (S 53,3,9) (D 1,1,1)
0 1 6 71 205 11 (D 1,1,1) (S 6,16,16) (S 17,17,17) (S 130,17,10) (S 133,17,25) (S 137,25,17) (S 225,25,28) (S 114,17,16) (S 216,16,17) (S 163,16,9) (D 1,1,1)
0 1 7 72 139 11 (D 1,1,1) (S 7,8,8) (S 52,8,9) (S 18,9,9) (S 127,9,3) (S 32,3,3) (S 214,3,2) (S 132,9,15) (S 47,8,7) (S 196,7,8) (D 1,1,1)
0 1 8 74 140 12 (D 1,1,1) (S 9,14,14) (S 19,22,22) (S 82,22,23) (S 181,22,21) (S 28,23,23) (S 212,22,14) (S 166,23,15) (S 95,8,14) (S 189,14,8) (S 195,14,15) (D 1,1,1)
0 1 9 71 151 10 (D 1,1,1) (S 10,28,28) (S 124,28,38) (S 37,32,38) (S 23,32,32) (S 105,32,24) (S 208,24,25) (S 106,32,31) (S 131,31,37) (D 1,1,1)
0 1 10 71 148 11 (D 1,1,1) (S 11,30,30) (S 14,46,46) (S 120,46,33) (S 138,47,46) (S 207,46,47) (S 173,47,48) (S 176,47,40) (S 142,26,34) (S 30,26,26) (D 1,1,1)
0 1 11 75 153 12 (D 1,1,1) (S 13,49,49) (S 38,41,42) (S 88,49,41) (S 31,48,48) (S 70,41,35) (S 111,35,36) (S 66,41,40) (S 40,40,47) (S 25,35,35) (S 36,19,26) (D 1,1,1)
0 1 12 70 139 10 (D 1,1,1) (S 15,18,18) (S 67,18,5) (S 34,11,11) (S 221,11,5) (S 194,30,20) (S 224,20,21) (S 213,20,12) (S 223,12,13) (D 1,1,1)
0 1 13 70 182 11 (D 1,1,1) (S 16,31,31) (S 119,31,23) (S 46,23,22) (S 178,50,43) (S 205,37,38) (S 197,37,43) (S 179,50,49) (S 185,37,32) (S 211,50,45) (D 1,1,1)
0 1 14 71 160 10 (D 1,1,1) (S 27,24,24) (S 83,24,32) (S 85,24,16) (S 100,16,24) (S 78,24,23) (S 110,23,24) (S 96,23,31) (S 80,16,15) (D 1,1,1)
0 1 15 75 158 11 (D 1,1,1) (S 29,5,5) (S 60,5,18) (S 146,5,11) (S 141,5,6) (S 165,6,5) (S 180,6,12) (S 58,11,12) (S 151,12,11) (S 69,12,6) (D 1,1,1)
0 1 16 74 174 10 (D 1,1,1) (S 35,27,27) (S 123,27,36) (S 115,27,35) (S 50,27,31) (S 147,21,27) (S 219,27,21) (S 64,21,22) (S 39,26,19) (D 1,1,1)
0 1 17 63 133 12 (D 1,1,1) (S 43,14,13) (S 76,13,21) (S 162,13,7) (S 190,13,14) (S 54,12,20) (S 72,13,12) (S 187,21,20) (S 63,13,6) (S 199,21,13) (S 144,7,6) (D 1,1,1)
0 1 18 75 187 14 (D 1,1,1) (S 44,37,31) (S 62,31,22) (S 107,42,41) (S 149,41,49) (S 206,41,48) (S 226,48,49) (S 155,48,41) (S 192,48,47) (S 116,35,34) (S 167,36,27) (S 184,27,30) (S 79,15,14) (D 1,1,1)
0 1 19 63 142 9 (D 1,1,1) (S 45,2,1) (S 49,1,2) (S 202,1,5) (S 117,6,7) (S 121,6,13) (S 59,1,6) (S 56,6,1) (D 1,1,1)
0 1 20 75 162 16 (D 1,1,1) (S 55,33,40) (S 68,40,41) (S 186,40,33) (S 109,34,33) (S 77,34,35) (S 84,34,40) (S 140,40,34) (S 139,30,27) (S 87,34,30) (S 113,30,34) (S 61,26,29) (S 92,34,26) (S 93,26,30) (S 128,30,26) (D 1,1,1)
0 1 21 70 179 13 (D 1,1,1) (S 74,45,43) (S 91,45,50) (S 89,45,38) (S 108,50,44) (S 198,44,50) (S 125,36,42) (S 126,42,43) (S 153,42,36) (S 104,43,37) (S 81,36,37) (S 148,37,36) (D 1,1,1)
0 1 22 75 136 12 (D 1,1,1) (S 86,29,18) (S 168,18,29) (S 210,18,26) (S 209,18,19) (S 227,19,18) (S 159,19,11) (S 171,11,19) (S 94,19,20) (S 182,29,26) (S 228,26,18) (D 1,1,1)
0 1 23 73 202 13 (D 1,1,1) (S 134,38,32) (S 172,32,28) (S 156,28,32) (S 170,28,25) (S 191,32,37) (S 136,31,32) (S 193,31,27) (S 220,25,24) (S 152,36,35) (S 218,35,41) (S 158,35,27) (D 1,1,1)
0 1 24 72 175 11 (D 1,1,1) (S 150,10,9) (S 217,9,16) (S 215,9,8) (S 164,2,3) (S 188,14,22) (S 203,15,16) (S 222,15,9) (S 154,15,23) (S 204,22,31) (D 1,1,1)
