25878
24
2150100
1748196194
0 1 1 1347 1833 6 (D 1,1,1) (S 1,14,14) (S 12,14,15) (S 3,15,15) (S 26,15,22) (D 1,1,1)
0 1 2 946 1359 6 (D 1,1,1) (S 2,3,3) (S 34,3,8) (S 39,8,9) (S 16,9,14) (D 1,1,1)
0 1 3 869 1397 4 (D 1,1,1) (S 4,22,22) (S 41,22,29) (D 1,1,1)
0 1 4 876 1261 5 (D 1,1,1) (S 5,11,11) (S 9,11,18) (S 28,18,19) (D 1,1,1)
0 1 5 647 1089 5 (D 1,1,1) (S 6,24,24) (S 31,24,26) (S 48,26,25) (D 1,1,1)
0 1 6 1300 1741 6 (D 1,1,1) (S 7,6,7) (S 43,7,8) (S 46,8,13) (S 44,13,17) (D 1,1,1)
0 1 7 226 689 3 (D 1,1,1) (S 8,21,28) (D 1,1,1)
0 1 8 154 544 3 (D 1,1,1) (S 10,10,15) (D 1,1,1)
0 1 9 334 520 3 (D 1,1,1) (S 11,2,7) (D 1,1,1)
0 1 10 148 479 3 (D 1,1,1) (S 13,5,10) (D 1,1,1)
0 1 11 449 647 3 (D 1,1,1) (S 14,2,3) (D 1,1,1)
0 1 12 835 1302 4 (D 1,1,1) (S 15,19,20) (S 27,20,27) (D 1,1,1)
0 1 13 785 1201 5 (D 1,1,1) (S 17,12,16) (S 22,16,19) (S 21,19,24) (D 1,1,1)
0 1 14 1196 1765 5 (D 1,1,1) (S 18,26,27) (S 30,27,28) (S 42,28,29) (D 1,1,1)
0 1 15 590 959 4 (D 1,1,1) (S 19,12,13) (S 24,13,14) (D 1,1,1)
0 1 16 1339 1720 5 (D 1,1,1) (S 20,3,4) (S 45,4,9) (S 33,9,10) (D 1,1,1)
0 1 17 777 1179 4 (D 1,1,1) (S 23,18,23) (S 38,23,24) (D 1,1,1)
0 1 18 480 824 3 (D 1,1,1) (S 25,23,25) (D 1,1,1)
0 1 19 450 693 3 (D 1,1,1) (S 29,4,5) (D 1,1,1)
0 1 20 771 1120 5 (D 1,1,1) (S 32,6,11) (S 50,11,12) (S 47,12,7) (D 1,1,1)
0 1 21 634 751 3 (D 1,1,1) (S 35,1,2) (D 1,1,1)
0 1 22 531 663 3 (D 1,1,1) (S 36,1,6) (D 1,1,1)
0 1 23 929 1313 4 (D 1,1,1) (S 37,20,21) (S 49,21,17) (D 1,1,1)
0 1 24 480 829 3 (D 1,1,1) (S 40,16,17) (D 1,1,1)
