230
7
6219900
1748278478
0 1 1 32 42 3 (D 1,1,1) (S 28,3,3) (D 1,1,1)
0 1 2 9 15 6 (D 1,1,1) (S 2,2,3) (S 11,3,8) (S 18,4,5) (S 29,5,5) (D 1,1,1)
0 1 3 20 25 7 (D 1,1,1) (S 1,6,7) (S 5,4,6) (S 9,2,8) (S 23,8,8) (S 27,4,4) (D 1,1,1)
0 1 4 25 40 9 (D 1,1,1) (S 6,1,2) (S 8,1,6) (S 12,6,8) (S 14,1,7) (S 16,1,5) (S 19,5,9) (S 24,6,6) (D 1,1,1)
0 1 5 34 48 8 (D 1,1,1) (S 3,3,5) (S 4,2,5) (S 10,5,8) (S 15,4,7) (S 22,7,7) (S 26,9,9) (D 1,1,1)
0 1 6 12 26 4 (D 1,1,1) (S 7,4,8) (S 13,1,8) (D 1,1,1)
0 1 7 21 34 7 (D 1,1,1) (S 0,5,7) (S 17,7,9) (S 20,1,4) (S 21,2,7) (S 25,2,2) (D 1,1,1)
