851
15
21444900
1748278484
0 1 1 32 74 6 (D 1,1,1) (S 0,19,22) (S 15,22,20) (S 36,20,22) (S 52,19,19) (D 1,1,1)
0 1 2 31 75 5 (D 1,1,1) (S 2,19,21) (S 23,18,19) (S 47,21,21) (D 1,1,1)
0 1 3 23 50 5 (D 1,1,1) (S 1,23,24) (S 8,23,26) (S 49,23,23) (D 1,1,1)
0 1 4 19 47 5 (D 1,1,1) (S 17,31,1) (S 25,4,3) (S 59,3,3) (D 1,1,1)
0 1 5 34 56 7 (D 1,1,1) (S 9,25,28) (S 20,29,28) (S 22,28,26) (S 33,26,28) (S 48,28,28) (D 1,1,1)
0 1 6 30 53 7 (D 1,1,1) (S 27,2,1) (S 29,4,13) (S 30,13,12) (S 37,11,6) (S 40,6,11) (D 1,1,1)
0 1 7 24 51 6 (D 1,1,1) (S 4,6,7) (S 6,8,9) (S 18,9,4) (S 57,4,4) (D 1,1,1)
0 1 8 32 51 8 (D 1,1,1) (S 11,10,16) (S 14,10,5) (S 19,5,10) (S 39,10,14) (S 42,14,14) (S 56,10,10) (D 1,1,1)
0 1 9 34 60 6 (D 1,1,1) (S 10,14,15) (S 43,15,15) (S 51,16,16) (S 60,17,17) (D 1,1,1)
0 1 10 20 40 6 (D 1,1,1) (S 3,5,31) (S 32,31,28) (S 41,24,24) (S 50,27,27) (D 1,1,1)
0 1 11 51 96 8 (D 1,1,1) (S 5,13,19) (S 12,9,13) (S 13,12,11) (S 24,11,12) (S 35,12,18) (S 54,18,18) (D 1,1,1)
0 1 12 27 52 4 (D 1,1,1) (S 38,12,8) (S 53,7,7) (D 1,1,1)
0 1 13 37 63 7 (D 1,1,1) (S 21,8,7) (S 26,7,8) (S 31,2,8) (S 34,8,2) (S 45,29,29) (D 1,1,1)
0 1 14 22 31 4 (D 1,1,1) (S 28,29,30) (S 55,30,30) (D 1,1,1)
0 1 15 35 52 7 (D 1,1,1) (S 7,6,31) (S 16,5,6) (S 44,6,6) (S 46,31,31) (S 58,2,2) (D 1,1,1)
