1297
18
53865900
1748278480
0 1 1 11 48 4 (D 1,1,1) (S 8,12,13) (S 47,13,16) (D 1,1,1)
0 1 2 27 81 7 (D 1,1,1) (S 12,16,17) (S 14,22,29) (S 38,25,30) (S 56,30,25) (S 81,22,22) (D 1,1,1)
0 1 3 28 85 6 (D 1,1,1) (S 0,26,30) (S 62,25,29) (S 63,25,22) (S 72,29,29) (D 1,1,1)
0 1 4 35 101 10 (D 1,1,1) (S 9,22,23) (S 23,18,26) (S 31,30,23) (S 41,23,30) (S 45,28,24) (S 46,20,16) (S 75,11,11) (S 82,6,6) (D 1,1,1)
0 1 5 14 56 5 (D 1,1,1) (S 29,16,12) (S 61,12,16) (S 71,13,13) (D 1,1,1)
0 1 6 41 98 9 (D 1,1,1) (S 3,7,12) (S 10,20,24) (S 27,24,28) (S 48,28,21) (S 55,21,28) (S 65,21,20) (S 83,27,27) (D 1,1,1)
0 1 7 26 61 6 (D 1,1,1) (S 11,14,15) (S 20,15,9) (S 51,10,3) (S 77,3,3) (D 1,1,1)
0 1 8 30 75 8 (D 1,1,1) (S 19,6,11) (S 26,16,11) (S 35,16,20) (S 37,20,27) (S 57,27,20) (S 79,20,20) (D 1,1,1)
0 1 9 43 101 8 (D 1,1,1) (S 5,13,17) (S 7,18,19) (S 32,18,17) (S 36,21,22) (S 60,22,21) (S 69,16,16) (D 1,1,1)
0 1 10 12 31 5 (D 1,1,1) (S 22,8,7) (S 67,7,6) (S 70,4,4) (D 1,1,1)
0 1 11 38 70 7 (D 1,1,1) (S 2,14,17) (S 24,17,18) (S 40,18,23) (S 74,23,23) (S 80,15,15) (D 1,1,1)
0 1 12 17 41 5 (D 1,1,1) (S 30,4,6) (S 50,7,8) (S 52,8,13) (D 1,1,1)
0 1 13 57 122 8 (D 1,1,1) (S 13,8,14) (S 17,13,14) (S 18,21,29) (S 28,24,21) (S 66,21,24) (S 78,28,28) (D 1,1,1)
0 1 14 31 69 7 (D 1,1,1) (S 1,10,15) (S 6,23,26) (S 44,26,18) (S 58,17,22) (S 59,8,1) (D 1,1,1)
0 1 15 45 76 8 (D 1,1,1) (S 4,1,2) (S 16,10,19) (S 21,9,15) (S 53,9,10) (S 73,10,10) (S 76,2,2) (D 1,1,1)
0 1 16 39 92 6 (D 1,1,1) (S 34,15,8) (S 39,20,11) (S 43,12,11) (S 64,11,16) (D 1,1,1)
0 1 17 27 30 6 (D 1,1,1) (S 25,1,9) (S 33,9,2) (S 42,1,5) (S 49,5,1) (D 1,1,1)
0 1 18 45 60 5 (D 1,1,1) (S 15,4,5) (S 54,5,8) (S 68,8,8) (D 1,1,1)
