112473
91
14819887500
1748276897
0 1 1 28 1238 4 (D 325,1,1) (S 8,381,382) (S 444,144,144) (D 325,1,1)
0 1 2 74 1485 9 (D 325,1,1) (S 45,232,233) (S 141,25,234) (S 300,25,25) (S 327,59,59) (S 357,128,128) (S 420,103,103) (S 471,54,54) (D 325,1,1)
0 1 3 70 1110 7 (D 325,1,1) (S 31,4,119) (S 254,205,262) (S 307,119,119) (S 429,5,5) (S 435,76,76) (D 325,1,1)
0 1 4 67 1341 7 (D 325,1,1) (S 43,402,403) (S 65,455,456) (S 355,73,73) (S 411,83,83) (S 434,189,189) (D 325,1,1)
0 1 5 82 1154 6 (D 325,1,1) (S 9,101,379) (S 365,101,101) (S 417,154,154) (S 425,104,104) (D 325,1,1)
0 1 6 132 1330 7 (D 325,1,1) (S 15,333,334) (S 146,76,320) (S 289,4,4) (S 405,137,137) (S 433,178,178) (D 325,1,1)
0 1 7 67 1294 8 (D 325,1,1) (S 4,407,408) (S 199,391,392) (S 226,74,315) (S 277,74,74) (S 346,111,111) (S 450,38,38) (D 325,1,1)
0 1 8 31 1237 6 (D 325,1,1) (S 21,16,337) (S 233,265,266) (S 310,127,127) (S 421,168,168) (D 325,1,1)
0 1 9 171 1628 11 (D 325,1,1) (S 55,245,273) (S 113,94,251) (S 145,272,273) (S 162,305,411) (S 209,128,214) (S 273,232,383) (S 392,14,14) (S 404,175,175) (S 468,31,31) (D 325,1,1)
0 1 10 344 1877 8 (D 325,1,1) (S 135,213,214) (S 208,59,294) (S 220,111,392) (S 308,37,37) (S 364,11,11) (S 367,13,13) (D 325,1,1)
0 1 11 262 1697 12 (D 325,1,1) (S 54,29,306) (S 179,305,306) (S 215,76,324) (S 272,236,237) (S 297,39,39) (S 305,29,29) (S 333,19,19) (S 334,30,30) (S 370,135,135) (S 386,118,118) (D 325,1,1)
0 1 12 106 1096 6 (D 325,1,1) (S 75,272,274) (S 90,250,251) (S 412,94,94) (S 474,182,182) (D 325,1,1)
0 1 13 43 945 8 (D 325,1,1) (S 7,44,384) (S 147,110,195) (S 184,110,398) (S 258,110,159) (S 301,159,159) (S 461,110,110) (D 325,1,1)
0 1 14 291 1525 6 (D 325,1,1) (S 29,244,245) (S 58,245,267) (S 237,281,282) (S 257,251,268) (D 325,1,1)
0 1 15 11 721 4 (D 325,1,1) (S 18,1,204) (S 440,1,1) (D 325,1,1)
0 1 16 276 1617 8 (D 325,1,1) (S 50,73,284) (S 100,455,475) (S 200,283,284) (S 311,67,67) (S 348,163,163) (S 360,143,143) (D 325,1,1)
0 1 17 52 762 6 (D 325,1,1) (S 1,486,487) (S 240,120,121) (S 441,22,22) (S 473,120,120) (D 325,1,1)
0 1 18 29 683 4 (D 325,1,1) (S 2,466,467) (S 428,180,180) (D 325,1,1)
0 1 19 270 1618 7 (D 325,1,1) (S 81,177,337) (S 163,396,397) (S 323,6,6) (S 391,109,109) (S 438,177,177) (D 325,1,1)
0 1 20 39 886 10 (D 325,1,1) (S 115,473,474) (S 279,61,61) (S 285,86,86) (S 299,114,114) (S 340,58,58) (S 401,136,136) (S 430,126,126) (S 436,117,117) (D 325,1,1)
0 1 21 22 748 7 (D 325,1,1) (S 60,28,238) (S 169,238,318) (S 221,317,318) (S 295,99,99) (S 475,69,69) (D 325,1,1)
0 1 22 63 836 7 (D 325,1,1) (S 32,106,332) (S 97,26,332) (S 149,260,269) (S 214,106,358) (S 446,65,65) (D 325,1,1)
0 1 23 183 1071 5 (D 325,1,1) (S 133,179,309) (S 283,140,140) (S 400,81,81) (D 325,1,1)
0 1 24 143 877 5 (D 325,1,1) (S 72,50,278) (S 278,50,50) (S 359,172,172) (D 325,1,1)
0 1 25 70 741 5 (D 325,1,1) (S 11,481,482) (S 302,170,170) (S 343,201,201) (D 325,1,1)
0 1 26 234 1192 10 (D 325,1,1) (S 53,366,417) (S 143,28,239) (S 150,89,401) (S 250,24,293) (S 294,123,123) (S 321,89,89) (S 419,24,24) (S 456,195,195) (D 325,1,1)
0 1 27 80 1148 8 (D 325,1,1) (S 5,96,329) (S 13,347,464) (S 56,263,264) (S 290,190,190) (S 309,105,105) (S 452,90,90) (D 325,1,1)
0 1 28 107 1028 7 (D 325,1,1) (S 40,102,476) (S 170,225,310) (S 319,46,46) (S 373,47,47) (S 431,179,179) (D 325,1,1)
0 1 29 407 1989 6 (D 325,1,1) (S 174,354,355) (S 181,399,400) (S 212,4,205) (S 243,5,434) (D 325,1,1)
0 1 30 351 1111 7 (D 325,1,1) (S 117,230,290) (S 193,202,203) (S 358,203,203) (S 382,202,202) (S 395,121,121) (D 325,1,1)
0 1 31 262 1456 7 (D 325,1,1) (S 66,414,415) (S 67,29,30) (S 298,48,48) (S 379,51,51) (S 449,35,35) (D 325,1,1)
0 1 32 189 1079 10 (D 325,1,1) (S 3,390,405) (S 78,314,389) (S 85,70,80) (S 155,226,307) (S 246,141,310) (S 354,72,72) (S 458,71,71) (S 460,92,92) (D 325,1,1)
0 1 33 198 1264 9 (D 325,1,1) (S 110,375,376) (S 202,98,410) (S 219,70,314) (S 222,72,84) (S 281,82,82) (S 406,134,134) (S 465,52,52) (D 325,1,1)
0 1 34 301 1357 8 (D 325,1,1) (S 42,331,363) (S 63,288,331) (S 167,78,331) (S 320,78,78) (S 410,152,152) (S 459,198,198) (D 325,1,1)
0 1 35 148 1118 7 (D 325,1,1) (S 30,256,313) (S 37,183,364) (S 92,184,364) (S 315,132,132) (S 454,183,183) (D 325,1,1)
0 1 36 265 1511 7 (D 325,1,1) (S 120,246,247) (S 160,247,248) (S 213,415,447) (S 269,7,93) (S 376,150,150) (D 325,1,1)
0 1 37 124 900 7 (D 325,1,1) (S 20,184,319) (S 267,319,340) (S 443,184,184) (S 451,79,79) (S 476,116,116) (D 325,1,1)
0 1 38 77 825 6 (D 325,1,1) (S 36,350,351) (S 98,226,235) (S 328,70,70) (S 393,80,80) (D 325,1,1)
0 1 39 232 1331 7 (D 325,1,1) (S 49,346,347) (S 197,96,441) (S 230,346,348) (S 255,190,364) (S 259,453,454) (D 325,1,1)
0 1 40 267 1264 7 (D 325,1,1) (S 44,123,215) (S 48,215,216) (S 84,22,230) (S 332,43,43) (S 470,112,112) (D 325,1,1)
0 1 41 175 875 5 (D 325,1,1) (S 12,185,468) (S 19,96,197) (S 418,197,197) (D 325,1,1)
0 1 42 302 1174 6 (D 325,1,1) (S 62,365,366) (S 245,471,472) (S 262,287,288) (S 361,173,173) (D 325,1,1)
0 1 43 83 901 10 (D 325,1,1) (S 23,172,254) (S 201,254,278) (S 216,278,406) (S 306,40,40) (S 338,9,9) (S 339,95,95) (S 351,57,57) (S 455,194,194) (D 325,1,1)
0 1 44 156 1038 7 (D 325,1,1) (S 154,309,424) (S 156,443,444) (S 165,155,492) (S 331,146,146) (S 453,156,156) (D 325,1,1)
0 1 45 159 763 8 (D 325,1,1) (S 83,23,243) (S 114,302,303) (S 292,23,23) (S 347,87,87) (S 366,145,145) (S 383,191,191) (D 325,1,1)
0 1 46 262 1008 7 (D 325,1,1) (S 0,62,452) (S 52,100,377) (S 138,240,241) (S 236,240,242) (S 426,155,155) (D 325,1,1)
0 1 47 144 868 7 (D 325,1,1) (S 68,257,330) (S 94,55,285) (S 121,255,285) (S 304,53,53) (S 378,196,196) (D 325,1,1)
0 1 48 218 1402 13 (D 325,1,1) (S 73,279,380) (S 95,172,210) (S 105,278,279) (S 106,260,358) (S 341,106,106) (S 381,186,186) (S 399,26,26) (S 422,34,34) (S 432,113,113) (S 462,41,41) (S 469,33,33) (D 325,1,1)
0 1 49 134 809 6 (D 325,1,1) (S 70,219,257) (S 125,60,219) (S 313,131,131) (S 472,167,167) (D 325,1,1)
0 1 50 75 651 8 (D 325,1,1) (S 69,196,404) (S 82,432,433) (S 217,387,388) (S 293,91,91) (S 296,165,165) (S 416,164,164) (D 325,1,1)
0 1 51 336 1054 7 (D 325,1,1) (S 24,62,150) (S 151,360,430) (S 322,133,133) (S 414,32,32) (S 447,27,27) (D 325,1,1)
0 1 52 407 1363 10 (D 325,1,1) (S 16,64,153) (S 28,55,297) (S 101,297,298) (S 242,298,412) (S 253,297,378) (S 344,55,55) (S 350,60,60) (S 368,176,176) (D 325,1,1)
0 1 53 211 907 4 (D 325,1,1) (S 139,450,451) (S 363,181,181) (D 325,1,1)
0 1 54 157 940 8 (D 325,1,1) (S 61,343,344) (S 112,149,160) (S 148,341,483) (S 204,341,342) (S 282,129,129) (S 445,130,130) (D 325,1,1)
0 1 55 399 1763 8 (D 325,1,1) (S 80,53,207) (S 91,208,249) (S 103,313,367) (S 136,313,478) (S 374,36,36) (S 380,96,96) (D 325,1,1)
0 1 56 129 785 7 (D 325,1,1) (S 89,196,369) (S 164,435,436) (S 342,161,161) (S 423,56,56) (S 467,68,68) (D 325,1,1)
0 1 57 311 1274 7 (D 325,1,1) (S 122,329,339) (S 134,197,345) (S 137,339,480) (S 231,105,468) (S 260,327,328) (D 325,1,1)
0 1 58 272 1176 7 (D 325,1,1) (S 127,211,212) (S 140,358,484) (S 251,10,228) (S 312,10,10) (S 371,15,15) (D 325,1,1)
0 1 59 213 1140 7 (D 325,1,1) (S 159,291,433) (S 185,490,491) (S 198,133,431) (S 390,100,100) (S 407,7,7) (D 325,1,1)
0 1 60 481 1775 6 (D 325,1,1) (S 74,218,219) (S 96,176,289) (S 161,298,319) (S 265,55,184) (D 325,1,1)
0 1 61 137 771 6 (D 325,1,1) (S 64,425,426) (S 76,75,316) (S 325,148,148) (S 352,75,75) (D 325,1,1)
0 1 62 195 1000 7 (D 325,1,1) (S 27,224,225) (S 107,225,476) (S 353,200,200) (S 375,102,102) (S 397,42,42) (D 325,1,1)
0 1 63 373 1517 9 (D 325,1,1) (S 57,291,420) (S 79,291,292) (S 104,196,258) (S 118,60,206) (S 131,190,217) (S 314,185,185) (S 372,124,124) (D 325,1,1)
0 1 64 156 622 6 (D 325,1,1) (S 35,45,277) (S 203,45,108) (S 316,108,108) (S 394,45,45) (D 325,1,1)
0 1 65 38 825 9 (D 325,1,1) (S 41,1,2) (S 318,2,2) (S 324,3,3) (S 329,149,149) (S 330,160,160) (S 388,115,115) (S 427,166,166) (D 325,1,1)
0 1 66 587 2189 7 (D 325,1,1) (S 102,461,479) (S 126,353,368) (S 248,188,395) (S 264,20,34) (S 268,359,360) (D 325,1,1)
0 1 67 258 1321 8 (D 325,1,1) (S 25,222,223) (S 33,465,477) (S 71,3,451) (S 270,451,488) (S 349,193,193) (S 442,77,77) (D 325,1,1)
0 1 68 432 1503 6 (D 325,1,1) (S 192,380,406) (S 195,10,227) (S 196,78,335) (S 384,158,158) (D 325,1,1)
0 1 69 353 1329 6 (D 325,1,1) (S 46,427,428) (S 180,321,322) (S 249,488,489) (S 252,299,329) (D 325,1,1)
0 1 70 147 701 6 (D 325,1,1) (S 109,295,370) (S 130,85,108) (S 280,85,85) (S 317,174,174) (D 325,1,1)
0 1 71 234 1228 9 (D 325,1,1) (S 6,421,422) (S 22,44,372) (S 274,44,44) (S 303,122,122) (S 402,88,88) (S 413,138,138) (S 464,28,28) (D 325,1,1)
0 1 72 27 605 7 (D 325,1,1) (S 14,218,257) (S 288,153,153) (S 362,151,151) (S 389,64,64) (S 424,169,169) (D 325,1,1)
0 1 73 136 1334 8 (D 325,1,1) (S 111,437,438) (S 157,460,461) (S 223,356,357) (S 369,142,142) (S 396,66,66) (S 408,97,97) (D 325,1,1)
0 1 74 424 1350 6 (D 325,1,1) (S 144,385,386) (S 175,439,440) (S 190,23,301) (S 238,243,463) (D 325,1,1)
0 1 75 70 398 4 (D 325,1,1) (S 108,171,231) (S 261,42,276) (D 325,1,1)
0 1 76 675 1638 6 (D 325,1,1) (S 93,235,323) (S 182,71,192) (S 244,389,390) (S 247,80,349) (D 325,1,1)
0 1 77 261 985 6 (D 325,1,1) (S 191,393,394) (S 211,220,221) (S 345,21,21) (S 356,171,171) (D 325,1,1)
0 1 78 312 1490 6 (D 325,1,1) (S 99,183,285) (S 116,20,229) (S 284,20,20) (S 463,17,17) (D 325,1,1)
0 1 79 492 2103 8 (D 325,1,1) (S 26,174,370) (S 38,36,296) (S 188,36,249) (S 189,208,209) (S 224,209,336) (S 232,397,416) (D 325,1,1)
0 1 80 834 2193 8 (D 325,1,1) (S 77,208,338) (S 87,186,332) (S 205,20,261) (S 225,259,260) (S 241,469,470) (S 256,68,413) (D 325,1,1)
0 1 81 925 2686 7 (D 325,1,1) (S 168,373,374) (S 173,268,446) (S 228,94,178) (S 234,245,268) (S 239,352,353) (D 325,1,1)
0 1 82 371 1561 5 (D 325,1,1) (S 47,56,286) (S 59,188,485) (S 457,188,188) (D 325,1,1)
0 1 83 308 1405 9 (D 325,1,1) (S 123,68,286) (S 124,75,92) (S 142,224,226) (S 153,307,308) (S 286,141,141) (S 337,84,84) (S 398,125,125) (D 325,1,1)
0 1 84 464 1811 7 (D 325,1,1) (S 119,448,449) (S 171,148,462) (S 172,51,280) (S 275,18,18) (S 276,199,199) (D 325,1,1)
0 1 85 198 988 8 (D 325,1,1) (S 51,174,371) (S 210,174,295) (S 218,258,369) (S 271,361,362) (S 291,12,12) (S 326,187,187) (D 325,1,1)
0 1 86 455 1353 7 (D 325,1,1) (S 128,458,459) (S 132,418,419) (S 158,311,312) (S 227,252,253) (S 263,97,325) (D 325,1,1)
0 1 87 734 2140 9 (D 325,1,1) (S 10,255,367) (S 39,206,218) (S 152,206,207) (S 183,209,367) (S 187,255,256) (S 194,299,300) (S 206,427,465) (D 325,1,1)
0 1 88 339 1197 8 (D 325,1,1) (S 86,276,429) (S 88,63,445) (S 186,316,457) (S 287,63,63) (S 335,98,98) (S 439,192,192) (D 325,1,1)
0 1 89 417 1810 11 (D 325,1,1) (S 177,187,423) (S 178,67,304) (S 207,67,177) (S 235,6,177) (S 266,6,16) (S 336,16,16) (S 385,107,107) (S 387,49,49) (S 415,8,8) (D 325,1,1)
0 1 90 393 1137 8 (D 325,1,1) (S 17,97,326) (S 34,41,275) (S 377,157,157) (S 403,147,147) (S 437,139,139) (S 466,162,162) (D 325,1,1)
0 1 91 639 1527 8 (D 325,1,1) (S 129,42,429) (S 166,270,271) (S 176,240,409) (S 229,430,442) (S 409,62,62) (S 448,93,93) (D 325,1,1)
