1065
12
9741000
1748278485
0 1 1 9 74 5 (D 1,1,1) (S 1,13,14) (S 14,8,7) (S 45,7,7) (D 1,1,1)
0 1 2 24 82 7 (D 1,1,1) (S 2,13,17) (S 5,14,18) (S 16,18,17) (S 39,13,13) (S 44,17,17) (D 1,1,1)
0 1 3 36 101 7 (D 1,1,1) (S 6,10,9) (S 13,9,19) (S 18,22,19) (S 27,19,22) (S 42,23,23) (D 1,1,1)
0 1 4 27 107 5 (D 1,1,1) (S 8,24,23) (S 15,12,16) (S 36,16,16) (D 1,1,1)
0 1 5 20 72 5 (D 1,1,1) (S 21,19,9) (S 29,9,9) (S 37,3,3) (D 1,1,1)
0 1 6 28 108 6 (D 1,1,1) (S 4,20,23) (S 7,22,23) (S 31,24,24) (S 32,11,11) (D 1,1,1)
0 1 7 33 76 6 (D 1,1,1) (S 11,10,5) (S 24,5,11) (S 26,11,10) (S 41,10,10) (D 1,1,1)
0 1 8 20 111 4 (D 1,1,1) (S 23,9,3) (S 28,6,6) (D 1,1,1)
0 1 9 23 56 7 (D 1,1,1) (S 10,1,2) (S 19,5,10) (S 20,10,11) (S 22,11,12) (S 35,12,12) (D 1,1,1)
0 1 10 25 79 6 (D 1,1,1) (S 0,20,21) (S 9,15,21) (S 30,21,21) (S 34,2,2) (D 1,1,1)
0 1 11 35 103 7 (D 1,1,1) (S 3,6,12) (S 17,12,13) (S 38,14,14) (S 40,8,8) (S 43,4,4) (D 1,1,1)
0 1 12 30 96 5 (D 1,1,1) (S 12,1,3) (S 25,19,20) (S 33,15,15) (D 1,1,1)
