692
11
9568200
1748278482
0 1 1 18 49 6 (D 1,1,1) (S 14,19,20) (S 15,9,3) (S 43,3,3) (S 44,10,10) (D 1,1,1)
0 1 2 29 69 6 (D 1,1,1) (S 6,13,17) (S 33,18,18) (S 34,13,13) (S 37,12,12) (D 1,1,1)
0 1 3 44 89 7 (D 1,1,1) (S 0,6,7) (S 9,8,14) (S 10,14,8) (S 38,14,14) (S 46,6,6) (D 1,1,1)
0 1 4 27 47 6 (D 1,1,1) (S 2,3,4) (S 3,4,5) (S 32,2,2) (S 40,5,5) (D 1,1,1)
0 1 5 31 58 7 (D 1,1,1) (S 1,5,11) (S 8,16,12) (S 24,12,16) (S 25,13,7) (S 45,7,7) (D 1,1,1)
0 1 6 31 53 7 (D 1,1,1) (S 4,2,10) (S 13,2,5) (S 26,16,15) (S 29,15,20) (S 35,20,20) (D 1,1,1)
0 1 7 48 78 8 (D 1,1,1) (S 7,21,24) (S 11,20,15) (S 19,15,21) (S 21,23,22) (S 27,23,21) (S 47,21,21) (D 1,1,1)
0 1 8 28 60 7 (D 1,1,1) (S 12,17,12) (S 28,17,16) (S 30,16,17) (S 39,17,17) (S 41,19,19) (D 1,1,1)
0 1 9 28 44 6 (D 1,1,1) (S 5,1,20) (S 17,20,19) (S 18,22,23) (S 42,23,23) (D 1,1,1)
0 1 10 28 60 5 (D 1,1,1) (S 16,9,1) (S 20,5,1) (S 36,11,11) (D 1,1,1)
0 1 11 46 85 5 (D 1,1,1) (S 22,19,9) (S 23,19,1) (S 31,6,5) (D 1,1,1)
