1235
15
64722300
1748278483
0 1 1 8 32 5 (D 1,1,1) (S 20,4,7) (S 29,7,4) (S 68,4,4) (D 1,1,1)
0 1 2 44 92 9 (D 1,1,1) (S 1,22,25) (S 9,25,29) (S 27,29,30) (S 32,25,30) (S 47,30,25) (S 76,22,22) (S 83,17,17) (D 1,1,1)
0 1 3 29 75 6 (D 1,1,1) (S 33,22,23) (S 44,22,17) (S 79,18,18) (S 82,15,15) (D 1,1,1)
0 1 4 33 78 7 (D 1,1,1) (S 10,6,11) (S 16,11,12) (S 56,12,16) (S 60,27,24) (S 81,24,24) (D 1,1,1)
0 1 5 18 52 5 (D 1,1,1) (S 28,12,7) (S 61,7,6) (S 66,7,7) (D 1,1,1)
0 1 6 37 94 7 (D 1,1,1) (S 6,22,29) (S 24,28,27) (S 73,27,27) (S 75,20,20) (S 78,13,13) (D 1,1,1)
0 1 7 37 76 7 (D 1,1,1) (S 0,8,14) (S 11,14,17) (S 36,17,16) (S 37,21,29) (S 77,29,29) (D 1,1,1)
0 1 8 73 149 12 (D 1,1,1) (S 17,10,9) (S 18,2,3) (S 23,3,10) (S 31,10,19) (S 40,19,15) (S 46,15,18) (S 48,27,20) (S 49,20,21) (S 67,21,21) (S 69,11,11) (D 1,1,1)
0 1 9 57 116 9 (D 1,1,1) (S 2,5,8) (S 5,16,20) (S 22,24,28) (S 42,28,21) (S 50,24,21) (S 62,28,28) (S 70,16,16) (D 1,1,1)
0 1 10 46 85 8 (D 1,1,1) (S 7,8,15) (S 14,15,9) (S 19,18,26) (S 39,26,18) (S 55,23,26) (S 72,26,26) (D 1,1,1)
0 1 11 34 49 9 (D 1,1,1) (S 12,1,2) (S 13,2,9) (S 15,9,15) (S 21,15,19) (S 25,19,18) (S 57,18,19) (S 64,19,19) (D 1,1,1)
0 1 12 37 71 6 (D 1,1,1) (S 3,8,9) (S 4,18,23) (S 8,23,30) (S 65,30,30) (D 1,1,1)
0 1 13 43 91 10 (D 1,1,1) (S 30,5,4) (S 34,4,5) (S 51,6,4) (S 54,7,12) (S 58,12,13) (S 59,20,11) (S 71,6,6) (S 74,8,8) (D 1,1,1)
0 1 14 35 78 6 (D 1,1,1) (S 26,14,13) (S 52,13,17) (S 53,8,1) (S 63,9,9) (D 1,1,1)
0 1 15 35 97 8 (D 1,1,1) (S 35,13,14) (S 38,14,15) (S 41,1,5) (S 43,1,8) (S 45,10,3) (S 80,3,3) (D 1,1,1)
