1488
18
75846300
1748278484
0 1 1 63 150 9 (D 1,1,1) (S 1,26,27) (S 6,37,41) (S 7,40,41) (S 18,36,39) (S 39,39,36) (S 72,36,36) (S 79,35,35) (D 1,1,1)
0 1 2 31 91 8 (D 1,1,1) (S 2,17,18) (S 10,21,27) (S 13,33,37) (S 49,37,33) (S 58,33,27) (S 84,27,27) (D 1,1,1)
0 1 3 30 73 7 (D 1,1,1) (S 22,29,23) (S 23,25,26) (S 48,26,25) (S 54,25,24) (S 71,24,24) (D 1,1,1)
0 1 4 26 87 5 (D 1,1,1) (S 5,27,28) (S 31,32,26) (S 86,26,26) (D 1,1,1)
0 1 5 17 69 5 (D 1,1,1) (S 53,17,11) (S 65,6,6) (S 87,12,12) (D 1,1,1)
0 1 6 65 120 9 (D 1,1,1) (S 8,30,31) (S 11,25,31) (S 14,31,32) (S 38,32,36) (S 51,36,32) (S 70,32,32) (S 78,20,20) (D 1,1,1)
0 1 7 18 50 4 (D 1,1,1) (S 21,6,5) (S 66,4,4) (D 1,1,1)
0 1 8 22 94 6 (D 1,1,1) (S 28,38,34) (S 33,34,35) (S 64,31,31) (S 88,14,14) (D 1,1,1)
0 1 9 22 57 5 (D 1,1,1) (S 35,16,15) (S 45,14,13) (S 82,13,13) (D 1,1,1)
0 1 10 72 175 9 (D 1,1,1) (S 3,38,39) (S 15,39,40) (S 26,37,36) (S 32,36,40) (S 61,22,22) (S 68,21,21) (S 80,18,18) (D 1,1,1)
0 1 11 30 66 10 (D 1,1,1) (S 4,5,11) (S 19,11,10) (S 27,10,11) (S 41,11,12) (S 42,16,19) (S 60,20,17) (S 81,17,17) (S 83,11,11) (D 1,1,1)
0 1 12 12 25 6 (D 1,1,1) (S 30,8,9) (S 36,9,3) (S 37,2,1) (S 57,1,7) (D 1,1,1)
0 1 13 11 22 4 (D 1,1,1) (S 40,4,3) (S 73,2,2) (D 1,1,1)
0 1 14 85 158 9 (D 1,1,1) (S 17,25,15) (S 44,14,15) (S 46,30,29) (S 47,29,34) (S 67,34,34) (S 76,19,19) (S 85,16,16) (D 1,1,1)
0 1 15 39 63 7 (D 1,1,1) (S 16,7,13) (S 29,23,13) (S 50,13,23) (S 59,13,7) (S 63,7,7) (D 1,1,1)
0 1 16 26 64 6 (D 1,1,1) (S 0,23,24) (S 34,24,30) (S 62,30,30) (S 69,9,9) (D 1,1,1)
0 1 17 23 81 9 (D 1,1,1) (S 20,10,9) (S 24,15,14) (S 43,23,14) (S 52,23,29) (S 55,20,19) (S 56,19,16) (S 77,15,15) (D 1,1,1)
0 1 18 35 43 7 (D 1,1,1) (S 9,2,8) (S 12,9,10) (S 25,10,15) (S 74,10,10) (S 75,3,3) (D 1,1,1)
