1140
17
37737600
1748278486
0 1 1 20 54 4 (D 1,1,1) (S 40,20,17) (S 75,17,17) (D 1,1,1)
0 1 2 31 68 5 (D 1,1,1) (S 1,26,33) (S 45,26,27) (S 76,27,27) (D 1,1,1)
0 1 3 26 68 7 (D 1,1,1) (S 2,21,24) (S 15,25,24) (S 16,25,22) (S 57,22,22) (S 65,18,18) (D 1,1,1)
0 1 4 27 67 7 (D 1,1,1) (S 5,18,22) (S 36,20,23) (S 61,24,24) (S 64,21,21) (S 72,7,7) (D 1,1,1)
0 1 5 21 52 7 (D 1,1,1) (S 0,3,7) (S 3,7,13) (S 34,3,4) (S 42,4,3) (S 66,30,30) (D 1,1,1)
0 1 6 22 61 6 (D 1,1,1) (S 12,6,12) (S 21,12,13) (S 44,21,20) (S 74,23,23) (D 1,1,1)
0 1 7 23 43 5 (D 1,1,1) (S 13,13,12) (S 29,12,11) (S 73,11,11) (D 1,1,1)
0 1 8 44 74 10 (D 1,1,1) (S 4,3,37) (S 6,37,38) (S 19,37,30) (S 23,30,37) (S 27,37,31) (S 47,31,37) (S 53,37,37) (S 63,31,31) (D 1,1,1)
0 1 9 28 49 5 (D 1,1,1) (S 11,10,16) (S 39,15,9) (S 50,10,10) (D 1,1,1)
0 1 10 52 100 10 (D 1,1,1) (S 8,13,19) (S 9,4,38) (S 10,4,5) (S 35,39,32) (S 37,5,39) (S 38,39,5) (S 62,39,39) (S 67,32,32) (D 1,1,1)
0 1 11 36 57 6 (D 1,1,1) (S 14,35,36) (S 24,30,29) (S 48,29,36) (S 58,36,36) (D 1,1,1)
0 1 12 19 34 4 (D 1,1,1) (S 20,12,17) (S 60,13,13) (D 1,1,1)
0 1 13 24 45 6 (D 1,1,1) (S 7,1,8) (S 25,9,10) (S 52,9,9) (S 69,15,15) (D 1,1,1)
0 1 14 30 57 5 (D 1,1,1) (S 18,27,28) (S 49,28,28) (S 55,35,35) (D 1,1,1)
0 1 15 40 76 7 (D 1,1,1) (S 17,15,14) (S 26,14,8) (S 30,8,9) (S 31,2,6) (S 43,1,11) (D 1,1,1)
0 1 16 61 124 10 (D 1,1,1) (S 28,1,2) (S 32,35,28) (S 33,3,2) (S 41,35,34) (S 56,34,34) (S 68,33,33) (S 70,26,26) (S 71,6,6) (D 1,1,1)
0 1 17 55 111 7 (D 1,1,1) (S 22,33,1) (S 46,36,29) (S 51,8,8) (S 54,40,40) (S 59,2,2) (D 1,1,1)
