296
12
6380100
1748278479
0 1 1 24 26 3 (D 1,1,1) (S 29,4,4) (D 1,1,1)
0 1 2 27 29 3 (D 1,1,1) (S 32,2,2) (D 1,1,1)
0 1 3 18 24 3 (D 1,1,1) (S 33,3,3) (D 1,1,1)
0 1 4 17 18 5 (D 1,1,1) (S 3,4,7) (S 9,9,10) (S 19,2,5) (D 1,1,1)
0 1 5 18 19 8 (D 1,1,1) (S 1,3,5) (S 12,5,11) (S 15,1,9) (S 16,5,10) (S 20,10,11) (S 23,1,2) (D 1,1,1)
0 1 6 21 23 6 (D 1,1,1) (S 7,1,6) (S 8,2,6) (S 22,6,9) (S 24,3,10) (D 1,1,1)
0 1 7 19 18 5 (D 1,1,1) (S 2,8,9) (S 5,9,11) (S 18,1,10) (D 1,1,1)
0 1 8 23 29 5 (D 1,1,1) (S 6,1,11) (S 10,2,4) (S 11,1,5) (D 1,1,1)
0 1 9 26 24 7 (D 1,1,1) (S 0,1,4) (S 14,4,9) (S 25,7,10) (S 26,3,9) (S 30,7,7) (D 1,1,1)
0 1 10 25 27 5 (D 1,1,1) (S 13,2,11) (S 17,6,8) (S 21,2,8) (D 1,1,1)
0 1 11 21 26 4 (D 1,1,1) (S 4,1,7) (S 31,5,5) (D 1,1,1)
0 1 12 27 33 4 (D 1,1,1) (S 27,6,6) (S 28,8,8) (D 1,1,1)
