1414
16
50051400
1748278482
0 1 1 17 70 6 (D 1,1,1) (S 14,31,26) (S 15,26,27) (S 59,27,26) (S 77,26,26) (D 1,1,1)
0 1 2 18 58 7 (D 1,1,1) (S 3,20,21) (S 27,20,26) (S 39,26,20) (S 76,20,20) (S 79,14,14) (D 1,1,1)
0 1 3 26 94 7 (D 1,1,1) (S 5,8,9) (S 6,16,17) (S 34,11,17) (S 66,11,11) (S 81,5,5) (D 1,1,1)
0 1 4 24 60 6 (D 1,1,1) (S 2,13,14) (S 30,15,9) (S 43,9,3) (S 54,3,10) (D 1,1,1)
0 1 5 34 85 6 (D 1,1,1) (S 9,4,5) (S 16,4,10) (S 52,16,10) (S 62,10,10) (D 1,1,1)
0 1 6 39 108 7 (D 1,1,1) (S 1,30,31) (S 18,31,32) (S 32,32,33) (S 48,34,24) (S 67,9,9) (D 1,1,1)
0 1 7 65 126 11 (D 1,1,1) (S 8,4,11) (S 10,11,24) (S 25,24,34) (S 35,22,28) (S 42,22,23) (S 46,23,28) (S 49,28,23) (S 56,23,22) (S 71,28,28) (D 1,1,1)
0 1 8 50 130 7 (D 1,1,1) (S 11,19,20) (S 13,27,28) (S 26,24,23) (S 57,23,24) (S 75,17,17) (D 1,1,1)
0 1 9 44 105 9 (D 1,1,1) (S 0,21,22) (S 4,28,34) (S 19,33,34) (S 33,34,33) (S 50,33,32) (S 69,27,27) (S 73,8,8) (D 1,1,1)
0 1 10 13 42 4 (D 1,1,1) (S 20,18,12) (S 53,18,19) (D 1,1,1)
0 1 11 52 112 9 (D 1,1,1) (S 17,12,18) (S 21,25,29) (S 45,29,25) (S 60,30,25) (S 64,30,30) (S 70,25,25) (S 74,19,19) (D 1,1,1)
0 1 12 57 105 8 (D 1,1,1) (S 12,16,23) (S 31,22,15) (S 38,14,20) (S 41,19,25) (S 58,25,26) (S 68,13,13) (D 1,1,1)
0 1 13 20 30 5 (D 1,1,1) (S 7,1,7) (S 24,7,13) (S 61,13,2) (D 1,1,1)
0 1 14 46 107 8 (D 1,1,1) (S 36,6,1) (S 44,16,15) (S 47,26,25) (S 55,27,21) (S 65,21,21) (S 72,15,15) (D 1,1,1)
0 1 15 44 79 7 (D 1,1,1) (S 23,3,4) (S 37,4,3) (S 40,10,4) (S 78,3,3) (S 80,2,2) (D 1,1,1)
0 1 16 65 103 7 (D 1,1,1) (S 22,19,18) (S 28,18,29) (S 29,12,6) (S 51,1,6) (S 63,6,6) (D 1,1,1)
