205
10
8572800
1748278478
0 1 1 9 6 3 (D 1,1,1) (S 14,3,11) (D 1,1,1)
0 1 2 25 29 3 (D 1,1,1) (S 26,4,4) (D 1,1,1)
0 1 3 21 25 3 (D 1,1,1) (S 28,2,2) (D 1,1,1)
0 1 4 20 14 6 (D 1,1,1) (S 15,4,5) (S 20,5,8) (S 23,8,9) (S 30,9,9) (D 1,1,1)
0 1 5 12 16 5 (D 1,1,1) (S 4,4,11) (S 5,3,5) (S 32,5,5) (D 1,1,1)
0 1 6 23 21 8 (D 1,1,1) (S 0,1,11) (S 1,6,10) (S 21,3,4) (S 22,2,3) (S 27,3,3) (S 31,10,10) (D 1,1,1)
0 1 7 23 17 5 (D 1,1,1) (S 6,3,9) (S 8,9,10) (S 10,5,10) (D 1,1,1)
0 1 8 22 13 5 (D 1,1,1) (S 9,5,7) (S 16,6,8) (S 17,5,11) (D 1,1,1)
0 1 9 25 34 9 (D 1,1,1) (S 2,1,7) (S 7,6,9) (S 11,2,7) (S 13,7,10) (S 18,1,4) (S 24,7,7) (S 25,6,6) (D 1,1,1)
0 1 10 25 30 6 (D 1,1,1) (S 3,3,7) (S 12,7,9) (S 19,3,10) (S 29,8,8) (D 1,1,1)
