12068
24
21908152200
21908152200
0 1 1 297 545 20 (D 0,1,1) (S 167,116,1) (S 93,116,117) (S 170,119,117) (S 151,87,86) (S 150,86,85) (S 149,85,84) (S 73,82,84) (S 72,80,82) (S 71,79,80) (S 70,78,79) (S 69,77,78) (S 68,46,77) (S 126,46,43) (S 48,43,44) (S 67,44,73) (S 66,72,73) (S 65,71,72) (S 64,69,71) (S 63,67,69) (S 137,68,67) (D 0,1,1)
0 1 2 197 555 14 (D 0,1,1) (S 167,116,1) (S 166,114,113) (S 165,113,112) (S 164,112,107) (S 83,106,107) (S 82,105,106) (S 81,104,105) (S 80,102,104) (S 61,66,67) (S 63,67,69) (S 64,69,71) (S 65,71,72) (S 137,68,67) (S 93,116,117) (D 0,1,1)
0 1 3 178 644 12 (D 0,1,1) (S 167,116,1) (S 166,114,113) (S 165,113,112) (S 164,112,107) (S 83,106,107) (S 82,105,106) (S 81,104,105) (S 80,102,104) (S 152,96,95) (S 78,96,97) (S 154,98,97) (S 61,66,67) (D 0,1,1)
0 1 4 165 471 6 (D 0,1,1) (S 167,116,1) (S 96,114,118) (S 97,124,126) (S 173,130,126) (S 170,119,117) (S 93,116,117) (D 0,1,1)
0 1 5 163 435 11 (D 0,1,1) (S 167,116,1) (S 93,116,117) (S 170,119,117) (S 151,87,86) (S 150,86,85) (S 149,85,84) (S 73,82,84) (S 72,80,82) (S 71,79,80) (S 70,78,79) (S 69,77,78) (D 0,1,1)
0 1 6 439 948 26 (D 0,1,1) (S 167,116,1) (S 93,116,117) (S 60,62,66) (S 57,62,63) (S 53,48,49) (S 127,139,33) (S 41,11,33) (S 100,11,27) (S 37,27,28) (S 39,28,30) (S 38,28,29) (S 117,139,34) (S 125,45,34) (S 124,45,44) (S 48,43,44) (S 126,46,43) (S 68,46,77) (S 69,77,78) (S 70,78,79) (S 71,79,80) (S 72,80,82) (S 73,82,84) (S 149,85,84) (S 150,86,85) (S 151,87,86) (S 170,119,117) (D 0,1,1)
0 1 7 203 483 7 (D 0,1,1) (S 167,116,1) (S 166,114,113) (S 165,113,112) (S 164,112,107) (S 84,107,108) (S 160,109,108) (S 83,106,107) (D 0,1,1)
0 1 8 95 352 6 (D 0,1,1) (S 167,116,1) (S 93,116,117) (S 170,119,117) (S 151,87,86) (S 150,86,85) (S 149,85,84) (D 0,1,1)
0 1 9 231 575 15 (D 0,1,1) (S 167,116,1) (S 93,116,117) (S 170,119,117) (S 151,87,86) (S 150,86,85) (S 149,85,84) (S 73,82,84) (S 72,80,82) (S 71,79,80) (S 70,78,79) (S 69,77,78) (S 68,46,77) (S 47,37,43) (S 48,43,44) (S 126,46,43) (D 0,1,1)
0 1 10 427 1040 26 (D 0,1,1) (S 167,116,1) (S 93,116,117) (S 170,119,117) (S 151,87,86) (S 150,86,85) (S 149,85,84) (S 73,82,84) (S 72,80,82) (S 71,79,80) (S 70,78,79) (S 69,77,78) (S 68,46,77) (S 126,46,43) (S 48,43,44) (S 124,45,44) (S 125,45,34) (S 117,139,34) (S 127,139,33) (S 38,28,29) (S 37,27,28) (S 36,25,27) (S 110,25,24) (S 34,20,24) (S 108,22,20) (S 30,11,12) (S 41,11,33) (D 0,1,1)
0 1 11 577 1069 32 (D 0,1,1) (S 167,116,1) (S 93,116,117) (S 170,119,117) (S 151,87,86) (S 150,86,85) (S 149,85,84) (S 73,82,84) (S 72,80,82) (S 71,79,80) (S 70,78,79) (S 69,77,78) (S 68,46,77) (S 126,46,43) (S 48,43,44) (S 124,45,44) (S 125,45,34) (S 117,139,34) (S 127,139,33) (S 41,11,33) (S 30,11,12) (S 31,12,13) (S 32,13,14) (S 103,9,8) (S 27,6,8) (S 26,5,6) (S 104,11,8) (S 67,44,73) (S 66,72,73) (S 65,71,72) (S 64,69,71) (S 63,67,69) (S 137,68,67) (D 0,1,1)
0 1 12 282 700 17 (D 0,1,1) (S 167,116,1) (S 93,116,117) (S 170,119,117) (S 151,87,86) (S 150,86,85) (S 149,85,84) (S 73,82,84) (S 72,80,82) (S 71,79,80) (S 70,78,79) (S 69,77,78) (S 68,46,77) (S 126,46,43) (S 48,43,44) (S 124,45,44) (S 125,45,34) (S 117,139,34) (D 0,1,1)
0 1 13 77 154 4 (D 0,1,1) (S 167,116,1) (S 93,116,117) (S 94,2,117) (S 170,119,117) (D 0,1,1)
0 1 14 99 520 6 (D 0,1,1) (S 167,116,1) (S 93,116,117) (S 137,68,67) (S 57,62,63) (S 133,64,63) (S 60,62,66) (D 0,1,1)
0 1 15 124 266 6 (D 0,1,1) (S 167,116,1) (S 93,116,117) (S 96,114,118) (S 166,114,113) (S 165,113,112) (S 88,110,112) (D 0,1,1)
0 1 16 358 926 23 (D 0,1,1) (S 167,116,1) (S 93,116,117) (S 170,119,117) (S 151,87,86) (S 150,86,85) (S 149,85,84) (S 73,82,84) (S 72,80,82) (S 71,79,80) (S 70,78,79) (S 69,77,78) (S 68,46,77) (S 126,46,43) (S 48,43,44) (S 124,45,44) (S 125,45,34) (S 117,139,34) (S 127,139,33) (S 38,28,29) (S 37,27,28) (S 36,25,27) (S 39,28,30) (S 115,32,30) (D 0,1,1)
0 1 17 256 660 17 (D 0,1,1) (S 167,116,1) (S 166,114,113) (S 165,113,112) (S 164,112,107) (S 83,106,107) (S 82,105,106) (S 81,104,105) (S 80,102,104) (S 134,65,64) (S 131,56,55) (S 174,140,55) (S 54,49,140) (S 55,54,55) (S 133,64,63) (S 57,62,63) (S 60,62,66) (S 93,116,117) (D 0,1,1)
0 1 18 100 258 8 (D 0,1,1) (S 167,116,1) (S 166,114,113) (S 165,113,112) (S 164,112,107) (S 84,107,108) (S 161,110,107) (S 87,110,111) (S 88,110,112) (D 0,1,1)
0 1 19 269 642 18 (D 0,1,1) (S 167,116,1) (S 93,116,117) (S 170,119,117) (S 151,87,86) (S 150,86,85) (S 149,85,84) (S 73,82,84) (S 72,80,82) (S 71,79,80) (S 70,78,79) (S 69,77,78) (S 68,46,77) (S 126,46,43) (S 47,37,43) (S 118,37,36) (S 119,38,36) (S 46,39,40) (S 120,39,38) (D 0,1,1)
0 1 20 218 513 8 (D 0,1,1) (S 167,116,1) (S 166,114,113) (S 165,113,112) (S 164,112,107) (S 83,106,107) (S 82,105,106) (S 160,109,108) (S 84,107,108) (D 0,1,1)
0 1 21 522 991 29 (D 0,1,1) (S 167,116,1) (S 93,116,117) (S 170,119,117) (S 151,87,86) (S 150,86,85) (S 149,85,84) (S 73,82,84) (S 72,80,82) (S 71,79,80) (S 70,78,79) (S 69,77,78) (S 68,46,77) (S 126,46,43) (S 48,43,44) (S 124,45,44) (S 125,45,34) (S 117,139,34) (S 127,139,33) (S 41,11,33) (S 103,9,8) (S 27,6,8) (S 26,5,6) (S 104,11,8) (S 67,44,73) (S 66,72,73) (S 65,71,72) (S 64,69,71) (S 63,67,69) (S 137,68,67) (D 0,1,1)
0 1 22 107 478 5 (D 0,1,1) (S 167,116,1) (S 93,116,117) (S 170,119,117) (S 97,124,126) (S 173,130,126) (D 0,1,1)
0 1 23 405 883 23 (D 0,1,1) (S 167,116,1) (S 93,116,117) (S 170,119,117) (S 151,87,86) (S 150,86,85) (S 149,85,84) (S 73,82,84) (S 72,80,82) (S 71,79,80) (S 70,78,79) (S 69,77,78) (S 68,46,77) (S 126,46,43) (S 48,43,44) (S 124,45,44) (S 125,45,34) (S 117,139,34) (S 127,139,33) (S 38,28,29) (S 37,27,28) (S 100,11,27) (S 30,11,12) (S 41,11,33) (D 0,1,1)
0 1 24 392 890 21 (D 0,1,1) (S 167,116,1) (S 93,116,117) (S 170,119,117) (S 151,87,86) (S 150,86,85) (S 149,85,84) (S 73,82,84) (S 72,80,82) (S 71,79,80) (S 70,78,79) (S 69,77,78) (S 68,46,77) (S 126,46,43) (S 48,43,44) (S 124,45,44) (S 125,45,34) (S 117,139,34) (S 127,139,33) (S 41,11,33) (S 104,11,8) (S 30,11,12) (D 0,1,1)
