1470
17
44345100
1748278485
0 1 1 11 63 6 (D 1,1,1) (S 0,22,23) (S 42,23,28) (S 51,28,22) (S 77,23,23) (D 1,1,1)
0 1 2 28 91 6 (D 1,1,1) (S 3,4,10) (S 11,4,11) (S 47,5,11) (S 68,4,4) (D 1,1,1)
0 1 3 25 72 6 (D 1,1,1) (S 2,9,10) (S 19,3,4) (S 37,4,3) (S 78,3,3) (D 1,1,1)
0 1 4 65 122 8 (D 1,1,1) (S 5,20,26) (S 8,21,27) (S 22,27,28) (S 31,34,33) (S 60,33,33) (S 64,28,28) (D 1,1,1)
0 1 5 36 90 7 (D 1,1,1) (S 17,31,26) (S 26,21,22) (S 48,22,21) (S 62,21,21) (S 65,15,15) (D 1,1,1)
0 1 6 27 84 6 (D 1,1,1) (S 12,8,2) (S 32,3,2) (S 59,16,16) (S 75,9,9) (D 1,1,1)
0 1 7 48 110 8 (D 1,1,1) (S 1,13,14) (S 4,8,9) (S 6,10,11) (S 27,10,16) (S 50,16,17) (S 74,17,17) (D 1,1,1)
0 1 8 37 100 8 (D 1,1,1) (S 29,29,18) (S 35,18,29) (S 39,31,30) (S 41,30,31) (S 52,30,25) (S 67,25,25) (D 1,1,1)
0 1 9 38 83 9 (D 1,1,1) (S 13,12,13) (S 16,13,7) (S 21,7,13) (S 44,15,14) (S 63,8,8) (S 70,20,20) (S 76,26,26) (D 1,1,1)
0 1 10 53 124 7 (D 1,1,1) (S 10,19,13) (S 28,15,9) (S 33,17,24) (S 54,22,22) (S 66,24,24) (D 1,1,1)
0 1 11 8 18 4 (D 1,1,1) (S 25,7,6) (S 71,6,6) (D 1,1,1)
0 1 12 32 62 6 (D 1,1,1) (S 18,19,18) (S 49,18,19) (S 55,19,19) (S 61,13,13) (D 1,1,1)
0 1 13 21 52 5 (D 1,1,1) (S 23,6,12) (S 34,25,29) (S 73,29,29) (D 1,1,1)
0 1 14 48 115 8 (D 1,1,1) (S 30,16,23) (S 38,20,19) (S 43,25,30) (S 45,12,6) (S 46,6,7) (S 58,7,7) (D 1,1,1)
0 1 15 56 104 8 (D 1,1,1) (S 7,6,18) (S 14,31,32) (S 15,32,27) (S 56,27,27) (S 69,14,14) (S 72,12,12) (D 1,1,1)
0 1 16 50 117 7 (D 1,1,1) (S 9,13,19) (S 20,19,20) (S 24,14,15) (S 40,15,22) (S 53,11,11) (D 1,1,1)
0 1 17 31 63 4 (D 1,1,1) (S 36,6,1) (S 57,2,2) (D 1,1,1)
