342
9
7770900
1748278485
0 1 1 9 35 5 (D 1,1,1) (S 4,14,18) (S 13,17,18) (S 35,18,18) (D 1,1,1)
0 1 2 13 39 5 (D 1,1,1) (S 16,8,7) (S 28,7,7) (S 31,8,8) (D 1,1,1)
0 1 3 13 34 5 (D 1,1,1) (S 8,15,21) (S 24,21,21) (S 34,16,16) (D 1,1,1)
0 1 4 20 48 7 (D 1,1,1) (S 2,10,11) (S 10,13,12) (S 18,13,14) (S 22,13,13) (S 26,6,6) (D 1,1,1)
0 1 5 18 36 7 (D 1,1,1) (S 6,10,20) (S 20,23,20) (S 25,20,20) (S 32,22,22) (S 37,9,9) (D 1,1,1)
0 1 6 18 52 6 (D 1,1,1) (S 14,22,19) (S 15,23,24) (S 23,19,19) (S 30,5,5) (D 1,1,1)
0 1 7 14 27 7 (D 1,1,1) (S 1,1,3) (S 3,5,11) (S 7,11,15) (S 21,16,15) (S 36,15,15) (D 1,1,1)
0 1 8 14 38 8 (D 1,1,1) (S 0,21,24) (S 9,12,6) (S 12,6,12) (S 17,11,12) (S 27,12,12) (S 29,3,3) (D 1,1,1)
0 1 9 18 33 6 (D 1,1,1) (S 5,1,2) (S 11,2,4) (S 19,5,6) (S 33,4,4) (D 1,1,1)
