Custo total da solução: 10004
Total de rotas: 27
⏱️ Tempo total: 113150400 ns
clocks totais do algoritimo referência: 339451200 clocks
Route 1: 22 21 17 11 12 22 30 39 30 22
Route 2: 22 21 20 28 27 26 25 33 34 35 44 35 36 37 29 30 22
Route 3: 22 30 29 21 17 11 17 21 22
Route 4: 22 21 16 21 29 28 37 38 49 50 39 30 22
Route 5: 22 21 20 28 37 36 35 34 43 46 47 44 35 36 37 29 30 22
Route 6: 22 21 20 19 18 25 26 27 28 20 21 22
Route 7: 22 23 24 14 7 6 13 23 22
Route 8: 22 21 16 10 3 2 3 4 3 10 15 16 21 22
Route 9: 22 21 16 17 21 22
Route 10: 22 30 31 32 41 52 51 40 31 30 22
Route 11: 22 21 16 10 3 2 1 8 9 10 11 17 21 22
Route 12: 22 30 39 38 49 50 51 40 31 30 22
Route 13: 30 31 40 32 24 32 31 30 22
Route 14: 22 21 16 10 3 2 1 8 18 19 9 10 16 21 22
Route 15: 22 30 31 40 51 50 51 40 32 31 30 22
Route 16: 22 21 17 11 12 5 4 5 6 13 23 22
Route 17: 22 21 20 28 27 26 25 33 42 45 42 43 34 35 36 37 29 30 22
Route 18: 22 12 5 4 5 6 7 6 13 23 22
Route 19: 22 30 29 37 36 35 44 47 48 49 50 39 30 22
Route 20: 22 21 20 28 27 26 27 36 37 29 30 22
Route 21: 22 21 22 23 22
Route 22: 22 21 20 28 27 28 37 28 20 15 16 21 22
Route 23: 22 23 13 6 13 23 24 23 22
Route 24: 22 21 16 15 20 19 26 27 28 20 21 22
Route 25: 22 30 29 37 36 35 34 43 42 45 46 47 44 35 36 37 29 30 22
Route 26: 22 23 22 21 20 29 30 31 30 22
Route 27: 22 30 29 37 36 35 34 33 34 35 36 37 38 39 30 22
