983
11
8059200
1748278484
0 1 1 11 78 4 (D 1,1,1) (S 8,12,11) (S 23,15,16) (D 1,1,1)
0 1 2 15 85 5 (D 1,1,1) (S 6,17,18) (S 12,8,7) (S 42,7,7) (D 1,1,1)
0 1 3 27 94 5 (D 1,1,1) (S 7,12,13) (S 19,13,17) (S 34,16,16) (D 1,1,1)
0 1 4 26 109 7 (D 1,1,1) (S 1,8,14) (S 21,14,18) (S 27,18,14) (S 35,14,14) (S 36,20,20) (D 1,1,1)
0 1 5 27 103 7 (D 1,1,1) (S 11,16,15) (S 25,21,15) (S 26,24,21) (S 30,21,21) (S 41,23,23) (D 1,1,1)
0 1 6 36 111 5 (D 1,1,1) (S 13,12,6) (S 29,6,6) (S 31,5,5) (D 1,1,1)
0 1 7 36 101 8 (D 1,1,1) (S 0,20,21) (S 2,11,15) (S 10,15,21) (S 17,17,13) (S 28,11,10) (S 32,9,9) (D 1,1,1)
0 1 8 31 87 6 (D 1,1,1) (S 9,24,23) (S 14,23,22) (S 38,22,22) (S 40,3,3) (D 1,1,1)
0 1 9 21 58 6 (D 1,1,1) (S 5,3,4) (S 16,11,5) (S 22,5,11) (S 37,2,2) (D 1,1,1)
0 1 10 40 72 7 (D 1,1,1) (S 3,1,2) (S 4,9,10) (S 18,10,20) (S 20,10,11) (S 39,4,4) (D 1,1,1)
0 1 11 40 85 5 (D 1,1,1) (S 15,9,3) (S 24,1,3) (S 33,19,19) (D 1,1,1)
