220
8
3012900
1748278478
0 1 1 14 16 3 (D 1,1,1) (S 26,2,2) (D 1,1,1)
0 1 2 11 16 4 (D 1,1,1) (S 7,6,10) (S 27,10,10) (D 1,1,1)
0 1 3 16 28 6 (D 1,1,1) (S 0,5,7) (S 11,7,9) (S 13,1,7) (S 21,7,7) (D 1,1,1)
0 1 4 21 31 6 (D 1,1,1) (S 2,2,4) (S 4,2,5) (S 23,5,5) (S 25,3,3) (D 1,1,1)
0 1 5 27 42 8 (D 1,1,1) (S 5,9,10) (S 6,1,6) (S 14,6,11) (S 18,2,6) (S 19,6,9) (S 20,4,9) (D 1,1,1)
0 1 6 15 20 4 (D 1,1,1) (S 8,1,2) (S 12,3,5) (D 1,1,1)
0 1 7 25 35 8 (D 1,1,1) (S 1,1,9) (S 3,8,10) (S 10,2,9) (S 15,6,7) (S 16,7,8) (S 22,8,8) (D 1,1,1)
0 1 8 25 32 5 (D 1,1,1) (S 9,1,11) (S 17,3,11) (S 24,4,4) (D 1,1,1)
