275
7
2283300
1748278478
0 1 1 5 29 5 (D 1,1,1) (S 0,5,6) (S 20,6,6) (S 22,11,11) (D 1,1,1)
0 1 2 4 22 5 (D 1,1,1) (S 1,4,11) (S 13,11,12) (S 18,10,10) (D 1,1,1)
0 1 3 4 31 5 (D 1,1,1) (S 4,2,5) (S 7,7,2) (S 23,2,2) (D 1,1,1)
0 1 4 5 29 5 (D 1,1,1) (S 2,3,8) (S 9,8,12) (S 16,8,8) (D 1,1,1)
0 1 5 6 51 6 (D 1,1,1) (S 5,3,4) (S 11,1,8) (S 15,3,3) (S 21,9,9) (D 1,1,1)
0 1 6 6 61 6 (D 1,1,1) (S 3,2,4) (S 10,9,10) (S 14,7,5) (S 19,5,5) (D 1,1,1)
0 1 7 7 52 6 (D 1,1,1) (S 6,2,1) (S 8,1,10) (S 12,7,4) (S 17,4,4) (D 1,1,1)
