583
6
3310107728401200
1750179032
0 1 1 5 41 7 (D 1,1,1) (S 25,1,12) (S 26,12,6) (S 8,5,6) (S 5,7,7) (S 21,7,6) (D 1,1,1)
0 1 2 5 150 7 (D 1,1,1) (S 19,1,7) (S 7,7,12) (S 23,3,4) (S 28,1,4) (S 0,3,3) (D 1,1,1)
0 1 3 5 83 7 (D 1,1,1) (S 4,12,12) (S 16,7,8) (S 15,8,11) (S 10,9,10) (S 1,10,10) (D 1,1,1)
0 1 4 5 117 7 (D 1,1,1) (S 9,2,3) (S 27,5,3) (S 13,5,11) (S 14,2,9) (S 17,2,4) (D 1,1,1)
0 1 5 5 100 7 (D 1,1,1) (S 18,1,2) (S 2,4,4) (S 20,1,10) (S 22,8,10) (S 6,2,2) (D 1,1,1)
0 1 6 4 92 6 (D 1,1,1) (S 24,9,11) (S 3,11,11) (S 11,10,11) (S 12,5,12) (D 1,1,1)
