573
9
7381500
1748278486
0 1 1 18 58 5 (D 1,1,1) (S 3,7,8) (S 13,8,14) (S 42,7,7) (D 1,1,1)
0 1 2 35 64 7 (D 1,1,1) (S 5,6,11) (S 10,16,12) (S 25,12,16) (S 32,16,16) (S 40,17,17) (D 1,1,1)
0 1 3 50 70 8 (D 1,1,1) (S 0,20,21) (S 8,21,24) (S 17,23,21) (S 18,21,23) (S 19,22,23) (S 37,23,23) (D 1,1,1)
0 1 4 18 28 6 (D 1,1,1) (S 14,9,19) (S 22,19,9) (S 28,3,3) (S 39,9,9) (D 1,1,1)
0 1 5 23 33 7 (D 1,1,1) (S 9,1,9) (S 16,3,10) (S 23,10,2) (S 38,4,4) (S 41,2,2) (D 1,1,1)
0 1 6 26 35 5 (D 1,1,1) (S 1,1,19) (S 12,22,19) (S 35,19,19) (D 1,1,1)
0 1 7 68 116 10 (D 1,1,1) (S 6,3,4) (S 7,4,5) (S 15,5,11) (S 20,2,5) (S 24,5,2) (S 27,13,13) (S 33,14,14) (S 36,20,20) (D 1,1,1)
0 1 8 59 90 7 (D 1,1,1) (S 4,6,7) (S 11,6,12) (S 26,11,12) (S 31,12,12) (S 34,15,15) (D 1,1,1)
0 1 9 61 79 6 (D 1,1,1) (S 2,19,20) (S 21,20,1) (S 29,11,11) (S 30,5,5) (D 1,1,1)
