16081
19
10388100
1748195715
0 1 1 146 635 8 (D 1,1,1) (S 1,82,82) (S 40,78,78) (S 109,80,82) (S 49,82,84) (S 21,92,92) (S 31,84,84) (D 1,1,1)
0 1 2 147 1223 8 (D 1,1,1) (S 2,25,25) (S 80,24,25) (S 103,25,27) (S 6,20,20) (S 79,20,22) (S 108,20,24) (D 1,1,1)
0 1 3 116 641 8 (D 1,1,1) (S 3,88,88) (S 82,84,85) (S 89,85,86) (S 33,125,125) (S 36,124,124) (S 10,118,118) (D 1,1,1)
0 1 4 148 906 8 (D 1,1,1) (S 4,46,46) (S 12,139,139) (S 52,33,139) (S 69,34,139) (S 62,44,45) (S 60,78,79) (D 1,1,1)
0 1 5 148 670 8 (D 1,1,1) (S 5,113,113) (S 47,107,112) (S 51,107,108) (S 83,110,111) (S 48,114,118) (S 84,110,112) (D 1,1,1)
0 1 6 128 880 9 (D 1,1,1) (S 7,103,103) (S 56,97,98) (S 96,96,97) (S 66,95,96) (S 57,67,68) (S 95,66,67) (S 113,62,66) (D 1,1,1)
0 1 7 148 770 8 (D 1,1,1) (S 8,43,43) (S 41,43,44) (S 19,42,42) (S 35,37,37) (S 67,43,46) (S 55,79,80) (D 1,1,1)
0 1 8 142 809 10 (D 1,1,1) (S 9,62,62) (S 61,62,63) (S 59,63,64) (S 26,64,64) (S 75,64,65) (S 39,54,54) (S 54,55,140) (S 114,54,55) (D 1,1,1)
0 1 9 147 829 8 (D 1,1,1) (S 11,70,70) (S 15,48,48) (S 30,49,49) (S 20,61,61) (S 43,69,71) (S 45,71,72) (D 1,1,1)
0 1 10 144 1172 10 (D 1,1,1) (S 13,11,11) (S 44,11,12) (S 18,30,30) (S 70,30,32) (S 73,28,30) (S 86,28,29) (S 87,27,28) (S 37,29,29) (D 1,1,1)
0 1 11 144 1117 9 (D 1,1,1) (S 14,13,13) (S 107,13,14) (S 23,16,16) (S 24,10,10) (S 28,15,15) (S 63,12,13) (S 64,11,33) (D 1,1,1)
0 1 12 141 868 9 (D 1,1,1) (S 16,38,38) (S 50,38,39) (S 92,39,40) (S 71,36,38) (S 29,36,36) (S 112,36,37) (S 93,37,43) (D 1,1,1)
0 1 13 129 658 6 (D 1,1,1) (S 17,134,134) (S 27,135,135) (S 111,126,130) (S 110,124,126) (D 1,1,1)
0 1 14 142 1221 7 (D 1,1,1) (S 22,5,5) (S 91,5,6) (S 42,8,9) (S 25,6,6) (S 53,6,8) (D 1,1,1)
0 1 15 146 777 8 (D 1,1,1) (S 32,76,76) (S 65,44,73) (S 97,72,73) (S 81,77,78) (S 99,46,77) (S 38,80,80) (D 1,1,1)
0 1 16 97 343 7 (D 1,1,1) (S 34,114,114) (S 85,106,107) (S 106,107,110) (S 115,112,113) (S 105,113,114) (D 1,1,1)
0 1 17 145 886 6 (D 1,1,1) (S 46,102,104) (S 90,108,109) (S 78,104,105) (S 58,105,106) (D 1,1,1)
0 1 18 77 276 6 (D 1,1,1) (S 68,2,117) (S 100,117,119) (S 101,116,117) (S 104,1,116) (D 1,1,1)
0 1 19 148 1400 10 (D 1,1,1) (S 72,8,11) (S 88,11,27) (S 94,48,49) (S 74,49,140) (S 102,34,45) (S 77,55,56) (S 76,67,69) (S 98,86,87) (D 1,1,1)
