29737
16
70053300
1748275969
0 1 1 377 461 3 (D 1,1,1) (S 48,3,3) (D 1,1,1)
0 1 2 385 769 6 (D 1,1,1) (S 2,28,38) (S 10,21,20) (S 51,21,21) (S 80,19,19) (D 1,1,1)
0 1 3 1441 2255 10 (D 1,1,1) (S 8,51,50) (S 25,52,52) (S 26,61,61) (S 39,69,69) (S 49,66,66) (S 52,51,51) (S 57,50,50) (S 76,68,68) (D 1,1,1)
0 1 4 1123 1627 8 (D 1,1,1) (S 0,55,56) (S 7,63,55) (S 23,46,46) (S 47,45,45) (S 69,48,48) (S 70,49,49) (D 1,1,1)
0 1 5 1082 1785 9 (D 1,1,1) (S 6,11,5) (S 11,39,40) (S 32,24,24) (S 43,25,25) (S 44,41,41) (S 68,31,31) (S 81,8,8) (D 1,1,1)
0 1 6 1572 2329 8 (D 1,1,1) (S 4,47,48) (S 27,65,65) (S 31,67,67) (S 34,43,43) (S 53,53,53) (S 79,7,7) (D 1,1,1)
0 1 7 1780 2672 10 (D 1,1,1) (S 13,35,48) (S 18,47,47) (S 28,9,9) (S 35,26,26) (S 41,12,12) (S 58,37,37) (S 63,44,44) (S 64,28,28) (D 1,1,1)
0 1 8 1477 2145 8 (D 1,1,1) (S 1,49,64) (S 12,62,54) (S 16,65,66) (S 45,57,57) (S 73,36,36) (S 77,11,11) (D 1,1,1)
0 1 9 1759 2418 8 (D 1,1,1) (S 5,5,12) (S 21,15,15) (S 42,42,42) (S 46,14,14) (S 65,29,29) (S 67,20,20) (D 1,1,1)
0 1 10 1224 1488 6 (D 1,1,1) (S 9,4,11) (S 37,4,4) (S 40,6,6) (S 50,5,5) (D 1,1,1)
0 1 11 1374 1876 5 (D 1,1,1) (S 17,39,39) (S 36,23,23) (S 59,40,40) (D 1,1,1)
0 1 12 1181 1603 6 (D 1,1,1) (S 3,18,19) (S 22,10,10) (S 66,2,2) (S 78,22,22) (D 1,1,1)
0 1 13 1554 2038 6 (D 1,1,1) (S 20,33,33) (S 29,63,63) (S 62,55,55) (S 71,58,58) (D 1,1,1)
0 1 14 1490 2022 9 (D 1,1,1) (S 14,16,1) (S 15,59,50) (S 24,38,38) (S 61,35,35) (S 72,34,34) (S 74,27,27) (S 75,16,16) (D 1,1,1)
0 1 15 1601 1982 6 (D 1,1,1) (S 30,18,18) (S 33,64,64) (S 54,56,56) (S 56,62,62) (D 1,1,1)
0 1 16 1755 2267 6 (D 1,1,1) (S 19,17,17) (S 38,32,32) (S 55,60,60) (S 60,59,59) (D 1,1,1)
