1587
22
100327500
1748278486
0 1 1 15 56 5 (D 1,1,1) (S 1,41,49) (S 36,49,48) (S 94,49,49) (D 1,1,1)
0 1 2 24 83 7 (D 1,1,1) (S 0,46,47) (S 38,35,36) (S 57,44,50) (S 96,50,50) (S 106,37,37) (D 1,1,1)
0 1 3 30 71 8 (D 1,1,1) (S 2,28,32) (S 7,32,38) (S 17,38,37) (S 53,37,43) (S 60,50,44) (S 108,44,44) (D 1,1,1)
0 1 4 18 50 6 (D 1,1,1) (S 12,26,29) (S 27,34,35) (S 66,35,27) (S 97,27,27) (D 1,1,1)
0 1 5 11 40 5 (D 1,1,1) (S 22,30,20) (S 41,14,15) (S 84,15,15) (D 1,1,1)
0 1 6 23 66 6 (D 1,1,1) (S 42,24,23) (S 64,22,23) (S 80,31,31) (S 95,28,28) (D 1,1,1)
0 1 7 28 68 6 (D 1,1,1) (S 5,31,37) (S 16,37,32) (S 88,25,25) (S 92,32,32) (D 1,1,1)
0 1 8 30 73 7 (D 1,1,1) (S 3,27,36) (S 4,43,45) (S 19,45,38) (S 101,38,38) (S 103,22,22) (D 1,1,1)
0 1 9 45 102 8 (D 1,1,1) (S 10,27,30) (S 26,27,35) (S 51,50,49) (S 74,41,41) (S 82,36,36) (S 99,42,42) (D 1,1,1)
0 1 10 34 74 7 (D 1,1,1) (S 11,22,31) (S 29,15,16) (S 63,24,16) (S 69,24,24) (S 75,16,16) (D 1,1,1)
0 1 11 65 117 9 (D 1,1,1) (S 9,33,46) (S 15,33,39) (S 32,39,29) (S 65,29,33) (S 83,33,33) (S 87,48,48) (S 90,40,40) (D 1,1,1)
0 1 12 25 60 7 (D 1,1,1) (S 21,22,21) (S 31,21,27) (S 34,18,29) (S 37,30,26) (S 89,34,34) (D 1,1,1)
0 1 13 24 66 6 (D 1,1,1) (S 18,12,11) (S 30,11,12) (S 49,10,17) (S 70,17,17) (D 1,1,1)
0 1 14 40 91 8 (D 1,1,1) (S 28,38,43) (S 39,43,42) (S 43,50,45) (S 68,45,50) (S 72,43,43) (S 79,23,23) (D 1,1,1)
0 1 15 42 79 8 (D 1,1,1) (S 47,19,20) (S 48,20,30) (S 50,33,29) (S 100,29,29) (S 102,18,18) (S 105,26,26) (D 1,1,1)
0 1 16 29 75 7 (D 1,1,1) (S 13,6,13) (S 14,15,23) (S 25,10,4) (S 93,4,4) (S 107,3,3) (D 1,1,1)
0 1 17 23 37 5 (D 1,1,1) (S 40,5,11) (S 54,11,5) (S 85,5,5) (D 1,1,1)
0 1 18 24 50 5 (D 1,1,1) (S 33,21,13) (S 67,14,22) (S 77,9,9) (D 1,1,1)
0 1 19 34 50 8 (D 1,1,1) (S 8,6,7) (S 23,8,7) (S 24,7,2) (S 71,7,7) (S 73,8,8) (S 86,6,6) (D 1,1,1)
0 1 20 52 105 9 (D 1,1,1) (S 55,18,5) (S 56,13,21) (S 58,13,12) (S 59,13,14) (S 61,31,27) (S 62,7,13) (S 76,20,20) (D 1,1,1)
0 1 21 55 109 9 (D 1,1,1) (S 6,3,9) (S 20,16,24) (S 35,24,25) (S 45,17,16) (S 52,16,17) (S 81,10,10) (S 91,2,2) (D 1,1,1)
0 1 22 33 65 7 (D 1,1,1) (S 44,1,5) (S 46,18,19) (S 78,30,30) (S 98,19,19) (S 104,12,12) (D 1,1,1)
