528
10
6392400
1748278478
0 1 1 12 44 5 (D 1,1,1) (S 4,11,16) (S 31,15,15) (S 36,6,6) (D 1,1,1)
0 1 2 9 27 5 (D 1,1,1) (S 8,2,3) (S 20,3,4) (S 25,4,4) (D 1,1,1)
0 1 3 31 59 8 (D 1,1,1) (S 1,18,19) (S 2,9,10) (S 5,10,12) (S 14,12,17) (S 16,17,18) (S 37,10,10) (D 1,1,1)
0 1 4 25 50 6 (D 1,1,1) (S 3,4,7) (S 26,7,7) (S 30,13,13) (S 34,14,14) (D 1,1,1)
0 1 5 13 46 6 (D 1,1,1) (S 6,5,14) (S 19,13,22) (S 27,2,2) (S 29,5,5) (D 1,1,1)
0 1 6 19 44 5 (D 1,1,1) (S 0,2,4) (S 7,4,6) (S 33,11,11) (D 1,1,1)
0 1 7 36 63 7 (D 1,1,1) (S 11,5,1) (S 12,1,8) (S 15,8,20) (S 24,20,20) (S 28,21,21) (D 1,1,1)
0 1 8 21 42 5 (D 1,1,1) (S 9,4,11) (S 21,16,17) (S 32,8,8) (D 1,1,1)
0 1 9 24 47 5 (D 1,1,1) (S 13,2,1) (S 23,19,19) (S 35,9,9) (D 1,1,1)
0 1 10 34 106 6 (D 1,1,1) (S 10,2,22) (S 17,7,2) (S 18,10,18) (S 22,3,3) (D 1,1,1)
