Custo total da solução: 5511
Total de rotas: 9
⏱️ Tempo total: 12402446000 ns
clocks totais do algoritimo referência: 37207338000 clocks
Route 1: 1 2 11 10 18 29 30 42 41 29 30 31 38 43 44 45 40 39 32 33 27 21 20 19 11 10 1
Route 2: 1 2 3 4 5 6 14 23 22 28 34 33 27 21 20 31 38 43 42 41 29 30 31 38 43 44 45 40 39 32 33 27 21 20 19 11 10 1
Route 3: 2 11 10 1 2 3 4 5 6 14 13 22 28 34 35 23 22 21 20 19 11 10 18 19 11 10 1
Route 4: 1 2 3 4 5 6 14 23 24 36 48 49 37 36 48 47 46 47 35 23 22 28 34 33 40 39 32 33 27 21 20 19 11 10 1
Route 5: 1 2 11 10 18 19 11 10 1 2 3 4 3 12 11 10 1
Route 6: 1 2 3 4 5 6 7 8 9 17 16 25 26 16 15 24 36 35 23 14 23 22 21 20 19 11 10 1
Route 7: 1 2 3 4 5 6 7 16 25 16 15 24 36 35 23 22 28 34 35 23 14 13 5 6 14 23 22 21 20 19 11 10 1
Route 8: 1 2 11 10 18 19 20 12 11 10 1 2 3 4 5 6 7 8 9 8 16 15 24 25 16 15 14 13 5 6 14 23 22 21 20 19 11 10 1
Route 9: 1 2 11 10 1
