1554
26
129204300
1748278479
0 1 1 15 52 5 (D 1,1,1) (S 6,25,28) (S 47,28,38) (S 111,38,38) (D 1,1,1)
0 1 2 21 60 6 (D 1,1,1) (S 7,38,43) (S 34,45,38) (S 79,38,28) (S 108,37,37) (D 1,1,1)
0 1 3 32 70 7 (D 1,1,1) (S 2,27,36) (S 4,44,50) (S 37,50,43) (S 92,45,50) (S 99,43,43) (D 1,1,1)
0 1 4 10 40 5 (D 1,1,1) (S 35,32,31) (S 84,31,32) (S 110,31,31) (D 1,1,1)
0 1 5 25 45 7 (D 1,1,1) (S 5,26,34) (S 29,34,40) (S 32,34,30) (S 83,30,34) (S 88,26,18) (D 1,1,1)
0 1 6 34 85 8 (D 1,1,1) (S 19,27,35) (S 54,35,41) (S 55,42,36) (S 56,42,44) (S 106,44,44) (S 109,33,33) (D 1,1,1)
0 1 7 34 71 9 (D 1,1,1) (S 30,15,23) (S 42,23,31) (S 43,31,37) (S 62,50,45) (S 70,45,43) (S 89,43,45) (S 90,43,42) (D 1,1,1)
0 1 8 20 47 5 (D 1,1,1) (S 65,31,23) (S 85,23,24) (S 105,24,24) (D 1,1,1)
0 1 9 27 68 6 (D 1,1,1) (S 9,16,17) (S 67,10,17) (S 74,17,10) (S 118,17,17) (D 1,1,1)
0 1 10 15 48 7 (D 1,1,1) (S 11,33,34) (S 45,40,47) (S 86,47,40) (S 93,26,30) (S 117,11,11) (D 1,1,1)
0 1 11 34 55 7 (D 1,1,1) (S 12,15,16) (S 36,16,9) (S 60,9,16) (S 71,16,24) (S 77,24,32) (D 1,1,1)
0 1 12 14 34 4 (D 1,1,1) (S 16,11,19) (S 68,19,26) (D 1,1,1)
0 1 13 28 72 6 (D 1,1,1) (S 27,21,27) (S 53,49,48) (S 66,42,41) (S 113,47,47) (D 1,1,1)
0 1 14 21 39 5 (D 1,1,1) (S 17,20,21) (S 44,21,22) (S 101,22,22) (D 1,1,1)
0 1 15 25 66 7 (D 1,1,1) (S 21,8,14) (S 26,35,36) (S 72,36,42) (S 95,35,34) (S 98,26,26) (D 1,1,1)
0 1 16 7 22 4 (D 1,1,1) (S 58,7,6) (S 112,12,12) (D 1,1,1)
0 1 17 47 77 8 (D 1,1,1) (S 3,2,7) (S 24,2,3) (S 28,3,4) (S 96,4,4) (S 103,3,3) (S 104,9,9) (D 1,1,1)
0 1 18 37 76 9 (D 1,1,1) (S 0,12,20) (S 8,29,33) (S 10,40,41) (S 33,48,41) (S 39,41,49) (S 87,49,41) (S 91,49,50) (D 1,1,1)
0 1 19 20 58 6 (D 1,1,1) (S 13,14,22) (S 15,44,49) (S 51,41,48) (S 94,48,49) (D 1,1,1)
0 1 20 29 85 6 (D 1,1,1) (S 22,19,20) (S 25,33,46) (S 69,46,47) (S 115,39,39) (D 1,1,1)
0 1 21 28 46 6 (D 1,1,1) (S 1,1,5) (S 61,5,11) (S 75,18,26) (S 76,20,30) (D 1,1,1)
0 1 22 26 68 6 (D 1,1,1) (S 14,5,6) (S 18,18,19) (S 52,30,26) (S 81,18,29) (D 1,1,1)
0 1 23 59 110 9 (D 1,1,1) (S 20,9,15) (S 23,32,37) (S 31,37,38) (S 38,32,38) (S 49,28,32) (S 78,37,36) (S 114,27,27) (D 1,1,1)
0 1 24 23 45 7 (D 1,1,1) (S 40,8,7) (S 41,8,9) (S 57,9,8) (S 97,7,7) (S 100,13,13) (D 1,1,1)
0 1 25 23 38 5 (D 1,1,1) (S 63,5,18) (S 64,13,6) (S 82,6,12) (D 1,1,1)
0 1 26 50 77 11 (D 1,1,1) (S 46,2,1) (S 48,11,12) (S 50,13,7) (S 59,7,13) (S 73,13,12) (S 80,12,13) (S 102,23,23) (S 107,14,14) (S 116,6,6) (D 1,1,1)
