1494
17
67534800
1748278481
0 1 1 20 73 5 (D 1,1,1) (S 0,30,31) (S 50,31,32) (S 79,32,32) (D 1,1,1)
0 1 2 18 54 5 (D 1,1,1) (S 1,19,25) (S 30,25,29) (S 77,29,29) (D 1,1,1)
0 1 3 21 70 6 (D 1,1,1) (S 15,10,16) (S 37,15,9) (S 38,9,15) (S 62,15,21) (D 1,1,1)
0 1 4 32 94 7 (D 1,1,1) (S 3,23,24) (S 6,23,28) (S 33,28,34) (S 76,34,34) (S 84,21,21) (D 1,1,1)
0 1 5 26 71 6 (D 1,1,1) (S 9,13,14) (S 13,21,22) (S 21,28,27) (S 85,27,27) (D 1,1,1)
0 1 6 38 101 6 (D 1,1,1) (S 20,11,10) (S 52,10,11) (S 72,3,3) (S 74,4,4) (D 1,1,1)
0 1 7 49 106 8 (D 1,1,1) (S 11,12,13) (S 12,26,31) (S 24,32,27) (S 63,27,28) (S 71,33,33) (S 75,28,28) (D 1,1,1)
0 1 8 55 130 10 (D 1,1,1) (S 18,25,26) (S 19,14,15) (S 22,8,9) (S 29,3,10) (S 31,3,4) (S 42,11,17) (S 46,17,24) (S 81,24,24) (D 1,1,1)
0 1 9 47 102 9 (D 1,1,1) (S 10,4,10) (S 16,16,17) (S 26,17,11) (S 40,11,5) (S 60,5,11) (S 73,11,11) (S 82,2,2) (D 1,1,1)
0 1 10 19 81 6 (D 1,1,1) (S 25,3,2) (S 35,20,26) (S 64,26,26) (S 80,7,7) (D 1,1,1)
0 1 11 45 96 9 (D 1,1,1) (S 17,2,13) (S 28,13,7) (S 34,7,13) (S 53,21,15) (S 54,16,15) (S 61,21,20) (S 78,14,14) (D 1,1,1)
0 1 12 42 81 8 (D 1,1,1) (S 2,13,19) (S 32,19,20) (S 39,20,14) (S 51,26,20) (S 68,8,8) (S 69,12,12) (D 1,1,1)
0 1 13 18 61 5 (D 1,1,1) (S 4,29,30) (S 65,30,30) (S 66,6,6) (D 1,1,1)
0 1 14 30 65 6 (D 1,1,1) (S 36,7,6) (S 48,1,7) (S 49,20,19) (S 67,19,19) (D 1,1,1)
0 1 15 34 69 7 (D 1,1,1) (S 14,6,12) (S 27,18,12) (S 47,18,29) (S 55,29,25) (S 57,25,30) (D 1,1,1)
0 1 16 46 97 8 (D 1,1,1) (S 5,1,2) (S 7,15,22) (S 8,22,23) (S 43,22,28) (S 56,34,24) (S 58,6,7) (D 1,1,1)
0 1 17 74 143 9 (D 1,1,1) (S 23,6,18) (S 41,16,23) (S 44,24,17) (S 45,24,11) (S 59,5,4) (S 70,10,10) (S 83,9,9) (D 1,1,1)
