634
13
13868100
1748278479
0 1 1 20 45 5 (D 1,1,1) (S 23,15,20) (S 28,21,23) (S 39,23,21) (D 1,1,1)
0 1 2 23 55 5 (D 1,1,1) (S 5,15,21) (S 12,23,24) (S 49,23,23) (D 1,1,1)
0 1 3 13 34 6 (D 1,1,1) (S 16,11,5) (S 29,4,2) (S 38,2,4) (S 40,5,2) (D 1,1,1)
0 1 4 35 66 8 (D 1,1,1) (S 7,6,7) (S 15,6,12) (S 19,12,17) (S 43,16,16) (S 46,15,15) (S 47,19,19) (D 1,1,1)
0 1 5 36 61 7 (D 1,1,1) (S 21,2,5) (S 24,12,11) (S 30,11,12) (S 32,12,6) (S 51,6,6) (D 1,1,1)
0 1 6 9 23 5 (D 1,1,1) (S 20,1,5) (S 34,5,1) (S 36,10,2) (D 1,1,1)
0 1 7 28 65 8 (D 1,1,1) (S 0,20,21) (S 2,17,18) (S 10,16,17) (S 11,13,17) (S 25,13,7) (S 53,7,7) (D 1,1,1)
0 1 8 33 45 6 (D 1,1,1) (S 8,3,4) (S 9,4,5) (S 26,5,11) (S 50,11,11) (D 1,1,1)
0 1 9 30 39 5 (D 1,1,1) (S 1,1,19) (S 31,19,22) (S 44,22,22) (D 1,1,1)
0 1 10 20 27 6 (D 1,1,1) (S 14,1,9) (S 27,3,9) (S 37,9,3) (S 48,3,3) (D 1,1,1)
0 1 11 58 86 8 (D 1,1,1) (S 4,5,6) (S 6,7,8) (S 17,8,14) (S 18,14,8) (S 41,14,14) (S 45,13,13) (D 1,1,1)
0 1 12 20 26 5 (D 1,1,1) (S 33,1,20) (S 35,20,1) (S 42,9,9) (D 1,1,1)
0 1 13 33 62 6 (D 1,1,1) (S 3,19,20) (S 13,21,24) (S 22,17,12) (S 52,12,12) (D 1,1,1)
