1113
23
39751200
1748278484
0 1 1 21 55 5 (D 1,1,1) (S 6,32,39) (S 38,39,5) (S 79,5,5) (D 1,1,1)
0 1 2 21 59 5 (D 1,1,1) (S 23,39,38) (S 24,38,39) (S 68,32,32) (D 1,1,1)
0 1 3 18 46 4 (D 1,1,1) (S 43,20,17) (S 56,17,17) (D 1,1,1)
0 1 4 17 39 7 (D 1,1,1) (S 0,3,7) (S 16,13,18) (S 26,18,13) (S 31,3,4) (S 57,4,4) (D 1,1,1)
0 1 5 8 23 4 (D 1,1,1) (S 33,15,16) (S 74,16,16) (D 1,1,1)
0 1 6 13 32 4 (D 1,1,1) (S 9,26,27) (S 70,27,27) (D 1,1,1)
0 1 7 15 37 5 (D 1,1,1) (S 1,29,36) (S 32,37,3) (S 78,3,3) (D 1,1,1)
0 1 8 26 43 5 (D 1,1,1) (S 3,8,14) (S 65,14,14) (S 66,15,15) (D 1,1,1)
0 1 9 10 18 4 (D 1,1,1) (S 36,40,1) (S 48,1,40) (D 1,1,1)
0 1 10 20 34 4 (D 1,1,1) (S 29,16,10) (S 67,10,10) (D 1,1,1)
0 1 11 25 53 6 (D 1,1,1) (S 27,31,37) (S 39,37,30) (S 44,37,36) (S 64,36,36) (D 1,1,1)
0 1 12 25 54 5 (D 1,1,1) (S 11,33,34) (S 30,35,34) (S 55,28,28) (D 1,1,1)
0 1 13 28 67 7 (D 1,1,1) (S 21,12,11) (S 34,11,12) (S 40,18,17) (S 50,21,20) (S 69,20,20) (D 1,1,1)
0 1 14 22 46 6 (D 1,1,1) (S 12,27,34) (S 37,34,35) (S 52,7,6) (S 58,6,6) (D 1,1,1)
0 1 15 18 30 5 (D 1,1,1) (S 7,1,6) (S 20,1,2) (S 49,2,3) (D 1,1,1)
0 1 16 23 36 4 (D 1,1,1) (S 41,26,33) (S 73,33,33) (D 1,1,1)
0 1 17 47 88 9 (D 1,1,1) (S 10,13,19) (S 13,23,24) (S 42,24,21) (S 45,21,22) (S 63,22,22) (S 76,21,21) (S 77,12,12) (D 1,1,1)
0 1 18 36 58 6 (D 1,1,1) (S 2,35,36) (S 4,29,30) (S 18,30,31) (S 75,31,31) (D 1,1,1)
0 1 19 31 45 7 (D 1,1,1) (S 8,2,36) (S 25,2,6) (S 35,6,2) (S 47,2,1) (S 51,1,8) (D 1,1,1)
0 1 20 42 71 8 (D 1,1,1) (S 15,26,34) (S 17,8,9) (S 19,9,10) (S 22,10,9) (S 28,9,8) (S 54,8,8) (D 1,1,1)
0 1 21 38 81 6 (D 1,1,1) (S 5,22,25) (S 53,24,24) (S 59,7,7) (S 61,18,18) (D 1,1,1)
0 1 22 29 61 6 (D 1,1,1) (S 14,31,38) (S 62,38,38) (S 71,37,37) (S 72,11,11) (D 1,1,1)
0 1 23 26 37 4 (D 1,1,1) (S 46,11,1) (S 60,35,35) (D 1,1,1)
