1494
24
88001100
1748278485
0 1 1 20 68 6 (D 1,1,1) (S 28,50,44) (S 40,42,44) (S 91,44,44) (S 105,36,36) (D 1,1,1)
0 1 2 15 57 4 (D 1,1,1) (S 1,3,9) (S 65,3,4) (D 1,1,1)
0 1 3 24 52 8 (D 1,1,1) (S 2,34,35) (S 13,35,36) (S 22,42,41) (S 30,48,47) (S 76,47,47) (S 100,40,40) (D 1,1,1)
0 1 4 29 64 6 (D 1,1,1) (S 18,10,17) (S 38,17,25) (S 58,25,24) (S 92,25,25) (D 1,1,1)
0 1 5 24 48 5 (D 1,1,1) (S 0,26,34) (S 5,40,41) (S 87,48,48) (D 1,1,1)
0 1 6 22 67 5 (D 1,1,1) (S 47,49,41) (S 56,41,42) (S 90,49,49) (D 1,1,1)
0 1 7 32 78 6 (D 1,1,1) (S 24,43,37) (S 34,28,38) (S 67,38,32) (S 88,24,24) (D 1,1,1)
0 1 8 13 42 5 (D 1,1,1) (S 45,18,19) (S 55,30,34) (S 107,26,26) (D 1,1,1)
0 1 9 16 33 5 (D 1,1,1) (S 37,5,18) (S 39,18,29) (S 99,29,29) (D 1,1,1)
0 1 10 14 42 5 (D 1,1,1) (S 49,36,27) (S 71,26,19) (S 109,11,11) (D 1,1,1)
0 1 11 22 41 8 (D 1,1,1) (S 20,14,13) (S 33,13,14) (S 42,14,15) (S 59,23,24) (S 66,16,15) (S 104,15,15) (D 1,1,1)
0 1 12 27 67 6 (D 1,1,1) (S 4,16,17) (S 52,4,10) (S 97,10,10) (S 98,9,9) (D 1,1,1)
0 1 13 34 79 7 (D 1,1,1) (S 12,24,32) (S 16,43,45) (S 69,44,42) (S 73,37,31) (S 96,31,31) (D 1,1,1)
0 1 14 27 69 7 (D 1,1,1) (S 9,43,50) (S 43,50,45) (S 70,45,50) (S 83,37,37) (S 101,23,23) (D 1,1,1)
0 1 15 50 100 7 (D 1,1,1) (S 7,28,32) (S 10,32,37) (S 61,31,37) (S 78,43,43) (S 89,38,38) (D 1,1,1)
0 1 16 32 75 9 (D 1,1,1) (S 19,18,26) (S 26,34,40) (S 54,40,34) (S 75,35,35) (S 93,18,18) (S 94,19,19) (S 95,5,5) (D 1,1,1)
0 1 17 50 91 8 (D 1,1,1) (S 8,11,19) (S 11,29,39) (S 21,46,47) (S 53,47,48) (S 79,41,41) (S 86,33,33) (D 1,1,1)
0 1 18 44 77 9 (D 1,1,1) (S 15,27,31) (S 17,15,23) (S 23,16,24) (S 27,16,9) (S 41,9,8) (S 82,8,8) (S 85,2,2) (D 1,1,1)
0 1 19 29 52 6 (D 1,1,1) (S 35,21,22) (S 48,15,9) (S 50,8,14) (S 108,14,14) (D 1,1,1)
0 1 20 41 70 7 (D 1,1,1) (S 36,5,6) (S 44,1,5) (S 46,19,20) (S 60,21,27) (S 84,27,27) (D 1,1,1)
0 1 21 32 58 8 (D 1,1,1) (S 14,11,12) (S 57,12,13) (S 74,13,13) (S 80,22,22) (S 81,21,21) (S 102,12,12) (D 1,1,1)
0 1 22 33 46 8 (D 1,1,1) (S 6,1,6) (S 29,1,2) (S 32,7,2) (S 51,2,7) (S 68,6,7) (S 77,7,7) (D 1,1,1)
0 1 23 26 46 6 (D 1,1,1) (S 63,13,6) (S 64,2,1) (S 72,5,1) (S 110,6,6) (D 1,1,1)
0 1 24 48 72 8 (D 1,1,1) (S 3,29,33) (S 25,33,40) (S 31,34,33) (S 62,33,34) (S 103,34,34) (S 106,20,20) (D 1,1,1)
