901
7
8884756500
8884756500
0 1 1 105 45 11 (D 0,1,1) (S 1,1,11) (S 2,1,11) (S 3,1,40) (S 4,40,8) (S 5,9,8) (S 6,9,15) (S 7,15,14) (S 8,15,14) (S 9,15,16) (S 10,10,16) (S 11,1,10) (D 0,1,1)
0 1 2 148 60 16 (D 0,1,1) (S 12,1,11) (S 13,1,11) (S 14,1,35) (S 15,1,35) (S 16,1,33) (S 17,34,33) (S 18,27,34) (S 19,27,28) (S 20,34,33) (S 21,1,33) (S 22,1,40) (S 23,40,8) (S 24,1,8) (S 25,1,6) (S 26,2,6) (S 27,1,2) (D 0,1,1)
0 1 3 135 62 24 (D 0,1,1) (S 28,1,6) (S 29,7,6) (S 30,7,13) (S 31,18,13) (S 32,18,22) (S 33,22,21) (S 34,20,21) (S 35,20,23) (S 36,23,24) (S 37,24,25) (S 38,22,25) (S 39,18,22) (S 40,18,13) (S 41,7,13) (S 42,3,7) (S 43,3,4) (S 44,4,38) (S 45,37,38) (S 46,3,37) (S 47,3,7) (S 48,7,6) (S 49,6,12) (S 50,6,12) (S 51,1,6) (D 0,1,1)
0 1 4 134 50 18 (D 0,1,1) (S 52,1,2) (S 53,36,2) (S 54,36,37) (S 55,30,37) (S 56,30,31) (S 57,31,38) (S 58,4,38) (S 59,5,4) (S 60,39,5) (S 61,39,32) (S 62,39,32) (S 63,39,5) (S 64,5,4) (S 65,4,38) (S 66,37,38) (S 67,36,37) (S 68,36,2) (S 69,1,2) (D 0,1,1)
0 1 5 108 55 10 (D 0,1,1) (S 70,1,10) (S 71,1,10) (S 72,35,36) (S 73,34,35) (S 74,27,34) (S 75,27,28) (S 76,27,28) (S 77,27,26) (S 78,26,33) (S 79,1,33) (D 0,1,1)
0 1 6 118 50 14 (D 0,1,1) (S 80,1,2) (S 81,36,2) (S 82,36,37) (S 83,3,37) (S 84,3,7) (S 85,7,13) (S 86,18,13) (S 87,19,18) (S 88,19,18) (S 89,18,22) (S 90,20,17) (S 91,17,12) (S 92,6,12) (S 93,1,6) (D 0,1,1)
0 1 7 97 67 11 (D 0,1,1) (S 94,1,8) (S 95,1,33) (S 96,1,35) (S 97,35,36) (S 98,29,36) (S 99,30,29) (S 100,30,37) (S 101,3,37) (S 102,2,3) (S 103,6,12) (S 104,1,6) (D 0,1,1)
