1398
15
37109100
1748278487
0 1 1 21 64 5 (D 1,1,1) (S 20,22,15) (S 56,15,15) (S 71,14,14) (D 1,1,1)
0 1 2 28 83 6 (D 1,1,1) (S 9,16,23) (S 16,24,23) (S 42,23,24) (S 68,22,22) (D 1,1,1)
0 1 3 29 84 7 (D 1,1,1) (S 0,13,14) (S 1,20,21) (S 33,23,28) (S 34,34,24) (S 67,24,24) (D 1,1,1)
0 1 4 55 129 10 (D 1,1,1) (S 3,8,9) (S 11,4,10) (S 19,15,9) (S 21,9,15) (S 25,26,31) (S 64,31,31) (S 66,29,29) (S 72,25,25) (D 1,1,1)
0 1 5 67 129 9 (D 1,1,1) (S 2,9,10) (S 5,16,17) (S 12,17,11) (S 38,5,11) (S 48,17,17) (S 60,16,16) (S 65,10,10) (D 1,1,1)
0 1 6 13 32 4 (D 1,1,1) (S 18,12,6) (S 37,1,6) (D 1,1,1)
0 1 7 38 81 9 (D 1,1,1) (S 6,1,7) (S 15,7,13) (S 28,14,20) (S 29,26,20) (S 44,27,26) (S 55,27,27) (S 63,20,20) (D 1,1,1)
0 1 8 19 77 6 (D 1,1,1) (S 17,1,2) (S 22,32,33) (S 24,34,33) (S 69,33,33) (D 1,1,1)
0 1 9 35 69 5 (D 1,1,1) (S 36,19,12) (S 61,12,12) (S 70,18,18) (D 1,1,1)
0 1 10 44 103 8 (D 1,1,1) (S 7,4,11) (S 14,3,4) (S 27,4,3) (S 31,9,3) (S 46,2,8) (S 50,2,2) (D 1,1,1)
0 1 11 55 106 6 (D 1,1,1) (S 23,13,12) (S 39,18,19) (S 53,19,19) (S 57,30,30) (D 1,1,1)
0 1 12 77 169 8 (D 1,1,1) (S 32,21,15) (S 45,15,21) (S 47,27,21) (S 49,21,21) (S 51,28,28) (S 59,11,11) (D 1,1,1)
0 1 13 45 95 8 (D 1,1,1) (S 26,6,1) (S 35,13,2) (S 40,2,13) (S 52,13,13) (S 58,4,4) (S 73,3,3) (D 1,1,1)
0 1 14 30 78 6 (D 1,1,1) (S 8,6,7) (S 10,27,28) (S 41,28,22) (S 74,23,23) (D 1,1,1)
0 1 15 58 99 8 (D 1,1,1) (S 4,6,18) (S 13,19,18) (S 30,19,25) (S 43,25,26) (S 54,26,26) (S 62,8,8) (D 1,1,1)
