254
8
19493400
1748278478
0 1 1 28 59 4 (D 1,1,1) (S 11,8,9) (S 18,9,9) (D 1,1,1)
0 1 2 26 44 6 (D 1,1,1) (S 4,2,3) (S 12,3,6) (S 19,6,6) (S 23,3,3) (D 1,1,1)
0 1 3 34 -43 6 (D 1,1,1) (S 1,5,7) (S 2,7,8) (S 8,8,10) (S 10,1,8) (D 1,1,1)
0 1 4 39 11 7 (D 1,1,1) (S 0,6,7) (S 3,7,9) (S 5,5,6) (S 9,3,7) (S 21,7,7) (D 1,1,1)
0 1 5 33 45 5 (D 1,1,1) (S 6,4,5) (S 7,2,5) (S 20,4,4) (D 1,1,1)
0 1 6 26 36 4 (D 1,1,1) (S 13,4,1) (S 14,1,7) (D 1,1,1)
0 1 7 26 47 4 (D 1,1,1) (S 16,2,1) (S 17,2,2) (D 1,1,1)
0 1 8 33 55 4 (D 1,1,1) (S 15,3,1) (S 22,5,5) (D 1,1,1)
