223
8
2082600
1748278479
0 1 1 22 26 3 (D 1,1,1) (S 17,3,3) (D 1,1,1)
0 1 2 17 25 3 (D 1,1,1) (S 21,6,6) (D 1,1,1)
0 1 3 13 37 8 (D 1,1,1) (S 0,6,9) (S 6,2,9) (S 7,7,9) (S 14,6,11) (S 16,8,8) (S 19,10,10) (D 1,1,1)
0 1 4 14 22 4 (D 1,1,1) (S 4,9,10) (S 15,7,8) (D 1,1,1)
0 1 5 13 22 6 (D 1,1,1) (S 1,1,9) (S 2,7,11) (S 13,1,5) (S 20,5,5) (D 1,1,1)
0 1 6 26 28 7 (D 1,1,1) (S 3,1,11) (S 5,1,2) (S 9,2,4) (S 10,4,7) (S 18,7,7) (D 1,1,1)
0 1 7 27 38 5 (D 1,1,1) (S 8,7,10) (S 12,1,8) (S 22,4,4) (D 1,1,1)
0 1 8 22 25 4 (D 1,1,1) (S 11,2,8) (S 23,2,2) (D 1,1,1)
