1502
19
43297200
1748278487
0 1 1 21 23 3 (D 1,1,1) (S 53,2,2) (D 1,1,1)
0 1 2 17 106 7 (D 1,1,1) (S 4,38,39) (S 29,40,39) (S 31,39,40) (S 56,40,40) (S 76,41,41) (D 1,1,1)
0 1 3 9 63 4 (D 1,1,1) (S 6,33,37) (S 81,33,33) (D 1,1,1)
0 1 4 16 60 6 (D 1,1,1) (S 10,15,10) (S 16,25,26) (S 44,27,20) (S 71,20,20) (D 1,1,1)
0 1 5 52 105 8 (D 1,1,1) (S 0,18,22) (S 35,22,21) (S 36,22,28) (S 65,28,28) (S 66,21,21) (S 72,27,27) (D 1,1,1)
0 1 6 65 129 10 (D 1,1,1) (S 7,14,15) (S 8,19,20) (S 34,21,27) (S 37,32,36) (S 38,36,35) (S 42,34,29) (S 70,29,29) (S 73,30,30) (D 1,1,1)
0 1 7 18 48 5 (D 1,1,1) (S 39,23,14) (S 49,14,23) (S 80,23,23) (D 1,1,1)
0 1 8 20 66 5 (D 1,1,1) (S 26,21,20) (S 41,17,20) (S 74,11,11) (D 1,1,1)
0 1 9 42 97 6 (D 1,1,1) (S 2,27,32) (S 25,31,35) (S 52,31,31) (S 77,25,25) (D 1,1,1)
0 1 10 30 103 7 (D 1,1,1) (S 22,38,34) (S 43,34,35) (S 59,34,34) (S 78,35,35) (S 79,14,14) (D 1,1,1)
0 1 11 11 44 6 (D 1,1,1) (S 19,10,15) (S 20,10,4) (S 48,16,15) (S 68,4,4) (D 1,1,1)
0 1 12 73 158 9 (D 1,1,1) (S 3,13,14) (S 14,23,29) (S 28,30,24) (S 30,16,19) (S 45,36,32) (S 54,32,32) (S 61,37,37) (D 1,1,1)
0 1 13 36 75 9 (D 1,1,1) (S 11,11,10) (S 21,10,11) (S 24,12,11) (S 33,11,17) (S 47,18,17) (S 55,17,17) (S 62,5,5) (D 1,1,1)
0 1 14 24 45 6 (D 1,1,1) (S 1,4,5) (S 27,5,11) (S 51,10,10) (S 58,15,15) (D 1,1,1)
0 1 15 4 13 5 (D 1,1,1) (S 32,2,1) (S 40,8,9) (S 63,9,9) (D 1,1,1)
0 1 16 71 159 8 (D 1,1,1) (S 5,31,32) (S 9,35,39) (S 12,36,39) (S 23,36,40) (S 60,39,39) (S 64,26,26) (D 1,1,1)
0 1 17 38 65 7 (D 1,1,1) (S 13,3,2) (S 17,2,3) (S 18,8,7) (S 46,13,23) (S 67,24,24) (D 1,1,1)
0 1 18 37 74 5 (D 1,1,1) (S 15,6,12) (S 69,12,12) (S 75,7,7) (D 1,1,1)
0 1 19 43 69 4 (D 1,1,1) (S 50,16,16) (S 57,3,3) (D 1,1,1)
