1443
17
32660400
1748278487
0 1 1 37 41 3 (D 1,1,1) (S 48,6,6) (D 1,1,1)
0 1 2 40 60 3 (D 1,1,1) (S 57,2,2) (D 1,1,1)
0 1 3 29 88 6 (D 1,1,1) (S 1,22,23) (S 27,22,28) (S 37,34,24) (S 65,24,24) (D 1,1,1)
0 1 4 28 99 7 (D 1,1,1) (S 14,11,10) (S 24,11,5) (S 40,5,11) (S 45,11,11) (S 67,5,5) (D 1,1,1)
0 1 5 30 94 7 (D 1,1,1) (S 0,30,31) (S 4,33,34) (S 21,28,34) (S 39,33,32) (S 64,32,32) (D 1,1,1)
0 1 6 26 73 5 (D 1,1,1) (S 3,9,10) (S 8,16,17) (S 62,17,17) (D 1,1,1)
0 1 7 51 119 7 (D 1,1,1) (S 26,16,23) (S 28,24,11) (S 38,11,24) (S 41,28,22) (S 63,23,23) (D 1,1,1)
0 1 8 28 73 6 (D 1,1,1) (S 6,3,9) (S 23,9,15) (S 43,15,21) (S 68,21,21) (D 1,1,1)
0 1 9 30 69 7 (D 1,1,1) (S 13,8,14) (S 16,8,9) (S 19,3,10) (S 36,10,3) (S 69,3,3) (D 1,1,1)
0 1 10 21 55 4 (D 1,1,1) (S 25,29,18) (S 60,18,18) (D 1,1,1)
0 1 11 41 101 9 (D 1,1,1) (S 5,12,13) (S 7,26,31) (S 17,32,27) (S 32,27,32) (S 33,31,32) (S 44,34,28) (S 71,28,28) (D 1,1,1)
0 1 12 30 67 6 (D 1,1,1) (S 2,15,22) (S 35,21,15) (S 49,15,15) (S 58,12,12) (D 1,1,1)
0 1 13 47 79 9 (D 1,1,1) (S 9,12,19) (S 20,19,20) (S 22,20,14) (S 42,21,20) (S 51,20,20) (S 59,14,14) (S 66,13,13) (D 1,1,1)
0 1 14 42 106 5 (D 1,1,1) (S 47,10,10) (S 50,25,25) (S 54,19,19) (D 1,1,1)
0 1 15 31 99 7 (D 1,1,1) (S 18,13,7) (S 30,1,7) (S 34,20,19) (S 46,30,30) (S 70,29,29) (D 1,1,1)
0 1 16 66 125 9 (D 1,1,1) (S 10,25,26) (S 11,14,15) (S 12,21,22) (S 15,28,27) (S 55,27,27) (S 56,26,26) (S 61,7,7) (D 1,1,1)
0 1 17 37 95 6 (D 1,1,1) (S 29,6,1) (S 31,4,3) (S 52,16,16) (S 53,4,4) (D 1,1,1)
