1576
19
60267300
1748278484
0 1 1 12 92 6 (D 1,1,1) (S 0,36,40) (S 32,40,39) (S 74,39,39) (S 87,34,34) (D 1,1,1)
0 1 2 22 93 6 (D 1,1,1) (S 30,37,33) (S 48,27,33) (S 59,33,27) (S 86,21,21) (D 1,1,1)
0 1 3 63 163 10 (D 1,1,1) (S 6,30,31) (S 25,35,36) (S 47,37,36) (S 50,41,40) (S 67,40,40) (S 68,37,37) (S 69,41,41) (S 84,36,36) (D 1,1,1)
0 1 4 30 95 6 (D 1,1,1) (S 26,26,19) (S 31,20,27) (S 51,26,25) (S 76,31,31) (D 1,1,1)
0 1 5 23 106 6 (D 1,1,1) (S 27,24,14) (S 34,38,39) (S 38,39,38) (S 75,38,38) (D 1,1,1)
0 1 6 19 56 4 (D 1,1,1) (S 52,13,23) (S 66,24,24) (D 1,1,1)
0 1 7 21 47 7 (D 1,1,1) (S 7,14,15) (S 21,10,15) (S 36,15,16) (S 42,16,19) (S 62,19,19) (D 1,1,1)
0 1 8 27 76 8 (D 1,1,1) (S 2,3,9) (S 3,11,17) (S 14,27,21) (S 35,22,28) (S 57,28,22) (S 64,17,17) (D 1,1,1)
0 1 9 53 93 7 (D 1,1,1) (S 4,24,25) (S 18,25,26) (S 44,26,32) (S 63,32,32) (S 70,27,27) (D 1,1,1)
0 1 10 35 119 7 (D 1,1,1) (S 17,39,36) (S 37,34,38) (S 53,34,29) (S 79,30,30) (S 83,13,13) (D 1,1,1)
0 1 11 28 57 5 (D 1,1,1) (S 22,4,10) (S 33,11,5) (S 71,5,5) (D 1,1,1)
0 1 12 25 64 6 (D 1,1,1) (S 5,16,17) (S 19,6,12) (S 49,12,6) (S 81,4,4) (D 1,1,1)
0 1 13 36 83 7 (D 1,1,1) (S 20,29,23) (S 41,23,24) (S 60,24,23) (S 65,29,29) (S 72,14,14) (D 1,1,1)
0 1 14 67 116 8 (D 1,1,1) (S 9,15,25) (S 11,25,31) (S 12,35,39) (S 23,39,35) (S 73,35,35) (S 78,23,23) (D 1,1,1)
0 1 15 22 41 8 (D 1,1,1) (S 1,8,9) (S 15,3,2) (S 29,3,4) (S 39,4,3) (S 46,7,8) (S 82,8,8) (D 1,1,1)
0 1 16 68 118 11 (D 1,1,1) (S 8,11,16) (S 10,10,11) (S 13,18,22) (S 16,28,27) (S 45,17,20) (S 54,20,19) (S 56,16,15) (S 77,15,15) (S 85,2,2) (D 1,1,1)
0 1 17 15 25 4 (D 1,1,1) (S 43,7,1) (S 58,1,7) (D 1,1,1)
0 1 18 31 73 6 (D 1,1,1) (S 24,8,2) (S 28,12,11) (S 40,11,12) (S 61,20,20) (D 1,1,1)
0 1 19 30 59 4 (D 1,1,1) (S 55,13,7) (S 80,9,9) (D 1,1,1)
