578
12
6262200
1748278478
0 1 1 24 57 7 (D 1,1,1) (S 9,14,15) (S 10,15,16) (S 13,6,15) (S 28,6,6) (S 36,11,11) (D 1,1,1)
0 1 2 16 45 6 (D 1,1,1) (S 1,2,22) (S 4,13,22) (S 8,2,3) (S 31,3,3) (D 1,1,1)
0 1 3 21 50 5 (D 1,1,1) (S 6,11,12) (S 21,10,18) (S 35,10,10) (D 1,1,1)
0 1 4 10 27 4 (D 1,1,1) (S 5,3,4) (S 30,4,4) (D 1,1,1)
0 1 5 12 30 4 (D 1,1,1) (S 3,9,10) (S 33,12,12) (D 1,1,1)
0 1 6 16 47 5 (D 1,1,1) (S 20,7,2) (S 27,2,2) (S 29,5,5) (D 1,1,1)
0 1 7 21 68 6 (D 1,1,1) (S 7,21,22) (S 11,5,14) (S 26,7,7) (S 34,13,13) (D 1,1,1)
0 1 8 12 26 4 (D 1,1,1) (S 16,7,4) (S 23,4,1) (D 1,1,1)
0 1 9 19 62 7 (D 1,1,1) (S 0,2,4) (S 2,1,10) (S 14,18,19) (S 19,8,12) (S 37,17,17) (D 1,1,1)
0 1 10 13 31 5 (D 1,1,1) (S 17,3,9) (S 24,19,19) (S 38,9,9) (D 1,1,1)
0 1 11 15 52 4 (D 1,1,1) (S 12,5,1) (S 25,16,16) (D 1,1,1)
0 1 12 45 83 6 (D 1,1,1) (S 15,2,1) (S 18,9,19) (S 22,20,21) (S 32,8,8) (D 1,1,1)
