1351
16
34914600
1748278487
0 1 1 27 74 5 (D 1,1,1) (S 15,4,5) (S 53,5,5) (S 56,11,11) (D 1,1,1)
0 1 2 36 97 8 (D 1,1,1) (S 4,15,21) (S 5,22,28) (S 6,28,34) (S 40,22,21) (S 42,20,21) (S 65,8,8) (D 1,1,1)
0 1 3 32 82 5 (D 1,1,1) (S 7,15,16) (S 31,16,23) (S 50,23,23) (D 1,1,1)
0 1 4 49 113 8 (D 1,1,1) (S 14,4,11) (S 32,11,17) (S 62,17,17) (S 68,16,16) (S 69,15,15) (S 72,27,27) (D 1,1,1)
0 1 5 43 111 8 (D 1,1,1) (S 1,28,33) (S 8,33,34) (S 21,32,31) (S 34,31,32) (S 63,32,32) (S 71,26,26) (D 1,1,1)
0 1 6 39 94 4 (D 1,1,1) (S 3,17,24) (S 60,24,24) (D 1,1,1)
0 1 7 42 97 7 (D 1,1,1) (S 17,11,10) (S 23,10,9) (S 36,15,22) (S 59,22,22) (S 67,21,21) (D 1,1,1)
0 1 8 33 76 6 (D 1,1,1) (S 9,19,25) (S 12,29,30) (S 47,30,30) (S 57,19,19) (D 1,1,1)
0 1 9 48 105 6 (D 1,1,1) (S 29,29,18) (S 44,13,2) (S 48,10,10) (S 49,9,9) (D 1,1,1)
0 1 10 52 110 9 (D 1,1,1) (S 2,22,23) (S 16,23,28) (S 19,28,27) (S 26,27,32) (S 61,31,31) (S 64,29,29) (S 70,18,18) (D 1,1,1)
0 1 11 57 100 9 (D 1,1,1) (S 0,7,13) (S 18,13,14) (S 24,14,8) (S 30,8,9) (S 35,14,20) (S 46,20,20) (S 54,25,25) (D 1,1,1)
0 1 12 29 54 6 (D 1,1,1) (S 33,6,1) (S 38,1,6) (S 41,2,13) (S 51,12,12) (D 1,1,1)
0 1 13 30 65 5 (D 1,1,1) (S 20,8,2) (S 43,2,8) (S 52,2,2) (D 1,1,1)
0 1 14 41 64 7 (D 1,1,1) (S 11,6,18) (S 22,18,12) (S 27,19,12) (S 39,14,13) (S 66,13,13) (D 1,1,1)
0 1 15 21 29 5 (D 1,1,1) (S 13,1,7) (S 28,7,6) (S 37,6,7) (D 1,1,1)
0 1 16 35 80 7 (D 1,1,1) (S 10,3,10) (S 25,3,9) (S 45,4,4) (S 55,3,3) (S 58,6,6) (D 1,1,1)
