1384
17
42497400
1748278483
0 1 1 8 60 5 (D 1,1,1) (S 40,27,26) (S 62,20,20) (S 80,21,21) (D 1,1,1)
0 1 2 44 114 9 (D 1,1,1) (S 1,22,28) (S 2,33,34) (S 9,28,33) (S 17,32,33) (S 27,32,31) (S 61,31,31) (S 71,29,29) (D 1,1,1)
0 1 3 44 108 7 (D 1,1,1) (S 26,22,15) (S 49,15,22) (S 65,23,23) (S 72,22,22) (S 75,24,24) (D 1,1,1)
0 1 4 32 81 5 (D 1,1,1) (S 10,17,24) (S 45,24,11) (S 66,11,11) (D 1,1,1)
0 1 5 40 86 9 (D 1,1,1) (S 20,3,10) (S 24,9,10) (S 28,10,9) (S 30,14,8) (S 35,8,14) (S 41,8,9) (S 73,9,9) (D 1,1,1)
0 1 6 37 71 7 (D 1,1,1) (S 4,19,25) (S 31,25,29) (S 50,29,25) (S 54,25,26) (S 79,26,26) (D 1,1,1)
0 1 7 29 60 6 (D 1,1,1) (S 8,19,20) (S 19,20,26) (S 37,20,14) (S 69,14,14) (D 1,1,1)
0 1 8 62 126 10 (D 1,1,1) (S 5,13,19) (S 7,23,28) (S 12,28,34) (S 25,28,27) (S 32,27,32) (S 34,23,16) (S 76,16,16) (S 78,4,4) (D 1,1,1)
0 1 9 41 114 8 (D 1,1,1) (S 0,30,31) (S 22,31,26) (S 36,21,22) (S 43,21,27) (S 55,27,28) (S 56,2,8) (D 1,1,1)
0 1 10 21 72 6 (D 1,1,1) (S 3,5,11) (S 44,11,17) (S 63,17,17) (S 77,2,2) (D 1,1,1)
0 1 11 26 71 5 (D 1,1,1) (S 39,29,18) (S 46,18,29) (S 58,25,25) (D 1,1,1)
0 1 12 33 68 7 (D 1,1,1) (S 16,18,19) (S 33,19,12) (S 52,14,13) (S 59,13,13) (S 70,18,18) (D 1,1,1)
0 1 13 32 75 6 (D 1,1,1) (S 11,4,10) (S 29,3,9) (S 60,8,8) (S 64,12,12) (D 1,1,1)
0 1 14 53 103 7 (D 1,1,1) (S 14,3,4) (S 18,10,16) (S 38,17,16) (S 42,16,23) (S 67,15,15) (D 1,1,1)
0 1 15 58 98 8 (D 1,1,1) (S 6,1,2) (S 13,4,5) (S 23,11,10) (S 48,10,11) (S 53,2,13) (S 68,7,7) (D 1,1,1)
0 1 16 25 44 5 (D 1,1,1) (S 15,6,12) (S 21,7,13) (S 57,13,2) (D 1,1,1)
0 1 17 29 33 5 (D 1,1,1) (S 47,6,1) (S 51,1,6) (S 74,6,6) (D 1,1,1)
