245
9
301019400
1750779083
0 1 1 27 16 6 (D 1,1,1) (S 26,1,10) (S 23,10,3) (S 1,3,9) (S 24,9,4) (D 1,1,1)
0 1 2 26 27 8 (D 1,1,1) (S 6,2,7) (S 16,3,11) (S 45,11,11) (S 37,11,2) (S 14,2,4) (S 38,4,7) (D 1,1,1)
0 1 3 25 30 8 (D 1,1,1) (S 46,5,5) (S 29,5,2) (S 10,2,9) (S 44,9,9) (S 35,4,5) (S 20,5,3) (D 1,1,1)
0 1 4 24 33 8 (D 1,1,1) (S 11,5,7) (S 43,7,3) (S 0,3,4) (S 34,4,10) (S 49,10,10) (S 27,10,9) (D 1,1,1)
0 1 5 27 35 9 (D 1,1,1) (S 22,10,6) (S 15,7,11) (S 13,11,5) (S 41,5,1) (S 30,1,9) (S 25,9,11) (S 3,11,4) (D 1,1,1)
0 1 6 17 29 7 (D 1,1,1) (S 4,1,8) (S 47,8,8) (S 42,8,6) (S 48,6,6) (S 31,8,9) (D 1,1,1)
0 1 7 16 16 6 (D 1,1,1) (S 9,8,2) (S 28,2,1) (S 5,1,11) (S 33,4,1) (D 1,1,1)
0 1 8 25 28 8 (D 1,1,1) (S 40,8,4) (S 7,1,7) (S 36,7,9) (S 8,1,6) (S 2,6,7) (S 21,3,1) (D 1,1,1)
0 1 9 24 31 8 (D 1,1,1) (S 17,8,5) (S 19,5,10) (S 39,10,7) (S 32,3,2) (S 18,4,6) (S 12,6,9) (D 1,1,1)
