1321
23
157755000
1748278480
0 1 1 9 23 3 (D 1,1,1) (S 56,11,18) (D 1,1,1)
0 1 2 8 32 4 (D 1,1,1) (S 41,36,28) (S 86,28,36) (D 1,1,1)
0 1 3 16 52 7 (D 1,1,1) (S 11,33,34) (S 48,36,38) (S 53,46,45) (S 64,45,46) (S 97,37,37) (D 1,1,1)
0 1 4 30 84 6 (D 1,1,1) (S 0,45,48) (S 63,50,46) (S 85,49,45) (S 105,48,48) (D 1,1,1)
0 1 5 15 43 8 (D 1,1,1) (S 1,34,35) (S 60,27,26) (S 66,26,27) (S 68,27,28) (S 69,36,35) (S 109,35,35) (D 1,1,1)
0 1 6 38 72 8 (D 1,1,1) (S 7,38,46) (S 9,44,45) (S 37,45,49) (S 40,49,50) (S 102,50,50) (S 115,30,30) (D 1,1,1)
0 1 7 14 36 5 (D 1,1,1) (S 22,13,22) (S 49,21,22) (S 103,22,22) (D 1,1,1)
0 1 8 27 57 6 (D 1,1,1) (S 23,33,41) (S 71,42,34) (S 90,26,34) (S 100,34,34) (D 1,1,1)
0 1 9 31 66 8 (D 1,1,1) (S 4,22,28) (S 12,25,33) (S 43,41,42) (S 65,43,42) (S 107,42,42) (S 112,28,28) (D 1,1,1)
0 1 10 52 84 10 (D 1,1,1) (S 6,39,47) (S 18,40,47) (S 24,32,40) (S 35,40,39) (S 87,39,40) (S 92,32,31) (S 95,31,31) (S 113,16,16) (D 1,1,1)
0 1 11 25 41 6 (D 1,1,1) (S 2,6,7) (S 26,4,7) (S 81,7,12) (S 99,12,12) (D 1,1,1)
0 1 12 37 65 7 (D 1,1,1) (S 10,17,24) (S 14,37,44) (S 44,44,43) (S 101,43,43) (S 106,27,27) (D 1,1,1)
0 1 13 33 83 8 (D 1,1,1) (S 50,43,35) (S 73,21,26) (S 78,15,24) (S 80,23,15) (S 82,23,14) (S 88,13,8) (D 1,1,1)
0 1 14 34 61 9 (D 1,1,1) (S 21,8,9) (S 33,14,22) (S 39,25,20) (S 42,20,25) (S 116,25,25) (S 117,20,20) (S 118,21,21) (D 1,1,1)
0 1 15 25 52 7 (D 1,1,1) (S 36,13,9) (S 47,1,15) (S 52,29,24) (S 83,23,24) (S 94,15,15) (D 1,1,1)
0 1 16 21 32 7 (D 1,1,1) (S 15,1,9) (S 19,9,14) (S 55,14,23) (S 74,15,23) (S 76,23,22) (D 1,1,1)
0 1 17 29 50 8 (D 1,1,1) (S 27,5,6) (S 28,11,12) (S 31,19,18) (S 98,18,18) (S 104,19,19) (S 114,10,10) (D 1,1,1)
0 1 18 20 35 7 (D 1,1,1) (S 3,15,16) (S 34,24,23) (S 67,23,29) (S 84,29,23) (S 111,23,23) (D 1,1,1)
0 1 19 54 111 11 (D 1,1,1) (S 5,17,31) (S 17,38,39) (S 30,31,39) (S 38,24,29) (S 57,30,39) (S 70,30,17) (S 75,8,13) (S 108,13,13) (S 110,14,14) (D 1,1,1)
0 1 20 27 39 7 (D 1,1,1) (S 8,5,10) (S 51,2,3) (S 58,3,6) (S 61,1,5) (S 91,5,1) (D 1,1,1)
0 1 21 31 48 8 (D 1,1,1) (S 25,1,10) (S 46,11,6) (S 54,6,11) (S 62,11,10) (S 77,18,17) (S 79,17,30) (D 1,1,1)
0 1 22 26 63 7 (D 1,1,1) (S 13,19,32) (S 32,2,5) (S 45,3,4) (S 72,4,3) (S 93,5,5) (D 1,1,1)
0 1 23 52 92 8 (D 1,1,1) (S 16,1,16) (S 20,36,44) (S 29,43,48) (S 59,50,45) (S 89,45,50) (S 96,29,29) (D 1,1,1)
