934
17
21786000
1748278481
0 1 1 14 35 3 (D 1,1,1) (S 42,12,8) (D 1,1,1)
0 1 2 12 35 4 (D 1,1,1) (S 7,23,26) (S 64,26,26) (D 1,1,1)
0 1 3 38 91 6 (D 1,1,1) (S 0,19,21) (S 10,19,20) (S 29,18,19) (S 62,19,19) (D 1,1,1)
0 1 4 32 80 6 (D 1,1,1) (S 3,13,19) (S 5,18,21) (S 22,22,20) (S 63,20,20) (D 1,1,1)
0 1 5 14 46 6 (D 1,1,1) (S 2,29,31) (S 15,4,9) (S 26,9,4) (S 47,4,4) (D 1,1,1)
0 1 6 25 49 6 (D 1,1,1) (S 12,23,24) (S 13,24,27) (S 17,27,26) (S 55,23,23) (D 1,1,1)
0 1 7 19 38 4 (D 1,1,1) (S 9,25,28) (S 48,28,28) (D 1,1,1)
0 1 8 26 47 7 (D 1,1,1) (S 6,6,31) (S 24,5,6) (S 25,29,28) (S 30,28,29) (S 61,27,27) (D 1,1,1)
0 1 9 26 42 5 (D 1,1,1) (S 27,8,7) (S 33,7,8) (S 57,8,8) (D 1,1,1)
0 1 10 21 45 6 (D 1,1,1) (S 11,14,15) (S 16,16,17) (S 51,17,17) (S 59,5,5) (D 1,1,1)
0 1 11 44 87 8 (D 1,1,1) (S 1,5,31) (S 4,3,9) (S 14,9,13) (S 18,18,12) (S 41,12,18) (S 53,21,21) (D 1,1,1)
0 1 12 30 63 7 (D 1,1,1) (S 19,10,11) (S 28,14,10) (S 45,16,15) (S 49,15,15) (S 60,10,10) (D 1,1,1)
0 1 13 32 63 6 (D 1,1,1) (S 21,17,11) (S 31,11,12) (S 56,12,12) (S 58,7,7) (D 1,1,1)
0 1 14 18 35 5 (D 1,1,1) (S 20,10,5) (S 39,31,28) (S 50,29,29) (D 1,1,1)
0 1 15 43 66 8 (D 1,1,1) (S 34,2,1) (S 35,4,13) (S 36,13,12) (S 43,11,6) (S 44,6,11) (S 65,6,6) (D 1,1,1)
0 1 16 21 38 6 (D 1,1,1) (S 8,1,30) (S 38,1,31) (S 46,1,2) (S 52,30,30) (D 1,1,1)
0 1 17 36 74 7 (D 1,1,1) (S 23,31,1) (S 32,2,3) (S 37,2,8) (S 40,8,2) (S 54,3,3) (D 1,1,1)
