875
11
11972400
1748278482
0 1 1 18 77 6 (D 1,1,1) (S 0,13,14) (S 4,14,18) (S 33,18,18) (S 41,14,14) (D 1,1,1)
0 1 2 12 68 5 (D 1,1,1) (S 17,13,12) (S 19,12,13) (S 39,13,13) (D 1,1,1)
0 1 3 21 85 5 (D 1,1,1) (S 2,20,23) (S 8,22,23) (S 45,23,23) (D 1,1,1)
0 1 4 57 119 9 (D 1,1,1) (S 1,11,15) (S 3,15,16) (S 5,16,17) (S 14,17,18) (S 23,7,8) (S 40,8,8) (S 42,6,6) (D 1,1,1)
0 1 5 41 104 6 (D 1,1,1) (S 10,24,23) (S 21,23,22) (S 27,19,20) (S 43,20,20) (D 1,1,1)
0 1 6 38 116 6 (D 1,1,1) (S 20,22,19) (S 31,19,22) (S 35,19,19) (S 38,10,10) (D 1,1,1)
0 1 7 29 99 7 (D 1,1,1) (S 11,16,12) (S 18,12,16) (S 29,24,21) (S 36,21,21) (S 44,5,5) (D 1,1,1)
0 1 8 21 61 7 (D 1,1,1) (S 6,4,5) (S 9,12,11) (S 13,15,21) (S 28,21,15) (S 37,11,11) (D 1,1,1)
0 1 9 10 18 5 (D 1,1,1) (S 12,1,2) (S 22,4,2) (S 32,2,4) (D 1,1,1)
0 1 10 46 101 7 (D 1,1,1) (S 7,10,9) (S 24,10,11) (S 25,11,12) (S 30,11,10) (S 34,9,9) (D 1,1,1)
0 1 11 17 27 5 (D 1,1,1) (S 15,2,1) (S 16,1,3) (S 26,3,4) (D 1,1,1)
