1333
24
139352100
1748278482
0 1 1 17 48 4 (D 1,1,1) (S 5,39,40) (S 112,40,40) (D 1,1,1)
0 1 2 12 36 6 (D 1,1,1) (S 12,21,26) (S 35,21,13) (S 64,13,21) (S 93,13,13) (D 1,1,1)
0 1 3 13 39 6 (D 1,1,1) (S 23,4,3) (S 53,3,2) (S 77,2,3) (S 96,2,2) (D 1,1,1)
0 1 4 13 40 5 (D 1,1,1) (S 42,4,7) (S 56,7,4) (S 106,3,3) (D 1,1,1)
0 1 5 27 63 7 (D 1,1,1) (S 1,28,36) (S 2,44,45) (S 54,45,46) (S 110,46,46) (S 113,43,43) (D 1,1,1)
0 1 6 41 77 11 (D 1,1,1) (S 16,34,42) (S 26,41,33) (S 34,25,20) (S 37,20,25) (S 40,33,34) (S 52,27,26) (S 55,21,20) (S 100,20,20) (S 108,25,25) (D 1,1,1)
0 1 7 44 78 7 (D 1,1,1) (S 18,35,43) (S 20,43,48) (S 38,49,48) (S 79,48,49) (S 109,49,49) (D 1,1,1)
0 1 8 20 47 7 (D 1,1,1) (S 0,23,28) (S 32,27,35) (S 36,44,37) (S 90,38,37) (S 92,37,37) (D 1,1,1)
0 1 9 14 31 5 (D 1,1,1) (S 29,22,23) (S 59,23,29) (S 99,29,29) (D 1,1,1)
0 1 10 20 55 7 (D 1,1,1) (S 11,24,29) (S 28,43,42) (S 66,41,42) (S 89,42,41) (S 117,33,33) (D 1,1,1)
0 1 11 14 34 5 (D 1,1,1) (S 15,6,11) (S 46,5,6) (S 86,6,5) (D 1,1,1)
0 1 12 39 74 8 (D 1,1,1) (S 14,16,17) (S 21,31,39) (S 27,47,40) (S 82,31,32) (S 98,32,32) (S 101,39,39) (D 1,1,1)
0 1 13 36 68 11 (D 1,1,1) (S 19,21,22) (S 47,22,13) (S 58,26,27) (S 61,27,28) (S 63,28,27) (S 67,15,23) (S 69,8,13) (S 85,13,8) (S 111,8,8) (D 1,1,1)
0 1 14 22 43 7 (D 1,1,1) (S 9,26,34) (S 39,34,35) (S 74,35,34) (S 97,35,35) (S 104,23,23) (D 1,1,1)
0 1 15 16 30 4 (D 1,1,1) (S 49,9,1) (S 84,1,5) (D 1,1,1)
0 1 16 46 102 11 (D 1,1,1) (S 24,22,28) (S 45,23,22) (S 48,46,38) (S 62,36,38) (S 68,38,36) (S 70,38,46) (S 72,50,49) (S 102,50,50) (S 105,45,45) (D 1,1,1)
0 1 17 35 60 9 (D 1,1,1) (S 8,11,18) (S 10,18,19) (S 71,18,17) (S 73,39,38) (S 88,38,30) (S 95,24,24) (S 116,15,15) (D 1,1,1)
0 1 18 35 65 6 (D 1,1,1) (S 7,19,32) (S 44,47,39) (S 75,30,38) (S 115,36,36) (D 1,1,1)
0 1 19 19 34 7 (D 1,1,1) (S 43,1,15) (S 65,15,16) (S 76,14,15) (S 81,9,14) (S 107,14,14) (D 1,1,1)
0 1 20 42 69 8 (D 1,1,1) (S 3,28,29) (S 4,35,36) (S 31,30,29) (S 80,29,23) (S 91,24,17) (S 103,17,17) (D 1,1,1)
0 1 21 33 53 6 (D 1,1,1) (S 6,7,12) (S 22,7,6) (S 60,6,7) (S 114,10,10) (D 1,1,1)
0 1 22 34 49 7 (D 1,1,1) (S 13,10,11) (S 41,12,11) (S 57,11,12) (S 87,12,19) (S 94,16,16) (D 1,1,1)
0 1 23 43 104 7 (D 1,1,1) (S 17,10,17) (S 25,17,31) (S 30,14,22) (S 33,48,45) (S 78,45,48) (D 1,1,1)
0 1 24 19 34 5 (D 1,1,1) (S 50,9,13) (S 51,15,1) (S 83,1,9) (D 1,1,1)
