584
12
10447200
1748278478
0 1 1 21 43 3 (D 1,1,1) (S 36,6,6) (D 1,1,1)
0 1 2 10 39 4 (D 1,1,1) (S 3,21,23) (S 38,22,22) (D 1,1,1)
0 1 3 23 47 7 (D 1,1,1) (S 2,12,13) (S 4,15,20) (S 15,20,21) (S 29,21,21) (S 33,18,18) (D 1,1,1)
0 1 4 23 50 5 (D 1,1,1) (S 17,4,6) (S 30,10,10) (S 34,4,4) (D 1,1,1)
0 1 5 26 54 5 (D 1,1,1) (S 5,14,18) (S 6,18,21) (S 27,14,14) (D 1,1,1)
0 1 6 22 73 7 (D 1,1,1) (S 9,16,17) (S 20,3,4) (S 22,5,6) (S 23,3,6) (S 25,8,8) (D 1,1,1)
0 1 7 19 50 6 (D 1,1,1) (S 0,26,27) (S 7,22,23) (S 16,25,26) (S 39,27,27) (D 1,1,1)
0 1 8 19 36 4 (D 1,1,1) (S 11,23,24) (S 31,24,24) (D 1,1,1)
0 1 9 21 40 5 (D 1,1,1) (S 21,2,1) (S 24,13,15) (S 28,15,15) (D 1,1,1)
0 1 10 17 40 7 (D 1,1,1) (S 1,13,14) (S 10,14,20) (S 18,21,22) (S 32,23,23) (S 35,19,19) (D 1,1,1)
0 1 11 25 39 5 (D 1,1,1) (S 8,2,12) (S 14,1,3) (S 26,3,3) (D 1,1,1)
0 1 12 23 73 7 (D 1,1,1) (S 12,7,11) (S 13,4,10) (S 19,6,7) (S 37,5,5) (S 40,17,17) (D 1,1,1)
