1480
17
45538800
1748278485
0 1 1 22 24 3 (D 1,1,1) (S 53,2,2) (D 1,1,1)
0 1 2 24 94 5 (D 1,1,1) (S 0,34,38) (S 35,38,39) (S 77,39,39) (D 1,1,1)
0 1 3 41 98 8 (D 1,1,1) (S 6,27,32) (S 17,31,32) (S 33,32,31) (S 38,27,28) (S 49,28,27) (S 79,27,27) (D 1,1,1)
0 1 4 42 125 8 (D 1,1,1) (S 2,21,22) (S 4,32,36) (S 19,33,37) (S 20,36,39) (S 37,39,36) (S 78,36,36) (D 1,1,1)
0 1 5 17 73 4 (D 1,1,1) (S 46,25,24) (S 69,31,31) (D 1,1,1)
0 1 6 35 85 6 (D 1,1,1) (S 14,26,32) (S 42,27,20) (S 64,17,17) (S 70,18,18) (D 1,1,1)
0 1 7 37 70 8 (D 1,1,1) (S 1,14,23) (S 22,24,25) (S 24,25,26) (S 45,26,25) (S 72,25,25) (S 73,24,24) (D 1,1,1)
0 1 8 62 167 12 (D 1,1,1) (S 3,34,35) (S 15,35,39) (S 28,40,39) (S 36,39,38) (S 44,37,33) (S 62,41,41) (S 65,33,33) (S 67,37,37) (S 74,21,21) (S 75,11,11) (D 1,1,1)
0 1 9 34 110 6 (D 1,1,1) (S 8,23,29) (S 11,35,36) (S 32,40,36) (S 76,40,40) (D 1,1,1)
0 1 10 41 96 7 (D 1,1,1) (S 21,10,9) (S 27,10,11) (S 31,12,11) (S 52,22,22) (S 56,20,20) (D 1,1,1)
0 1 11 16 26 7 (D 1,1,1) (S 13,1,2) (S 16,3,9) (S 23,9,14) (S 43,14,9) (S 61,9,9) (D 1,1,1)
0 1 12 34 83 7 (D 1,1,1) (S 12,5,6) (S 18,12,6) (S 25,15,14) (S 39,14,15) (S 63,10,10) (D 1,1,1)
0 1 13 35 90 5 (D 1,1,1) (S 47,13,14) (S 60,14,14) (S 66,30,30) (D 1,1,1)
0 1 14 21 28 5 (D 1,1,1) (S 10,1,7) (S 40,7,8) (S 59,8,8) (D 1,1,1)
0 1 15 46 84 6 (D 1,1,1) (S 5,24,30) (S 41,30,29) (S 68,23,23) (S 71,15,15) (D 1,1,1)
0 1 16 35 76 8 (D 1,1,1) (S 9,5,11) (S 26,17,11) (S 34,11,17) (S 50,16,15) (S 57,4,4) (S 58,3,3) (D 1,1,1)
0 1 17 85 151 9 (D 1,1,1) (S 7,17,18) (S 29,19,26) (S 30,26,19) (S 48,16,11) (S 51,16,16) (S 54,29,29) (S 55,13,13) (D 1,1,1)
