304
9
7129200
1748278485
0 1 1 9 39 4 (D 1,1,1) (S 12,8,7) (S 34,7,7) (D 1,1,1)
0 1 2 9 30 5 (D 1,1,1) (S 2,17,18) (S 16,17,16) (S 29,16,16) (D 1,1,1)
0 1 3 26 56 8 (D 1,1,1) (S 4,5,11) (S 7,15,21) (S 17,18,14) (S 35,14,14) (S 37,8,8) (S 40,21,21) (D 1,1,1)
0 1 4 20 40 10 (D 1,1,1) (S 0,6,12) (S 5,12,16) (S 6,12,13) (S 9,15,16) (S 10,15,11) (S 24,11,15) (S 25,24,23) (S 36,19,19) (D 1,1,1)
0 1 5 21 48 7 (D 1,1,1) (S 15,14,13) (S 27,13,13) (S 32,6,6) (S 33,12,12) (S 39,10,10) (D 1,1,1)
0 1 6 18 26 8 (D 1,1,1) (S 1,19,22) (S 3,22,23) (S 11,20,10) (S 14,10,20) (S 18,10,9) (S 38,9,9) (D 1,1,1)
0 1 7 9 19 5 (D 1,1,1) (S 19,1,2) (S 21,5,10) (S 30,5,5) (D 1,1,1)
0 1 8 10 25 6 (D 1,1,1) (S 20,23,20) (S 22,20,21) (S 23,3,1) (S 28,3,3) (D 1,1,1)
0 1 9 15 21 6 (D 1,1,1) (S 8,2,4) (S 13,4,2) (S 26,2,2) (S 31,4,4) (D 1,1,1)
