1004
10
9414600
1748278485
0 1 1 13 84 4 (D 1,1,1) (S 18,12,16) (S 35,16,16) (D 1,1,1)
0 1 2 11 73 4 (D 1,1,1) (S 9,12,11) (S 26,11,11) (D 1,1,1)
0 1 3 31 111 6 (D 1,1,1) (S 1,13,14) (S 29,13,13) (S 30,8,8) (S 32,7,7) (D 1,1,1)
0 1 4 19 79 4 (D 1,1,1) (S 11,19,9) (S 20,4,5) (D 1,1,1)
0 1 5 26 118 5 (D 1,1,1) (S 10,12,6) (S 33,6,6) (S 34,20,20) (D 1,1,1)
0 1 6 27 117 7 (D 1,1,1) (S 2,15,21) (S 14,24,21) (S 24,21,21) (S 27,12,12) (S 28,15,15) (D 1,1,1)
0 1 7 55 126 7 (D 1,1,1) (S 0,10,11) (S 8,5,11) (S 15,23,24) (S 16,15,11) (S 25,5,5) (D 1,1,1)
0 1 8 65 143 8 (D 1,1,1) (S 3,22,23) (S 17,23,20) (S 19,10,20) (S 21,20,10) (S 23,19,19) (S 36,9,9) (D 1,1,1)
0 1 9 31 96 6 (D 1,1,1) (S 4,3,9) (S 6,17,18) (S 22,18,14) (S 37,17,17) (D 1,1,1)
0 1 10 32 57 7 (D 1,1,1) (S 5,1,2) (S 7,2,4) (S 12,1,3) (S 13,5,4) (S 31,3,3) (D 1,1,1)
