294
11
10206300
1748278478
0 1 1 21 23 3 (D 1,1,1) (S 43,2,2) (D 1,1,1)
0 1 2 25 27 10 (D 1,1,1) (S 1,2,10) (S 7,5,7) (S 9,3,6) (S 31,4,5) (S 33,3,11) (S 34,6,9) (S 36,5,6) (S 37,2,3) (D 1,1,1)
0 1 3 27 32 7 (D 1,1,1) (S 8,3,9) (S 12,9,10) (S 28,10,11) (S 32,2,7) (S 40,9,9) (D 1,1,1)
0 1 4 22 23 8 (D 1,1,1) (S 5,1,2) (S 11,2,6) (S 16,6,10) (S 29,4,6) (S 42,6,6) (S 46,4,4) (D 1,1,1)
0 1 5 21 27 6 (D 1,1,1) (S 2,6,8) (S 15,7,11) (S 17,1,8) (S 24,4,7) (D 1,1,1)
0 1 6 23 17 6 (D 1,1,1) (S 10,1,6) (S 23,6,7) (S 30,3,8) (S 35,8,11) (D 1,1,1)
0 1 7 23 24 6 (D 1,1,1) (S 13,1,5) (S 18,5,9) (S 26,1,4) (S 41,10,10) (D 1,1,1)
0 1 8 27 33 9 (D 1,1,1) (S 0,1,11) (S 3,8,9) (S 4,5,8) (S 14,1,3) (S 22,3,5) (S 25,4,9) (S 44,5,5) (D 1,1,1)
0 1 9 26 26 5 (D 1,1,1) (S 6,2,9) (S 19,4,10) (S 21,4,11) (D 1,1,1)
0 1 10 24 29 5 (D 1,1,1) (S 20,2,11) (S 27,1,7) (S 39,8,8) (D 1,1,1)
0 1 11 27 33 4 (D 1,1,1) (S 38,3,3) (S 45,7,7) (D 1,1,1)
