1513
21
90319800
1748278485
0 1 1 31 92 8 (D 1,1,1) (S 2,38,45) (S 7,44,50) (S 35,42,44) (S 39,42,36) (S 49,37,43) (S 92,38,38) (D 1,1,1)
0 1 2 17 60 6 (D 1,1,1) (S 15,34,35) (S 33,36,37) (S 38,43,42) (S 107,36,36) (D 1,1,1)
0 1 3 34 74 6 (D 1,1,1) (S 10,32,38) (S 44,38,37) (S 45,37,31) (S 100,23,23) (D 1,1,1)
0 1 4 31 67 7 (D 1,1,1) (S 5,17,25) (S 9,25,28) (S 37,28,32) (S 57,32,28) (S 77,32,32) (D 1,1,1)
0 1 5 34 85 8 (D 1,1,1) (S 3,27,36) (S 8,35,41) (S 26,42,43) (S 71,45,50) (S 85,50,50) (S 104,44,44) (D 1,1,1)
0 1 6 32 79 5 (D 1,1,1) (S 12,47,48) (S 68,49,50) (S 80,43,43) (D 1,1,1)
0 1 7 29 67 7 (D 1,1,1) (S 25,3,2) (S 48,24,32) (S 56,32,31) (S 67,31,22) (S 82,22,22) (D 1,1,1)
0 1 8 18 35 5 (D 1,1,1) (S 17,7,8) (S 21,7,2) (S 99,2,2) (D 1,1,1)
0 1 9 70 137 9 (D 1,1,1) (S 28,27,21) (S 30,22,23) (S 32,27,31) (S 36,31,27) (S 73,41,41) (S 75,49,49) (S 76,33,33) (D 1,1,1)
0 1 10 26 61 5 (D 1,1,1) (S 29,17,10) (S 84,10,10) (S 89,15,15) (D 1,1,1)
0 1 11 45 73 10 (D 1,1,1) (S 31,11,19) (S 50,26,19) (S 53,18,26) (S 55,26,34) (S 66,35,27) (S 72,27,30) (S 97,30,30) (S 103,21,21) (D 1,1,1)
0 1 12 30 65 7 (D 1,1,1) (S 11,16,24) (S 34,24,25) (S 51,28,38) (S 60,15,14) (S 106,14,14) (D 1,1,1)
0 1 13 28 76 7 (D 1,1,1) (S 1,46,47) (S 27,40,47) (S 62,47,40) (S 83,40,40) (S 93,18,18) (D 1,1,1)
0 1 14 38 65 7 (D 1,1,1) (S 16,1,6) (S 19,12,11) (S 23,27,35) (S 101,35,35) (S 105,34,34) (D 1,1,1)
0 1 15 35 62 10 (D 1,1,1) (S 18,1,5) (S 40,5,11) (S 47,18,19) (S 63,19,18) (S 69,29,26) (S 86,19,19) (S 88,5,5) (S 102,11,11) (D 1,1,1)
0 1 16 32 68 6 (D 1,1,1) (S 24,4,3) (S 43,3,9) (S 61,9,3) (S 81,9,9) (D 1,1,1)
0 1 17 30 59 7 (D 1,1,1) (S 13,1,2) (S 14,8,9) (S 22,10,4) (S 94,4,4) (S 95,7,7) (D 1,1,1)
0 1 18 40 88 11 (D 1,1,1) (S 4,8,14) (S 41,14,15) (S 42,24,23) (S 46,13,6) (S 52,13,12) (S 58,12,13) (S 59,15,16) (S 64,16,15) (S 91,16,16) (D 1,1,1)
0 1 19 21 49 5 (D 1,1,1) (S 20,22,14) (S 70,14,22) (S 74,20,20) (D 1,1,1)
0 1 20 40 69 7 (D 1,1,1) (S 0,12,20) (S 54,20,30) (S 65,33,29) (S 78,29,29) (S 90,26,26) (D 1,1,1)
0 1 21 43 82 7 (D 1,1,1) (S 6,33,39) (S 79,39,39) (S 87,13,13) (S 96,12,12) (S 98,6,6) (D 1,1,1)
