605
9
11556600
1748278485
0 1 1 19 35 3 (D 1,1,1) (S 26,6,5) (D 1,1,1)
0 1 2 24 51 6 (D 1,1,1) (S 3,3,4) (S 28,4,4) (S 33,3,3) (S 37,10,10) (D 1,1,1)
0 1 3 25 65 6 (D 1,1,1) (S 1,7,8) (S 7,14,8) (S 31,8,8) (S 35,5,5) (D 1,1,1)
0 1 4 19 31 5 (D 1,1,1) (S 11,2,5) (S 25,5,2) (S 34,2,2) (D 1,1,1)
0 1 5 54 80 9 (D 1,1,1) (S 0,20,21) (S 12,21,23) (S 14,23,24) (S 16,22,23) (S 18,23,22) (S 22,23,21) (S 32,20,20) (D 1,1,1)
0 1 6 34 42 5 (D 1,1,1) (S 15,20,19) (S 19,19,9) (S 40,9,9) (D 1,1,1)
0 1 7 43 81 9 (D 1,1,1) (S 6,1,11) (S 8,14,13) (S 9,18,14) (S 10,17,12) (S 23,17,16) (S 30,17,17) (S 39,16,16) (D 1,1,1)
0 1 8 80 126 9 (D 1,1,1) (S 2,5,11) (S 4,11,12) (S 21,16,15) (S 24,15,20) (S 27,12,12) (S 29,13,13) (S 36,6,6) (D 1,1,1)
0 1 9 60 94 7 (D 1,1,1) (S 5,21,24) (S 13,21,15) (S 17,15,21) (S 20,19,1) (S 38,19,19) (D 1,1,1)
