293
12
10581300
1748278478
0 1 1 24 28 3 (D 1,1,1) (S 40,6,6) (D 1,1,1)
0 1 2 23 25 3 (D 1,1,1) (S 43,2,2) (D 1,1,1)
0 1 3 22 20 8 (D 1,1,1) (S 2,9,10) (S 3,5,8) (S 20,4,9) (S 21,1,4) (S 25,4,8) (S 31,8,11) (D 1,1,1)
0 1 4 23 27 6 (D 1,1,1) (S 17,3,4) (S 28,2,7) (S 32,3,10) (S 36,4,4) (D 1,1,1)
0 1 5 20 26 6 (D 1,1,1) (S 1,5,10) (S 27,4,5) (S 37,5,5) (S 41,3,3) (D 1,1,1)
0 1 6 19 17 9 (D 1,1,1) (S 5,7,11) (S 11,5,11) (S 13,1,3) (S 15,5,7) (S 33,7,10) (S 39,8,8) (S 42,11,11) (D 1,1,1)
0 1 7 20 25 5 (D 1,1,1) (S 8,8,10) (S 9,2,6) (S 34,2,3) (D 1,1,1)
0 1 8 27 34 8 (D 1,1,1) (S 0,3,8) (S 4,6,10) (S 7,10,11) (S 19,3,7) (S 23,1,10) (S 29,1,2) (D 1,1,1)
0 1 9 24 23 6 (D 1,1,1) (S 6,5,6) (S 30,6,9) (S 35,9,9) (S 38,7,7) (D 1,1,1)
0 1 10 21 23 5 (D 1,1,1) (S 12,2,4) (S 14,4,10) (S 18,2,10) (D 1,1,1)
0 1 11 25 28 5 (D 1,1,1) (S 16,4,11) (S 22,8,9) (S 24,7,9) (D 1,1,1)
0 1 12 18 17 4 (D 1,1,1) (S 10,1,5) (S 26,2,8) (D 1,1,1)
