1236
15
42798300
1748278484
0 1 1 23 69 7 (D 1,1,1) (S 3,26,30) (S 30,23,30) (S 49,25,22) (S 52,22,17) (S 76,17,17) (D 1,1,1)
0 1 2 33 87 7 (D 1,1,1) (S 1,16,17) (S 5,22,29) (S 32,29,25) (S 70,25,25) (S 73,26,26) (D 1,1,1)
0 1 3 34 77 6 (D 1,1,1) (S 22,13,8) (S 33,12,11) (S 50,11,16) (S 75,16,16) (D 1,1,1)
0 1 4 26 86 5 (D 1,1,1) (S 34,6,7) (S 35,28,27) (S 59,13,13) (D 1,1,1)
0 1 5 9 19 4 (D 1,1,1) (S 39,5,1) (S 40,1,8) (D 1,1,1)
0 1 6 33 82 6 (D 1,1,1) (S 29,20,11) (S 48,12,16) (S 61,12,12) (S 69,8,8) (D 1,1,1)
0 1 7 54 109 10 (D 1,1,1) (S 2,8,14) (S 6,18,19) (S 23,18,17) (S 25,16,20) (S 28,20,27) (S 44,27,20) (S 45,20,21) (S 71,21,21) (D 1,1,1)
0 1 8 30 62 7 (D 1,1,1) (S 15,14,15) (S 17,9,15) (S 42,9,10) (S 62,10,10) (S 72,2,2) (D 1,1,1)
0 1 9 55 133 9 (D 1,1,1) (S 9,10,19) (S 10,22,23) (S 19,18,26) (S 27,21,22) (S 47,22,21) (S 60,30,30) (S 67,29,29) (D 1,1,1)
0 1 10 19 29 6 (D 1,1,1) (S 18,8,5) (S 43,5,8) (S 46,8,1) (S 53,1,5) (D 1,1,1)
0 1 11 64 109 9 (D 1,1,1) (S 4,8,9) (S 7,15,19) (S 8,10,15) (S 11,15,18) (S 55,18,18) (S 57,15,15) (S 64,23,23) (D 1,1,1)
0 1 12 41 107 7 (D 1,1,1) (S 24,15,8) (S 31,27,24) (S 36,28,24) (S 65,24,24) (S 68,28,28) (D 1,1,1)
0 1 13 45 71 7 (D 1,1,1) (S 13,1,2) (S 16,2,9) (S 20,3,10) (S 41,10,3) (S 54,9,9) (D 1,1,1)
0 1 14 28 72 5 (D 1,1,1) (S 26,16,13) (S 37,13,16) (S 56,7,7) (D 1,1,1)
0 1 15 72 124 12 (D 1,1,1) (S 0,13,14) (S 12,14,17) (S 14,20,24) (S 21,24,28) (S 38,28,21) (S 51,21,20) (S 58,20,20) (S 63,11,11) (S 66,6,6) (S 74,4,4) (D 1,1,1)
