38944
17
13539900
1748195719
0 1 1 1797 2536 10 (D 1,1,1) (S 1,39,39) (S 2,40,40) (S 11,43,43) (S 26,41,41) (S 62,43,44) (S 32,44,44) (S 93,44,45) (S 78,44,39) (D 1,1,1)
0 1 2 1226 1703 5 (D 1,1,1) (S 3,16,16) (S 28,7,7) (S 13,14,14) (D 1,1,1)
0 1 3 1663 2390 11 (D 1,1,1) (S 4,4,4) (S 5,17,17) (S 25,9,9) (S 49,9,17) (S 102,9,8) (S 31,25,25) (S 37,26,26) (S 94,26,17) (S 66,25,16) (D 1,1,1)
0 1 4 1729 2447 8 (D 1,1,1) (S 6,22,22) (S 12,28,28) (S 100,22,21) (S 15,20,20) (S 48,4,3) (S 52,3,4) (D 1,1,1)
0 1 5 1782 2442 8 (D 1,1,1) (S 7,2,2) (S 16,37,37) (S 19,36,36) (S 55,36,48) (S 54,36,35) (S 20,12,12) (D 1,1,1)
0 1 6 1711 2172 10 (D 1,1,1) (S 8,11,11) (S 40,19,19) (S 85,19,20) (S 76,10,18) (S 77,19,11) (S 91,11,10) (S 70,1,2) (S 46,2,11) (D 1,1,1)
0 1 7 1623 2338 7 (D 1,1,1) (S 9,34,34) (S 22,35,35) (S 30,24,24) (S 97,24,25) (S 79,24,36) (D 1,1,1)
0 1 8 1696 2199 8 (D 1,1,1) (S 10,33,33) (S 38,27,27) (S 43,27,33) (S 50,27,21) (S 108,20,19) (S 83,20,12) (D 1,1,1)
0 1 9 1723 2190 7 (D 1,1,1) (S 14,32,32) (S 87,32,39) (S 42,38,39) (S 29,3,3) (S 95,3,12) (D 1,1,1)
0 1 10 1687 2572 8 (D 1,1,1) (S 17,48,48) (S 75,48,49) (S 23,49,49) (S 74,48,47) (S 67,34,33) (S 101,33,40) (D 1,1,1)
0 1 11 1550 2077 7 (D 1,1,1) (S 18,10,10) (S 24,18,18) (S 51,29,30) (S 27,30,30) (S 65,30,42) (D 1,1,1)
0 1 12 1776 3022 11 (D 1,1,1) (S 21,21,21) (S 56,21,5) (S 35,6,6) (S 104,21,27) (S 47,6,14) (S 80,21,4) (S 60,21,20) (S 82,31,38) (S 72,31,32) (D 1,1,1)
0 1 13 1781 2515 9 (D 1,1,1) (S 33,15,15) (S 103,15,24) (S 59,7,8) (S 107,7,16) (S 88,13,5) (S 81,14,13) (S 53,13,22) (D 1,1,1)
0 1 14 1790 3581 15 (D 1,1,1) (S 34,46,46) (S 63,46,47) (S 36,47,47) (S 57,47,46) (S 68,47,35) (S 98,46,34) (S 64,43,42) (S 45,23,24) (S 90,34,35) (S 41,40,45) (S 92,39,40) (S 105,39,32) (S 96,23,14) (D 1,1,1)
0 1 15 1207 1696 5 (D 1,1,1) (S 39,23,23) (S 44,23,35) (S 69,23,22) (D 1,1,1)
0 1 16 1482 2235 9 (D 1,1,1) (S 58,26,16) (S 84,16,26) (S 71,16,25) (S 99,8,9) (S 106,8,16) (S 86,16,15) (S 61,14,23) (D 1,1,1)
0 1 17 675 829 4 (D 1,1,1) (S 73,10,1) (S 89,2,3) (D 1,1,1)
