1228
22
86497200
1748278487
0 1 1 30 57 8 (D 1,1,1) (S 12,36,44) (S 30,44,43) (S 42,43,42) (S 44,42,43) (S 61,43,44) (S 98,44,44) (D 1,1,1)
0 1 2 46 88 8 (D 1,1,1) (S 0,45,48) (S 7,48,49) (S 21,50,49) (S 69,50,50) (S 77,49,49) (S 96,37,37) (D 1,1,1)
0 1 3 31 62 6 (D 1,1,1) (S 3,22,28) (S 34,36,38) (S 59,39,40) (S 78,40,40) (D 1,1,1)
0 1 4 21 50 5 (D 1,1,1) (S 17,25,26) (S 85,26,26) (S 93,33,33) (D 1,1,1)
0 1 5 29 60 8 (D 1,1,1) (S 29,36,28) (S 38,34,42) (S 46,42,34) (S 63,36,36) (S 81,35,35) (S 99,27,27) (D 1,1,1)
0 1 6 39 86 7 (D 1,1,1) (S 5,38,46) (S 19,43,48) (S 41,50,45) (S 82,46,46) (S 95,45,45) (D 1,1,1)
0 1 7 26 53 6 (D 1,1,1) (S 4,37,38) (S 11,30,38) (S 88,38,38) (S 89,30,30) (D 1,1,1)
0 1 8 13 35 5 (D 1,1,1) (S 1,6,7) (S 32,3,4) (S 84,4,4) (D 1,1,1)
0 1 9 13 23 5 (D 1,1,1) (S 35,1,15) (S 47,15,23) (S 50,23,22) (D 1,1,1)
0 1 10 21 49 7 (D 1,1,1) (S 13,8,9) (S 27,24,29) (S 57,29,23) (S 70,22,22) (S 83,21,21) (D 1,1,1)
0 1 11 18 32 6 (D 1,1,1) (S 39,15,1) (S 51,15,24) (S 55,23,14) (S 75,14,14) (D 1,1,1)
0 1 12 22 56 6 (D 1,1,1) (S 8,25,33) (S 71,41,41) (S 92,20,20) (S 94,9,9) (D 1,1,1)
0 1 13 22 44 7 (D 1,1,1) (S 10,9,14) (S 24,14,22) (S 26,34,26) (S 60,26,34) (S 80,34,34) (D 1,1,1)
0 1 14 37 60 6 (D 1,1,1) (S 2,15,16) (S 14,16,17) (S 20,31,39) (S 97,39,39) (D 1,1,1)
0 1 15 36 54 6 (D 1,1,1) (S 31,28,29) (S 43,30,17) (S 52,17,30) (S 90,29,29) (D 1,1,1)
0 1 16 28 73 7 (D 1,1,1) (S 28,25,20) (S 45,13,21) (S 48,21,26) (S 64,28,28) (S 68,43,43) (D 1,1,1)
0 1 17 28 43 8 (D 1,1,1) (S 6,5,10) (S 23,10,11) (S 33,11,6) (S 37,2,3) (S 40,3,6) (S 65,10,10) (D 1,1,1)
0 1 18 24 37 6 (D 1,1,1) (S 9,1,16) (S 25,24,23) (S 56,23,24) (S 73,23,23) (D 1,1,1)
0 1 19 33 48 4 (D 1,1,1) (S 49,8,13) (S 67,13,13) (D 1,1,1)
0 1 20 49 63 8 (D 1,1,1) (S 15,1,10) (S 18,11,12) (S 36,12,7) (S 76,6,6) (S 79,2,2) (S 86,5,5) (D 1,1,1)
0 1 21 47 91 9 (D 1,1,1) (S 22,19,18) (S 54,18,19) (S 58,31,32) (S 62,32,32) (S 66,18,18) (S 72,11,11) (S 74,19,19) (D 1,1,1)
0 1 22 41 64 6 (D 1,1,1) (S 16,4,7) (S 53,7,12) (S 87,12,12) (S 91,17,17) (D 1,1,1)
