877
15
20226600
1748278481
0 1 1 20 49 5 (D 1,1,1) (S 9,11,17) (S 50,17,17) (S 52,10,10) (D 1,1,1)
0 1 2 42 91 9 (D 1,1,1) (S 1,19,22) (S 3,20,22) (S 24,19,21) (S 31,21,19) (S 33,18,21) (S 56,21,21) (S 62,13,13) (D 1,1,1)
0 1 3 20 46 6 (D 1,1,1) (S 2,23,25) (S 15,26,23) (S 43,23,26) (S 63,26,26) (D 1,1,1)
0 1 4 20 43 4 (D 1,1,1) (S 21,11,6) (S 61,6,6) (D 1,1,1)
0 1 5 33 72 4 (D 1,1,1) (S 12,21,22) (S 54,19,19) (D 1,1,1)
0 1 6 48 86 7 (D 1,1,1) (S 5,5,10) (S 13,10,16) (S 14,11,12) (S 49,18,18) (S 58,12,12) (D 1,1,1)
0 1 7 6 18 4 (D 1,1,1) (S 7,28,31) (S 36,1,31) (D 1,1,1)
0 1 8 24 57 6 (D 1,1,1) (S 20,29,31) (S 30,28,25) (S 32,25,28) (S 35,2,8) (D 1,1,1)
0 1 9 26 57 7 (D 1,1,1) (S 8,6,31) (S 18,27,26) (S 34,24,27) (S 40,27,24) (S 60,23,23) (D 1,1,1)
0 1 10 44 64 7 (D 1,1,1) (S 0,4,13) (S 38,13,12) (S 41,12,8) (S 46,8,8) (S 53,9,9) (D 1,1,1)
0 1 11 39 70 7 (D 1,1,1) (S 4,6,7) (S 19,5,31) (S 27,28,26) (S 42,29,28) (S 47,29,29) (D 1,1,1)
0 1 12 34 44 7 (D 1,1,1) (S 6,2,3) (S 17,3,4) (S 28,4,3) (S 29,9,4) (S 55,3,3) (D 1,1,1)
0 1 13 32 56 6 (D 1,1,1) (S 25,8,7) (S 26,9,8) (S 39,8,2) (S 45,2,2) (D 1,1,1)
0 1 14 41 79 9 (D 1,1,1) (S 10,1,7) (S 16,11,10) (S 22,16,15) (S 44,14,15) (S 48,15,15) (S 57,14,14) (S 59,16,16) (D 1,1,1)
0 1 15 22 45 6 (D 1,1,1) (S 11,1,30) (S 23,27,29) (S 37,29,27) (S 51,31,31) (D 1,1,1)
