343
9
5941800
1748278484
0 1 1 10 37 6 (D 1,1,1) (S 1,21,24) (S 8,16,17) (S 15,17,18) (S 37,18,18) (D 1,1,1)
0 1 2 16 52 6 (D 1,1,1) (S 5,14,18) (S 6,13,17) (S 10,13,12) (S 20,13,14) (D 1,1,1)
0 1 3 17 38 7 (D 1,1,1) (S 17,23,24) (S 18,21,20) (S 21,20,23) (S 23,23,20) (S 33,5,5) (D 1,1,1)
0 1 4 18 36 6 (D 1,1,1) (S 7,10,11) (S 27,15,15) (S 28,16,16) (S 36,11,11) (D 1,1,1)
0 1 5 18 49 7 (D 1,1,1) (S 2,9,10) (S 11,12,6) (S 14,6,12) (S 29,12,12) (S 30,8,8) (D 1,1,1)
0 1 6 12 34 5 (D 1,1,1) (S 0,5,10) (S 4,6,7) (S 31,7,7) (D 1,1,1)
0 1 7 17 44 6 (D 1,1,1) (S 16,22,19) (S 24,19,20) (S 34,10,10) (S 35,22,22) (D 1,1,1)
0 1 8 13 17 6 (D 1,1,1) (S 3,1,2) (S 12,2,4) (S 13,4,2) (S 25,4,4) (D 1,1,1)
0 1 9 16 36 7 (D 1,1,1) (S 9,3,4) (S 19,9,3) (S 22,5,6) (S 26,9,9) (S 32,3,3) (D 1,1,1)
