892
16
27467700
1748278481
0 1 1 14 32 3 (D 1,1,1) (S 33,7,8) (D 1,1,1)
0 1 2 19 40 6 (D 1,1,1) (S 0,4,13) (S 38,13,12) (S 54,12,12) (S 60,6,6) (D 1,1,1)
0 1 3 22 45 5 (D 1,1,1) (S 1,23,25) (S 27,23,26) (S 62,26,26) (D 1,1,1)
0 1 4 40 79 6 (D 1,1,1) (S 5,13,19) (S 10,21,22) (S 18,18,12) (S 42,12,18) (D 1,1,1)
0 1 5 37 65 9 (D 1,1,1) (S 21,10,5) (S 29,5,10) (S 30,14,10) (S 37,10,16) (S 40,17,16) (S 50,16,16) (S 51,15,15) (D 1,1,1)
0 1 6 8 18 5 (D 1,1,1) (S 7,28,31) (S 41,31,5) (S 52,5,5) (D 1,1,1)
0 1 7 37 89 5 (D 1,1,1) (S 4,20,22) (S 39,19,22) (S 53,19,19) (D 1,1,1)
0 1 8 14 32 6 (D 1,1,1) (S 8,6,31) (S 17,1,2) (S 28,9,4) (S 59,4,4) (D 1,1,1)
0 1 9 19 46 6 (D 1,1,1) (S 12,10,11) (S 32,15,14) (S 44,10,14) (S 57,14,14) (D 1,1,1)
0 1 10 31 69 6 (D 1,1,1) (S 2,19,21) (S 19,21,18) (S 56,18,18) (S 63,8,8) (D 1,1,1)
0 1 11 32 55 6 (D 1,1,1) (S 16,7,6) (S 31,28,26) (S 36,29,30) (S 61,30,30) (D 1,1,1)
0 1 12 18 35 5 (D 1,1,1) (S 3,29,31) (S 26,5,6) (S 45,29,28) (D 1,1,1)
0 1 13 35 66 6 (D 1,1,1) (S 13,23,24) (S 14,24,27) (S 47,27,27) (S 58,25,25) (D 1,1,1)
0 1 14 50 74 8 (D 1,1,1) (S 11,3,4) (S 15,9,13) (S 23,3,2) (S 35,2,1) (S 48,3,3) (S 55,2,2) (D 1,1,1)
0 1 15 39 71 8 (D 1,1,1) (S 9,1,31) (S 22,1,30) (S 24,2,3) (S 25,17,11) (S 43,11,6) (S 46,6,11) (D 1,1,1)
0 1 16 36 76 6 (D 1,1,1) (S 6,8,12) (S 20,12,11) (S 34,11,12) (S 49,7,7) (D 1,1,1)
