823
8
5907300
1748278486
0 1 1 42 142 9 (D 1,1,1) (S 0,8,14) (S 11,12,6) (S 16,6,12) (S 18,7,8) (S 32,8,8) (S 34,7,7) (S 35,16,16) (D 1,1,1)
0 1 2 28 93 6 (D 1,1,1) (S 3,15,16) (S 6,17,18) (S 22,18,18) (S 37,17,17) (D 1,1,1)
0 1 3 20 75 5 (D 1,1,1) (S 2,22,23) (S 17,23,20) (S 33,20,20) (D 1,1,1)
0 1 4 38 78 7 (D 1,1,1) (S 7,2,4) (S 8,5,11) (S 19,10,20) (S 21,20,10) (S 29,10,10) (D 1,1,1)
0 1 5 40 89 7 (D 1,1,1) (S 4,9,10) (S 9,20,21) (S 12,12,11) (S 25,11,11) (S 27,2,2) (D 1,1,1)
0 1 6 50 143 9 (D 1,1,1) (S 1,15,21) (S 14,21,24) (S 23,24,24) (S 28,12,12) (S 30,13,13) (S 31,15,15) (S 36,3,3) (D 1,1,1)
0 1 7 25 83 5 (D 1,1,1) (S 10,3,1) (S 13,1,3) (S 15,23,24) (D 1,1,1)
0 1 8 67 120 6 (D 1,1,1) (S 5,3,4) (S 20,4,5) (S 24,5,5) (S 26,19,19) (D 1,1,1)
