284
11
7630800
1748278479
0 1 1 5 17 3 (D 1,1,1) (S 19,24,23) (D 1,1,1)
0 1 2 16 47 6 (D 1,1,1) (S 11,8,14) (S 12,14,8) (S 41,8,8) (S 43,6,6) (D 1,1,1)
0 1 3 19 41 7 (D 1,1,1) (S 1,21,24) (S 3,17,18) (S 14,18,14) (S 29,14,13) (S 42,12,12) (D 1,1,1)
0 1 4 14 25 8 (D 1,1,1) (S 10,15,21) (S 13,21,20) (S 21,20,10) (S 22,10,5) (S 26,5,10) (S 33,10,20) (D 1,1,1)
0 1 5 14 34 6 (D 1,1,1) (S 4,10,11) (S 6,13,17) (S 25,17,16) (S 32,16,17) (D 1,1,1)
0 1 6 6 13 6 (D 1,1,1) (S 16,19,9) (S 24,9,10) (S 28,10,9) (S 37,19,19) (D 1,1,1)
0 1 7 18 31 7 (D 1,1,1) (S 7,4,5) (S 9,5,6) (S 30,12,11) (S 31,16,15) (S 40,15,15) (D 1,1,1)
0 1 8 18 33 8 (D 1,1,1) (S 5,5,11) (S 15,11,15) (S 20,15,16) (S 23,6,7) (S 34,7,6) (S 35,4,4) (D 1,1,1)
0 1 9 3 4 4 (D 1,1,1) (S 17,1,3) (S 38,3,3) (D 1,1,1)
0 1 10 17 24 6 (D 1,1,1) (S 0,19,22) (S 8,22,23) (S 18,23,20) (S 39,20,20) (D 1,1,1)
0 1 11 7 15 5 (D 1,1,1) (S 2,3,9) (S 27,9,19) (S 36,2,2) (D 1,1,1)
