1469
22
109731600
1748278483
0 1 1 11 48 5 (D 1,1,1) (S 23,46,47) (S 37,40,47) (S 112,47,47) (D 1,1,1)
0 1 2 21 79 6 (D 1,1,1) (S 2,3,9) (S 32,10,4) (S 60,4,10) (S 72,3,4) (D 1,1,1)
0 1 3 20 60 5 (D 1,1,1) (S 50,49,41) (S 103,41,41) (S 111,48,48) (D 1,1,1)
0 1 4 45 86 8 (D 1,1,1) (S 1,36,42) (S 24,42,41) (S 73,44,49) (S 78,49,50) (S 84,43,43) (S 87,31,31) (D 1,1,1)
0 1 5 31 83 6 (D 1,1,1) (S 27,43,37) (S 35,31,32) (S 74,38,32) (S 81,25,25) (D 1,1,1)
0 1 6 26 75 8 (D 1,1,1) (S 0,41,48) (S 28,49,44) (S 43,42,44) (S 77,44,42) (S 102,36,36) (S 108,33,33) (D 1,1,1)
0 1 7 30 73 9 (D 1,1,1) (S 10,33,39) (S 11,29,39) (S 19,26,29) (S 21,34,30) (S 31,34,33) (S 66,33,34) (S 113,34,34) (D 1,1,1)
0 1 8 36 72 7 (D 1,1,1) (S 13,24,32) (S 17,38,45) (S 54,43,38) (S 61,38,28) (S 86,32,32) (D 1,1,1)
0 1 9 26 71 6 (D 1,1,1) (S 8,43,50) (S 79,45,50) (S 104,50,50) (S 110,13,13) (D 1,1,1)
0 1 10 36 72 8 (D 1,1,1) (S 22,18,26) (S 34,27,35) (S 70,47,40) (S 80,40,34) (S 107,30,30) (S 109,26,26) (D 1,1,1)
0 1 11 35 55 7 (D 1,1,1) (S 12,20,30) (S 39,41,35) (S 76,35,27) (S 91,27,27) (S 105,11,11) (D 1,1,1)
0 1 12 35 73 7 (D 1,1,1) (S 16,27,31) (S 26,24,23) (S 65,31,37) (S 82,37,37) (S 94,15,15) (D 1,1,1)
0 1 13 10 20 4 (D 1,1,1) (S 71,2,1) (S 93,6,6) (D 1,1,1)
0 1 14 40 80 7 (D 1,1,1) (S 4,16,17) (S 6,28,32) (S 38,28,38) (S 85,38,38) (S 90,23,23) (D 1,1,1)
0 1 15 34 62 7 (D 1,1,1) (S 18,11,12) (S 48,20,19) (S 68,19,26) (S 97,40,40) (S 98,29,29) (D 1,1,1)
0 1 16 45 80 8 (D 1,1,1) (S 20,10,17) (S 42,17,25) (S 69,24,25) (S 83,24,24) (S 100,16,16) (S 106,14,14) (D 1,1,1)
0 1 17 36 48 8 (D 1,1,1) (S 5,1,6) (S 29,1,2) (S 30,7,2) (S 55,2,7) (S 99,7,7) (S 101,8,8) (D 1,1,1)
0 1 18 28 42 8 (D 1,1,1) (S 15,6,12) (S 40,5,18) (S 51,19,20) (S 58,20,12) (S 59,13,12) (S 96,12,12) (D 1,1,1)
0 1 19 40 76 10 (D 1,1,1) (S 7,22,23) (S 25,16,9) (S 33,8,9) (S 44,9,8) (S 46,9,16) (S 47,14,15) (S 52,15,9) (S 89,2,2) (D 1,1,1)
0 1 20 41 84 9 (D 1,1,1) (S 3,34,35) (S 14,35,36) (S 53,36,27) (S 57,27,36) (S 64,21,13) (S 67,15,14) (S 92,9,9) (D 1,1,1)
0 1 21 32 50 7 (D 1,1,1) (S 9,20,21) (S 36,21,22) (S 62,22,21) (S 63,21,27) (S 75,13,6) (D 1,1,1)
0 1 22 46 80 8 (D 1,1,1) (S 41,5,6) (S 45,7,6) (S 49,1,5) (S 56,11,5) (S 88,5,5) (S 95,18,18) (D 1,1,1)
