1274
20
75952500
1748278486
0 1 1 12 18 3 (D 1,1,1) (S 47,5,1) (D 1,1,1)
0 1 2 9 57 4 (D 1,1,1) (S 1,45,46) (S 49,38,37) (D 1,1,1)
0 1 3 20 52 8 (D 1,1,1) (S 6,25,33) (S 45,33,41) (S 72,41,41) (S 75,20,20) (S 83,13,13) (S 96,21,21) (D 1,1,1)
0 1 4 22 46 8 (D 1,1,1) (S 15,15,24) (S 30,24,29) (S 55,30,38) (S 57,38,36) (S 65,27,27) (S 98,28,28) (D 1,1,1)
0 1 5 28 49 8 (D 1,1,1) (S 27,24,23) (S 39,23,22) (S 43,22,13) (S 48,21,20) (S 56,21,26) (S 80,26,26) (D 1,1,1)
0 1 6 28 59 5 (D 1,1,1) (S 2,39,47) (S 69,39,39) (S 89,30,30) (D 1,1,1)
0 1 7 17 36 4 (D 1,1,1) (S 28,13,9) (S 58,9,8) (D 1,1,1)
0 1 8 52 93 9 (D 1,1,1) (S 3,38,46) (S 18,46,50) (S 25,50,49) (S 29,45,49) (S 44,50,45) (S 74,45,45) (S 90,35,35) (D 1,1,1)
0 1 9 51 110 7 (D 1,1,1) (S 4,41,42) (S 23,42,43) (S 79,48,48) (S 84,49,49) (S 93,43,43) (D 1,1,1)
0 1 10 37 57 9 (D 1,1,1) (S 34,13,8) (S 38,8,9) (S 54,9,14) (S 61,23,24) (S 66,24,24) (S 86,23,23) (S 95,15,15) (D 1,1,1)
0 1 11 62 133 12 (D 1,1,1) (S 5,14,15) (S 9,37,44) (S 11,26,34) (S 19,34,42) (S 22,43,48) (S 24,45,48) (S 31,20,25) (S 68,25,25) (S 81,33,33) (S 99,34,34) (D 1,1,1)
0 1 12 25 43 6 (D 1,1,1) (S 16,3,4) (S 35,4,7) (S 73,7,7) (S 92,6,6) (D 1,1,1)
0 1 13 18 55 6 (D 1,1,1) (S 37,1,15) (S 41,29,24) (S 52,36,38) (S 59,36,44) (D 1,1,1)
0 1 14 45 64 7 (D 1,1,1) (S 0,15,16) (S 17,16,17) (S 32,17,31) (S 50,31,17) (S 87,31,31) (D 1,1,1)
0 1 15 41 67 8 (D 1,1,1) (S 7,7,12) (S 20,12,19) (S 21,11,12) (S 40,11,18) (S 91,18,18) (S 94,16,16) (D 1,1,1)
0 1 16 27 59 7 (D 1,1,1) (S 12,3,6) (S 60,2,3) (S 67,3,3) (S 70,2,2) (S 76,14,14) (D 1,1,1)
0 1 17 47 84 7 (D 1,1,1) (S 8,19,32) (S 14,38,39) (S 62,39,40) (S 78,32,32) (S 82,40,40) (D 1,1,1)
0 1 18 40 76 11 (D 1,1,1) (S 10,1,9) (S 13,23,29) (S 26,29,37) (S 33,13,22) (S 36,21,22) (S 51,22,28) (S 53,28,27) (S 63,28,22) (S 88,22,22) (D 1,1,1)
0 1 19 35 66 5 (D 1,1,1) (S 46,18,11) (S 71,29,29) (S 77,17,17) (D 1,1,1)
0 1 20 38 50 6 (D 1,1,1) (S 42,5,6) (S 64,6,5) (S 85,5,5) (S 97,10,10) (D 1,1,1)
