Custo total da solução: 12939
Total de rotas: 20
⏱️ Tempo total: 2156545900 ns
clocks totais do algoritimo referência: 6469637700 clocks
Route 1: 1 2 4 69 59 58 60 67 60 58 69 4 2 1
Route 2: 1 2 4 69 58 57 42 41 35 32 35 41 42 56 55 56 67 60 58 69 4 2 1
Route 3: 1 2 4 69 58 57 42 41 40 39 35 39 37 33 36 33 32 34 32 33 37 38 37 39 40 41 42 57 58 69 4 2 1
Route 4: 2 3 2 4 69 4 2 1
Route 5: 1 2 4 69 59 44 46 47 49 50 19 50 52 53 51 21 22 24 25 75 22 21 51 49 47 46 44 59 69 4 2 1
Route 6: 1 2 4 69 58 57 42 41 35 41 42 56 67 62 63 65 63 64 63 62 60 58 69 4 2 1
Route 7: 1 2 4 5 6 5 7 8 9 10 11 12 76 77 15 14 13 16 12 11 10 9 8 7 5 4 2 1
Route 8: 1 2 4 5 7 8 9 10 11 48 47 49 47 46 45 44 59 69 4 2 1
Route 9: 1 2 4 5 7 8 9 8 7 5 4 2 1
Route 10: 1 2 4 69 59 44 46 47 49 51 21 22 75 23 26 23 31 32 35 41 42 57 58 69 4 2 1
Route 11: 1 2 4 5 7 8 9 10 11 12 76 20 18 19 50 52 54 52 53 51 21 22 21 51 49 47 48 47 46 44 59 69 4 2 1
Route 12: 1 2 4 69 58 57 42 56 67 60 61 60 58 59 69 4 2 1
Route 13: 1 2 4 5 7 8 9 10 11 12 76 20 18 19 20 76 77 13 16 12 11 10 9 8 7 5 4 2 1
Route 14: 1 2 4 5 7 8 9 10 11 12 76 77 15 18 72 18 20 76 12 11 10 9 8 7 5 4 2 1
Route 15: 1 2 4 69 58 57 42 41 40 39 37 33 37 39 40 41 42 43 44 59 69 4 2 1
Route 16: 1 2 4 69 58 60 67 56 67 62 66 68 66 62 63 62 60 58 69 4 2 1
Route 17: 1 2 4 69 59 44 46 47 49 51 21 22 24 25 26 27 26 28 29 28 26 23 31 30 31 23 75 22 21 51 49 47 46 44 59 69 4 2 1
Route 18: 1 2 4 5 7 8 9 10 11 12 76 20 18 72 73 74 73 71 70 71 72 18 15 17 15 14 13 16 13 77 76 12 11 10 9 8 7 5 4 2 1
Route 19: 1 2 4 69 59 44 59 11 10 9 8 7 5 4 2 1
Route 20: 1 2 4 69 59 44 43 44 46 47 46 44 59 69 4 2 1
