673
12
10725000
1748278484
0 1 1 23 54 4 (D 1,1,1) (S 7,13,14) (S 38,14,14) (D 1,1,1)
0 1 2 25 57 6 (D 1,1,1) (S 11,15,21) (S 12,16,12) (S 31,12,16) (S 42,20,20) (D 1,1,1)
0 1 3 24 57 5 (D 1,1,1) (S 18,15,20) (S 35,21,21) (S 40,23,23) (D 1,1,1)
0 1 4 17 33 6 (D 1,1,1) (S 16,2,5) (S 32,2,4) (S 34,4,4) (S 43,5,5) (D 1,1,1)
0 1 5 22 42 6 (D 1,1,1) (S 21,19,9) (S 22,19,22) (S 27,23,22) (S 46,22,22) (D 1,1,1)
0 1 6 29 60 5 (D 1,1,1) (S 5,6,11) (S 17,17,12) (S 25,12,6) (D 1,1,1)
0 1 7 26 48 5 (D 1,1,1) (S 13,6,12) (S 36,12,12) (S 39,11,11) (D 1,1,1)
0 1 8 42 87 9 (D 1,1,1) (S 1,20,21) (S 2,17,18) (S 8,16,17) (S 9,13,17) (S 19,13,7) (S 41,8,8) (S 47,7,7) (D 1,1,1)
0 1 9 46 68 7 (D 1,1,1) (S 4,5,6) (S 6,6,7) (S 23,7,13) (S 44,15,15) (S 45,9,9) (D 1,1,1)
0 1 10 24 42 7 (D 1,1,1) (S 0,1,19) (S 15,1,5) (S 28,5,1) (S 30,9,3) (S 37,10,10) (D 1,1,1)
0 1 11 23 45 6 (D 1,1,1) (S 14,11,5) (S 20,5,11) (S 24,9,19) (S 26,20,1) (D 1,1,1)
0 1 12 57 80 6 (D 1,1,1) (S 3,19,20) (S 10,21,24) (S 29,22,19) (S 33,3,3) (D 1,1,1)
