1317
23
137983200
1748278483
0 1 1 15 54 7 (D 1,1,1) (S 32,25,20) (S 34,20,25) (S 93,41,41) (S 95,42,42) (S 104,25,25) (D 1,1,1)
0 1 2 38 84 8 (D 1,1,1) (S 9,48,49) (S 31,45,49) (S 33,49,50) (S 91,50,50) (S 106,49,49) (S 112,38,38) (D 1,1,1)
0 1 3 32 74 6 (D 1,1,1) (S 20,33,41) (S 25,43,48) (S 53,50,46) (S 114,44,44) (D 1,1,1)
0 1 4 17 45 5 (D 1,1,1) (S 24,25,26) (S 76,26,34) (S 111,36,36) (D 1,1,1)
0 1 5 16 47 5 (D 1,1,1) (S 2,22,28) (S 42,36,38) (S 50,30,39) (D 1,1,1)
0 1 6 31 76 8 (D 1,1,1) (S 35,36,28) (S 51,27,26) (S 58,36,35) (S 63,35,36) (S 82,37,37) (S 83,45,45) (D 1,1,1)
0 1 7 22 35 6 (D 1,1,1) (S 0,6,7) (S 68,7,12) (S 100,12,12) (S 109,11,11) (D 1,1,1)
0 1 8 17 37 5 (D 1,1,1) (S 6,5,10) (S 39,3,4) (S 103,4,4) (D 1,1,1)
0 1 9 36 71 7 (D 1,1,1) (S 11,33,34) (S 48,34,42) (S 60,42,34) (S 98,34,34) (S 102,43,43) (D 1,1,1)
0 1 10 41 75 9 (D 1,1,1) (S 10,17,24) (S 15,38,39) (S 26,31,39) (S 28,30,24) (S 44,29,24) (S 71,23,24) (S 108,24,24) (D 1,1,1)
0 1 11 22 51 7 (D 1,1,1) (S 18,8,9) (S 29,34,26) (S 56,26,27) (S 57,23,29) (S 101,29,29) (D 1,1,1)
0 1 12 22 50 5 (D 1,1,1) (S 30,13,9) (S 43,2,3) (S 94,3,3) (D 1,1,1)
0 1 13 20 38 5 (D 1,1,1) (S 38,28,29) (S 80,15,15) (S 84,23,23) (D 1,1,1)
0 1 14 24 52 6 (D 1,1,1) (S 8,14,15) (S 17,30,38) (S 81,30,30) (S 86,27,27) (D 1,1,1)
0 1 15 36 69 9 (D 1,1,1) (S 19,13,22) (S 62,21,26) (S 78,20,21) (S 90,22,22) (S 96,13,13) (S 99,21,21) (S 110,14,14) (D 1,1,1)
0 1 16 20 37 6 (D 1,1,1) (S 1,15,16) (S 7,23,28) (S 59,28,27) (S 88,28,28) (D 1,1,1)
0 1 17 48 82 7 (D 1,1,1) (S 3,17,31) (S 4,39,47) (S 16,40,47) (S 21,32,40) (S 105,40,40) (D 1,1,1)
0 1 18 24 35 9 (D 1,1,1) (S 14,1,9) (S 41,1,15) (S 61,15,23) (S 65,15,24) (S 67,23,15) (S 70,23,14) (S 87,9,9) (D 1,1,1)
0 1 19 26 51 6 (D 1,1,1) (S 23,10,17) (S 66,17,30) (S 75,13,8) (S 85,8,8) (D 1,1,1)
0 1 20 35 56 10 (D 1,1,1) (S 22,1,10) (S 40,11,6) (S 46,6,11) (S 49,12,19) (S 64,18,17) (S 72,31,32) (S 79,32,31) (S 107,10,10) (D 1,1,1)
0 1 21 19 38 6 (D 1,1,1) (S 47,11,18) (S 54,1,5) (S 73,5,2) (S 97,2,2) (D 1,1,1)
0 1 22 52 93 12 (D 1,1,1) (S 5,29,37) (S 13,37,44) (S 36,44,43) (S 37,43,44) (S 45,46,45) (S 52,50,45) (S 55,45,46) (S 74,39,40) (S 77,5,1) (S 89,5,5) (D 1,1,1)
0 1 23 41 67 7 (D 1,1,1) (S 12,19,32) (S 27,19,18) (S 69,18,19) (S 92,19,19) (S 113,16,16) (D 1,1,1)
