1032
18
39158700
1748278483
0 1 1 18 58 6 (D 1,1,1) (S 8,32,39) (S 46,5,39) (S 72,39,39) (S 79,38,38) (D 1,1,1)
0 1 2 17 39 7 (D 1,1,1) (S 0,3,7) (S 19,13,18) (S 34,18,13) (S 40,3,4) (S 62,4,4) (D 1,1,1)
0 1 3 26 49 5 (D 1,1,1) (S 9,29,30) (S 22,30,31) (S 65,31,31) (D 1,1,1)
0 1 4 36 70 6 (D 1,1,1) (S 10,18,22) (S 17,20,23) (S 70,23,23) (S 73,18,18) (D 1,1,1)
0 1 5 28 45 6 (D 1,1,1) (S 15,33,34) (S 20,27,28) (S 23,28,27) (S 81,27,27) (D 1,1,1)
0 1 6 34 59 7 (D 1,1,1) (S 1,29,36) (S 32,36,37) (S 36,3,37) (S 50,37,36) (S 53,2,3) (D 1,1,1)
0 1 7 25 51 6 (D 1,1,1) (S 37,31,37) (S 41,37,3) (S 64,7,7) (S 66,13,13) (D 1,1,1)
0 1 8 20 63 6 (D 1,1,1) (S 28,39,38) (S 45,37,38) (S 71,5,5) (S 80,6,6) (D 1,1,1)
0 1 9 41 58 7 (D 1,1,1) (S 4,8,14) (S 5,14,15) (S 24,9,10) (S 38,9,8) (S 58,8,8) (D 1,1,1)
0 1 10 55 89 13 (D 1,1,1) (S 6,12,17) (S 7,22,25) (S 11,24,25) (S 26,22,21) (S 44,21,24) (S 49,24,21) (S 51,21,22) (S 54,21,20) (S 59,20,20) (S 61,17,17) (S 67,12,12) (D 1,1,1)
0 1 11 20 26 7 (D 1,1,1) (S 13,1,6) (S 18,12,6) (S 55,6,7) (S 56,7,6) (S 69,2,2) (D 1,1,1)
0 1 12 22 40 5 (D 1,1,1) (S 25,15,9) (S 33,8,40) (S 77,40,40) (D 1,1,1)
0 1 13 33 44 5 (D 1,1,1) (S 3,11,16) (S 39,16,10) (S 60,10,10) (D 1,1,1)
0 1 14 27 65 5 (D 1,1,1) (S 29,32,31) (S 57,31,30) (S 68,11,11) (D 1,1,1)
0 1 15 21 33 5 (D 1,1,1) (S 16,2,36) (S 30,2,6) (S 52,1,40) (D 1,1,1)
0 1 16 26 42 6 (D 1,1,1) (S 12,1,35) (S 35,1,11) (S 42,15,16) (S 78,16,16) (D 1,1,1)
0 1 17 48 89 8 (D 1,1,1) (S 2,35,36) (S 21,38,37) (S 47,37,30) (S 48,26,33) (S 74,34,34) (S 76,33,33) (D 1,1,1)
0 1 18 62 112 8 (D 1,1,1) (S 14,18,19) (S 27,12,11) (S 31,35,28) (S 43,28,35) (S 63,35,35) (S 75,26,26) (D 1,1,1)
