50823
26
8442600
1748195717
0 1 1 1529 1888 7 (D 1,1,1) (S 1,25,25) (S 30,25,26) (S 54,26,35) (S 102,26,27) (S 49,16,25) (D 1,1,1)
0 1 2 1573 1988 7 (D 1,1,1) (S 2,30,30) (S 80,30,39) (S 92,39,40) (S 95,30,31) (S 101,19,20) (D 1,1,1)
0 1 3 1644 1952 7 (D 1,1,1) (S 3,16,16) (S 8,17,18) (S 20,9,18) (S 85,18,19) (S 38,17,26) (D 1,1,1)
0 1 4 1465 1800 6 (D 1,1,1) (S 4,12,12) (S 88,12,22) (S 28,5,12) (S 72,4,12) (D 1,1,1)
0 1 5 1631 2053 6 (D 1,1,1) (S 5,13,22) (S 69,22,32) (S 29,22,23) (S 106,22,21) (D 1,1,1)
0 1 6 1425 1730 6 (D 1,1,1) (S 6,1,2) (S 71,2,9) (S 75,1,16) (S 83,16,17) (D 1,1,1)
0 1 7 1432 1815 5 (D 1,1,1) (S 7,5,6) (S 53,7,8) (S 98,8,15) (D 1,1,1)
0 1 8 1574 2028 6 (D 1,1,1) (S 9,12,21) (S 19,21,30) (S 22,32,41) (S 52,31,40) (D 1,1,1)
0 1 9 1436 1757 5 (D 1,1,1) (S 10,20,29) (S 51,29,30) (S 61,20,21) (D 1,1,1)
0 1 10 1630 2052 6 (D 1,1,1) (S 11,35,36) (S 16,45,46) (S 87,46,47) (S 21,27,36) (D 1,1,1)
0 1 11 1609 2068 6 (D 1,1,1) (S 12,27,28) (S 27,38,39) (S 91,38,47) (S 36,38,46) (D 1,1,1)
0 1 12 1635 2010 6 (D 1,1,1) (S 13,28,37) (S 32,36,37) (S 34,37,46) (S 99,37,38) (D 1,1,1)
0 1 13 1406 1979 7 (D 1,1,1) (S 14,33,42) (S 64,42,49) (S 55,49,56) (S 60,55,56) (S 48,32,33) (D 1,1,1)
0 1 14 1593 2074 7 (D 1,1,1) (S 15,46,52) (S 74,52,53) (S 44,45,52) (S 68,51,52) (S 105,34,43) (D 1,1,1)
0 1 15 1479 1807 5 (D 1,1,1) (S 17,43,50) (S 39,50,51) (S 46,44,51) (D 1,1,1)
0 1 16 1601 2209 7 (D 1,1,1) (S 18,53,54) (S 90,54,55) (S 94,47,48) (S 84,47,54) (S 23,46,53) (D 1,1,1)
0 1 17 1381 1661 5 (D 1,1,1) (S 24,25,34) (S 66,34,35) (S 67,35,44) (D 1,1,1)
0 1 18 1594 1957 6 (D 1,1,1) (S 25,44,45) (S 41,36,45) (S 82,43,44) (S 103,27,18) (D 1,1,1)
0 1 19 1582 1880 6 (D 1,1,1) (S 26,9,10) (S 45,10,20) (S 107,10,11) (S 89,3,4) (D 1,1,1)
0 1 20 1598 1960 6 (D 1,1,1) (S 31,10,19) (S 47,19,28) (S 76,28,29) (S 96,29,38) (D 1,1,1)
0 1 21 1574 2040 6 (D 1,1,1) (S 33,40,41) (S 59,41,42) (S 57,32,42) (S 58,22,31) (D 1,1,1)
0 1 22 1644 1971 6 (D 1,1,1) (S 35,4,5) (S 62,4,11) (S 56,11,20) (S 78,3,10) (D 1,1,1)
0 1 23 1434 1915 6 (D 1,1,1) (S 37,15,24) (S 70,24,33) (S 65,24,32) (S 97,23,24) (D 1,1,1)
0 1 24 1543 2106 6 (D 1,1,1) (S 40,32,40) (S 42,40,48) (S 77,48,49) (S 81,48,55) (D 1,1,1)
0 1 25 1575 1967 6 (D 1,1,1) (S 43,2,3) (S 73,6,13) (S 86,13,14) (S 93,14,15) (D 1,1,1)
0 1 26 1615 2156 7 (D 1,1,1) (S 50,14,23) (S 63,23,32) (S 79,14,24) (S 100,14,6) (S 104,7,14) (D 1,1,1)
