1548
27
131029500
1748278482
0 1 1 16 58 6 (D 1,1,1) (S 10,43,50) (S 53,50,45) (S 85,45,50) (S 105,37,37) (D 1,1,1)
0 1 2 16 63 6 (D 1,1,1) (S 34,50,44) (S 49,42,44) (S 84,44,42) (S 96,36,36) (D 1,1,1)
0 1 3 20 63 6 (D 1,1,1) (S 0,41,48) (S 33,49,44) (S 103,44,44) (S 119,49,49) (D 1,1,1)
0 1 4 27 64 7 (D 1,1,1) (S 7,28,32) (S 44,28,38) (S 82,38,43) (S 108,43,43) (S 112,22,22) (D 1,1,1)
0 1 5 27 61 6 (D 1,1,1) (S 12,33,39) (S 29,33,40) (S 35,34,33) (S 110,33,33) (D 1,1,1)
0 1 6 28 64 7 (D 1,1,1) (S 2,29,33) (S 4,40,41) (S 48,36,37) (S 71,31,37) (S 92,31,31) (D 1,1,1)
0 1 7 23 45 6 (D 1,1,1) (S 3,16,17) (S 47,17,25) (S 81,24,16) (S 99,15,15) (D 1,1,1)
0 1 8 22 48 6 (D 1,1,1) (S 22,15,23) (S 27,16,24) (S 76,24,25) (S 88,25,25) (D 1,1,1)
0 1 9 21 45 5 (D 1,1,1) (S 9,22,23) (S 72,23,24) (S 100,24,24) (D 1,1,1)
0 1 10 35 71 8 (D 1,1,1) (S 1,34,35) (S 18,35,36) (S 32,42,41) (S 97,41,41) (S 113,40,40) (S 114,48,48) (D 1,1,1)
0 1 11 34 77 5 (D 1,1,1) (S 30,43,37) (S 65,37,38) (S 102,38,38) (D 1,1,1)
0 1 12 9 24 4 (D 1,1,1) (S 73,21,13) (S 98,13,13) (D 1,1,1)
0 1 13 19 42 8 (D 1,1,1) (S 46,5,18) (S 55,18,19) (S 67,30,34) (S 77,47,40) (S 86,40,34) (S 121,34,34) (D 1,1,1)
0 1 14 14 28 5 (D 1,1,1) (S 39,7,2) (S 63,2,7) (S 106,7,7) (D 1,1,1)
0 1 15 35 69 7 (D 1,1,1) (S 6,14,22) (S 14,9,10) (S 37,10,4) (S 104,4,4) (S 107,10,10) (D 1,1,1)
0 1 16 32 57 9 (D 1,1,1) (S 8,11,19) (S 15,29,39) (S 17,26,30) (S 23,34,30) (S 56,26,19) (S 58,19,20) (S 115,20,20) (D 1,1,1)
0 1 17 32 76 7 (D 1,1,1) (S 20,27,31) (S 21,43,45) (S 61,43,38) (S 66,38,28) (S 91,32,32) (D 1,1,1)
0 1 18 25 62 6 (D 1,1,1) (S 25,46,47) (S 45,40,47) (S 116,47,47) (S 118,26,26) (D 1,1,1)
0 1 19 24 53 6 (D 1,1,1) (S 13,23,31) (S 28,16,9) (S 36,8,9) (S 111,9,9) (D 1,1,1)
0 1 20 37 90 8 (D 1,1,1) (S 31,24,23) (S 40,31,32) (S 57,49,41) (S 68,41,42) (S 83,35,27) (S 94,27,27) (D 1,1,1)
0 1 21 22 45 8 (D 1,1,1) (S 26,14,13) (S 41,13,14) (S 52,14,15) (S 74,15,16) (S 79,16,15) (S 95,21,21) (D 1,1,1)
0 1 22 22 51 5 (D 1,1,1) (S 24,18,26) (S 75,19,26) (S 117,5,5) (D 1,1,1)
0 1 23 35 63 6 (D 1,1,1) (S 11,20,21) (S 42,21,22) (S 59,15,9) (S 93,3,3) (D 1,1,1)
0 1 24 37 72 8 (D 1,1,1) (S 16,20,30) (S 50,20,19) (S 51,5,11) (S 60,36,27) (S 70,29,18) (S 120,11,11) (D 1,1,1)
0 1 25 25 31 6 (D 1,1,1) (S 5,1,6) (S 54,1,5) (S 87,5,1) (S 101,6,6) (D 1,1,1)
0 1 26 29 49 6 (D 1,1,1) (S 38,8,7) (S 43,7,8) (S 89,8,8) (S 109,2,2) (D 1,1,1)
0 1 27 38 77 9 (D 1,1,1) (S 19,11,12) (S 62,12,20) (S 64,13,12) (S 69,12,13) (S 78,13,6) (S 80,2,1) (S 90,18,18) (D 1,1,1)
