673
10
7516800
1748278484
0 1 1 11 26 4 (D 1,1,1) (S 11,2,5) (S 29,2,2) (D 1,1,1)
0 1 2 54 85 11 (D 1,1,1) (S 4,3,4) (S 5,4,5) (S 6,11,12) (S 23,12,16) (S 26,17,16) (S 27,16,17) (S 30,13,13) (S 33,16,16) (S 42,15,15) (D 1,1,1)
0 1 3 22 57 5 (D 1,1,1) (S 8,14,13) (S 24,13,7) (S 41,11,11) (D 1,1,1)
0 1 4 52 86 9 (D 1,1,1) (S 12,19,20) (S 14,21,23) (S 16,23,24) (S 19,22,23) (S 21,23,22) (S 25,23,21) (S 32,21,21) (D 1,1,1)
0 1 5 25 57 6 (D 1,1,1) (S 1,19,22) (S 15,9,3) (S 18,2,4) (S 35,5,5) (D 1,1,1)
0 1 6 21 50 6 (D 1,1,1) (S 0,20,21) (S 10,1,5) (S 13,3,10) (S 37,10,10) (D 1,1,1)
0 1 7 25 57 5 (D 1,1,1) (S 17,9,1) (S 20,5,1) (S 39,19,19) (D 1,1,1)
0 1 8 56 98 7 (D 1,1,1) (S 2,7,8) (S 7,14,8) (S 34,8,8) (S 38,17,17) (S 40,20,20) (D 1,1,1)
0 1 9 60 99 6 (D 1,1,1) (S 3,5,11) (S 9,18,14) (S 31,12,12) (S 36,6,6) (D 1,1,1)
0 1 10 32 58 4 (D 1,1,1) (S 22,19,1) (S 28,6,5) (D 1,1,1)
