1293
21
95452500
1748278485
0 1 1 27 54 5 (D 1,1,1) (S 12,38,39) (S 66,39,40) (S 87,40,40) (D 1,1,1)
0 1 2 16 42 5 (D 1,1,1) (S 0,26,27) (S 71,27,27) (S 92,28,28) (D 1,1,1)
0 1 3 20 36 7 (D 1,1,1) (S 21,6,11) (S 43,11,18) (S 60,18,17) (S 63,17,18) (S 94,18,18) (D 1,1,1)
0 1 4 34 80 6 (D 1,1,1) (S 5,48,49) (S 32,45,49) (S 86,49,49) (S 100,38,38) (D 1,1,1)
0 1 5 50 99 10 (D 1,1,1) (S 9,19,32) (S 15,32,40) (S 20,46,50) (S 44,50,45) (S 69,45,50) (S 79,50,50) (S 88,45,45) (S 95,43,43) (D 1,1,1)
0 1 6 24 54 7 (D 1,1,1) (S 10,3,6) (S 16,3,4) (S 46,7,4) (S 90,4,4) (S 103,11,11) (D 1,1,1)
0 1 7 15 38 6 (D 1,1,1) (S 39,13,22) (S 61,22,21) (S 62,23,24) (S 97,24,24) (D 1,1,1)
0 1 8 14 33 6 (D 1,1,1) (S 13,2,5) (S 59,2,3) (S 72,3,3) (S 104,6,6) (D 1,1,1)
0 1 9 58 114 10 (D 1,1,1) (S 7,25,33) (S 22,34,42) (S 24,43,48) (S 26,45,48) (S 29,41,33) (S 45,33,41) (S 80,41,41) (S 98,42,42) (D 1,1,1)
0 1 10 26 40 6 (D 1,1,1) (S 19,14,23) (S 35,23,28) (S 67,28,22) (S 93,22,22) (D 1,1,1)
0 1 11 32 63 10 (D 1,1,1) (S 14,15,24) (S 27,24,30) (S 51,30,17) (S 58,39,30) (S 64,35,34) (S 70,34,33) (S 85,33,33) (S 101,21,21) (D 1,1,1)
0 1 12 29 61 7 (D 1,1,1) (S 30,13,9) (S 34,21,13) (S 52,13,21) (S 54,21,26) (S 82,26,26) (D 1,1,1)
0 1 13 33 58 6 (D 1,1,1) (S 3,5,10) (S 38,17,31) (S 96,31,31) (S 102,39,39) (D 1,1,1)
0 1 14 45 93 8 (D 1,1,1) (S 6,17,24) (S 11,23,29) (S 28,29,37) (S 41,43,35) (S 50,36,38) (S 99,37,37) (D 1,1,1)
0 1 15 41 77 9 (D 1,1,1) (S 1,15,16) (S 17,16,17) (S 25,31,39) (S 31,30,29) (S 53,30,38) (S 55,38,36) (S 57,36,44) (D 1,1,1)
0 1 16 26 45 5 (D 1,1,1) (S 40,13,8) (S 75,8,8) (S 78,9,9) (D 1,1,1)
0 1 17 33 83 6 (D 1,1,1) (S 2,45,46) (S 48,38,37) (S 83,35,35) (S 91,29,29) (D 1,1,1)
0 1 18 42 53 7 (D 1,1,1) (S 18,1,10) (S 23,10,17) (S 49,31,17) (S 73,17,17) (S 89,16,16) (D 1,1,1)
0 1 19 28 44 6 (D 1,1,1) (S 4,14,15) (S 42,23,22) (S 76,14,14) (S 84,15,15) (D 1,1,1)
0 1 20 29 75 10 (D 1,1,1) (S 33,25,20) (S 36,20,25) (S 37,20,21) (S 47,21,20) (S 56,9,8) (S 65,1,16) (S 68,6,5) (S 81,10,10) (D 1,1,1)
0 1 21 32 51 5 (D 1,1,1) (S 8,7,12) (S 74,12,12) (S 77,5,5) (D 1,1,1)
