841
13
13474800
1748278487
0 1 1 22 34 3 (D 1,1,1) (S 35,6,6) (D 1,1,1)
0 1 2 19 44 5 (D 1,1,1) (S 9,23,24) (S 12,27,26) (S 49,26,26) (D 1,1,1)
0 1 3 15 41 4 (D 1,1,1) (S 26,17,16) (S 45,17,17) (D 1,1,1)
0 1 4 49 95 7 (D 1,1,1) (S 1,13,19) (S 3,18,21) (S 14,22,20) (S 29,20,22) (S 46,19,19) (D 1,1,1)
0 1 5 20 57 6 (D 1,1,1) (S 0,5,31) (S 2,3,9) (S 42,9,9) (S 47,4,4) (D 1,1,1)
0 1 6 14 42 5 (D 1,1,1) (S 15,31,1) (S 23,4,3) (S 41,3,3) (D 1,1,1)
0 1 7 38 66 7 (D 1,1,1) (S 8,25,28) (S 20,28,29) (S 27,29,27) (S 34,24,24) (S 39,23,23) (D 1,1,1)
0 1 8 18 33 5 (D 1,1,1) (S 16,5,6) (S 28,31,28) (S 36,29,29) (D 1,1,1)
0 1 9 49 69 6 (D 1,1,1) (S 4,8,9) (S 10,9,13) (S 30,12,8) (S 37,8,8) (D 1,1,1)
0 1 10 31 62 6 (D 1,1,1) (S 5,1,30) (S 11,16,17) (S 22,11,12) (S 50,12,12) (D 1,1,1)
0 1 11 87 156 12 (D 1,1,1) (S 6,21,22) (S 7,19,20) (S 13,18,12) (S 19,18,19) (S 25,13,12) (S 31,11,6) (S 33,6,11) (S 40,31,31) (S 44,5,5) (S 48,7,7) (D 1,1,1)
0 1 12 42 69 6 (D 1,1,1) (S 21,15,16) (S 32,16,15) (S 51,14,14) (S 52,10,10) (D 1,1,1)
0 1 13 47 73 7 (D 1,1,1) (S 17,27,29) (S 18,28,26) (S 24,29,30) (S 38,30,30) (S 43,2,2) (D 1,1,1)
