15762
11
10712887800
10712887800
0 1 1 2407 758 14 (D 0,1,1) (S 1,2,1) (S 2,5,4) (S 3,5,6) (S 4,6,16) (S 5,24,33) (S 6,22,23) (S 7,22,31) (S 8,31,30) (S 9,41,40) (S 10,41,40) (S 11,22,31) (S 12,15,14) (S 13,5,4) (S 14,2,1) (D 0,1,1)
0 1 2 4651 1111 21 (D 0,1,1) (S 15,2,1) (S 16,2,12) (S 17,5,4) (S 18,5,6) (S 19,8,10) (S 20,19,18) (S 21,26,18) (S 22,36,43) (S 23,36,43) (S 24,15,16) (S 25,24,33) (S 26,24,33) (S 27,22,23) (S 28,22,31) (S 29,31,30) (S 30,31,30) (S 31,22,31) (S 32,20,28) (S 33,20,28) (S 34,11,20) (S 35,1,11) (D 0,1,1)
0 1 3 3945 694 14 (D 0,1,1) (S 36,1,11) (S 37,11,12) (S 38,15,14) (S 39,24,33) (S 40,33,34) (S 41,42,43) (S 42,36,43) (S 43,25,34) (S 44,25,34) (S 45,33,34) (S 46,24,33) (S 47,15,14) (S 48,11,12) (S 49,1,11) (D 0,1,1)
0 1 4 2350 585 10 (D 0,1,1) (S 50,1,11) (S 51,11,12) (S 52,15,14) (S 53,24,33) (S 54,33,32) (S 55,41,40) (S 56,41,40) (S 57,20,28) (S 58,11,20) (S 59,1,11) (D 0,1,1)
0 1 5 1484 192 4 (D 0,1,1) (S 60,1,11) (S 61,11,12) (S 62,11,20) (S 63,1,11) (D 0,1,1)
0 1 6 1361 301 8 (D 0,1,1) (S 64,1,11) (S 65,11,20) (S 66,20,28) (S 67,37,28) (S 68,37,28) (S 69,20,28) (S 70,2,12) (S 71,2,1) (D 0,1,1)
0 1 7 1837 450 7 (D 0,1,1) (S 72,2,1) (S 73,5,4) (S 74,5,6) (S 75,5,6) (S 76,5,4) (S 77,11,12) (S 78,1,11) (D 0,1,1)
0 1 8 2436 432 8 (D 0,1,1) (S 79,1,11) (S 80,11,12) (S 81,29,30) (S 82,31,30) (S 83,31,30) (S 84,20,28) (S 85,11,20) (S 86,1,11) (D 0,1,1)
0 1 9 1435 413 6 (D 0,1,1) (S 87,1,11) (S 88,11,12) (S 89,22,23) (S 90,15,16) (S 91,5,4) (S 92,2,1) (D 0,1,1)
0 1 10 1367 562 8 (D 0,1,1) (S 93,2,1) (S 94,5,4) (S 95,5,6) (S 96,8,10) (S 97,6,16) (S 98,5,6) (S 99,5,4) (S 100,2,1) (D 0,1,1)
0 1 11 1766 601 10 (D 0,1,1) (S 101,2,1) (S 102,5,4) (S 103,5,6) (S 104,6,16) (S 105,25,34) (S 106,26,18) (S 107,6,16) (S 108,5,6) (S 109,5,4) (S 110,2,1) (D 0,1,1)
