Custo total da solução: 932
Total de rotas: 20
⏱️ Tempo total: 2949417800 ns
clocks totais do algoritimo referência: 8848253400 clocks
Route 1: 1 6 12 11 19 18 19 26 29 26 30 26 19 11 12 6 1
Route 2: 1 6 13 21 27 31 32 38 43 45 50 45 43 37 31 23 15 14 13 6 1
Route 3: 1 6 12 11 19 26 30 34 40 41 35 36 42 36 37 43 38 43 37 32 24 25 28 32 31 23 15 14 13 6 1
Route 4: 1 6 12 11 19 26 30 34 40 47 48 41 42 44 42 36 37 43 38 43 45 50 45 43 37 31 23 15 14 13 6 1
Route 5: 1 5 11 12 13 7 2 7 6 1
Route 6: 1 6 13 14 8 7 2 3 2 7 8 14 13 21 27 21 13 6 1
Route 7: 1 6 12 11 19 26 30 26 19 20 21 13 14 15 23 22 23 15 14 13 6 1
Route 8: 1 6 12 11 19 26 30 34 40 33 39 33 40 47 46 47 48 41 35 36 35 34 30 26 19 11 12 6 1
Route 9: 1 6 13 14 15 16 17 10 4 3 9 8 7 6 1
Route 10: 1 6 7 2 7 8 9 3 9 15 16 17 25 24 25 28 32 31 23 15 14 13 6 1
Route 11: 1 6 7 8 14 13 12 11 19 26 30 26 19 20 12 6 1
Route 12: 1 6 1 6 1
Route 13: 1 6 12 13 14 15 23 22 23 15 14 13 12 20 19 18 19 11 5 1
Route 14: 1 6 13 14 15 9 15 23 22 23 31 23 15 16 24 16 15 14 13 6 1
Route 15: 1 6 12 11 19 26 30 34 40 33 46 47 48 41 49 41 40 34 30 26 19 11 12 6 1
Route 16: 1 6 7 8 7 2 3 9 15 23 22 23 15 16 24 25 24 16 15 14 13 6 1
Route 17: 1 6 12 11 19 26 30 27 21 27 30 34 35 34 40 34 30 26 19 11 12 6 1
Route 18: 1 6 13 14 15 23 31 32 28 25 17 25 28 32 38 43 45 43 37 36 35 34 30 26 19 11 12 6 1
Route 19: 1 6 13 14 15 23 31 37 36 42 41 49 44 50 45 43 37 31 23 15 14 13 6 1
Route 20: 1 6 12 11 19 18 26 30 27 30 34 35 36 35 34 33 39 29 26 19 11 12 6 1
