1233
20
93615300
1748278485
0 1 1 38 76 7 (D 1,1,1) (S 0,45,48) (S 9,48,49) (S 25,50,49) (S 94,49,49) (S 103,50,50) (D 1,1,1)
0 1 2 25 65 8 (D 1,1,1) (S 3,37,38) (S 8,44,45) (S 35,49,50) (S 44,46,45) (S 50,45,46) (S 80,45,45) (D 1,1,1)
0 1 3 12 37 5 (D 1,1,1) (S 21,4,7) (S 84,4,4) (S 99,3,3) (D 1,1,1)
0 1 4 25 58 6 (D 1,1,1) (S 41,43,35) (S 53,36,35) (S 62,35,36) (S 89,38,38) (D 1,1,1)
0 1 5 18 42 5 (D 1,1,1) (S 37,36,28) (S 70,28,36) (S 98,36,36) (D 1,1,1)
0 1 6 26 57 5 (D 1,1,1) (S 11,33,34) (S 46,34,42) (S 86,43,43) (D 1,1,1)
0 1 7 31 71 9 (D 1,1,1) (S 14,9,14) (S 29,34,26) (S 33,25,20) (S 36,20,25) (S 78,41,41) (S 93,20,20) (S 102,27,27) (D 1,1,1)
0 1 8 33 56 7 (D 1,1,1) (S 19,16,17) (S 24,31,39) (S 27,30,24) (S 32,24,29) (S 101,29,29) (D 1,1,1)
0 1 9 29 59 8 (D 1,1,1) (S 31,13,9) (S 56,13,21) (S 61,21,26) (S 65,23,15) (S 67,23,14) (S 95,9,9) (D 1,1,1)
0 1 10 37 68 8 (D 1,1,1) (S 2,6,7) (S 45,6,11) (S 63,18,17) (S 69,31,32) (S 81,32,32) (S 87,19,19) (D 1,1,1)
0 1 11 63 102 11 (D 1,1,1) (S 5,39,47) (S 6,38,46) (S 13,37,44) (S 38,44,43) (S 51,43,42) (S 57,42,43) (S 58,42,34) (S 68,23,24) (S 91,23,23) (D 1,1,1)
0 1 12 21 36 6 (D 1,1,1) (S 28,24,23) (S 52,23,29) (S 54,30,17) (S 90,10,10) (D 1,1,1)
0 1 13 41 67 10 (D 1,1,1) (S 7,5,10) (S 23,11,12) (S 40,19,12) (S 47,12,19) (S 66,18,19) (S 85,12,12) (S 96,7,7) (S 97,11,11) (D 1,1,1)
0 1 14 29 55 5 (D 1,1,1) (S 39,28,29) (S 60,8,13) (S 92,13,13) (D 1,1,1)
0 1 15 39 69 7 (D 1,1,1) (S 12,25,33) (S 17,33,41) (S 22,25,26) (S 74,26,26) (S 76,14,14) (D 1,1,1)
0 1 16 28 59 7 (D 1,1,1) (S 16,8,9) (S 34,21,13) (S 43,21,22) (S 77,22,22) (S 100,16,16) (D 1,1,1)
0 1 17 34 43 7 (D 1,1,1) (S 20,1,10) (S 26,2,5) (S 71,5,2) (S 79,2,2) (S 82,5,5) (D 1,1,1)
0 1 18 26 62 7 (D 1,1,1) (S 1,34,35) (S 42,36,38) (S 48,30,39) (S 49,3,6) (S 73,5,1) (D 1,1,1)
0 1 19 33 53 7 (D 1,1,1) (S 4,22,28) (S 55,28,27) (S 59,15,23) (S 64,15,24) (S 83,15,15) (D 1,1,1)
0 1 20 66 98 9 (D 1,1,1) (S 10,29,30) (S 15,30,38) (S 18,32,40) (S 30,40,39) (S 72,39,40) (S 75,40,40) (S 88,17,17) (D 1,1,1)
