1375
26
138736200
1748278480
0 1 1 12 28 3 (D 1,1,1) (S 61,9,13) (D 1,1,1)
0 1 2 23 69 6 (D 1,1,1) (S 41,49,45) (S 54,46,45) (S 106,50,50) (S 118,45,45) (D 1,1,1)
0 1 3 24 56 7 (D 1,1,1) (S 9,43,44) (S 40,44,37) (S 69,38,30) (S 86,30,38) (S 99,37,37) (D 1,1,1)
0 1 4 22 60 6 (D 1,1,1) (S 0,29,37) (S 3,44,45) (S 43,49,48) (S 100,48,48) (D 1,1,1)
0 1 5 16 39 7 (D 1,1,1) (S 31,22,23) (S 34,27,35) (S 46,34,35) (S 97,35,34) (S 103,35,35) (D 1,1,1)
0 1 6 16 48 7 (D 1,1,1) (S 12,21,26) (S 20,25,26) (S 39,21,13) (S 74,13,21) (S 77,8,13) (D 1,1,1)
0 1 7 38 70 6 (D 1,1,1) (S 21,35,43) (S 23,43,48) (S 38,48,45) (S 89,45,48) (D 1,1,1)
0 1 8 26 61 6 (D 1,1,1) (S 10,18,19) (S 45,40,47) (S 114,47,47) (S 120,39,39) (D 1,1,1)
0 1 9 13 30 5 (D 1,1,1) (S 49,12,11) (S 67,11,12) (S 96,12,19) (D 1,1,1)
0 1 10 8 16 5 (D 1,1,1) (S 59,14,9) (S 91,9,14) (S 112,14,14) (D 1,1,1)
0 1 11 29 69 8 (D 1,1,1) (S 4,28,29) (S 11,24,29) (S 30,43,42) (S 78,41,42) (S 110,42,42) (S 117,26,26) (D 1,1,1)
0 1 12 23 38 6 (D 1,1,1) (S 13,2,5) (S 55,5,6) (S 70,6,7) (S 121,7,7) (D 1,1,1)
0 1 13 25 45 6 (D 1,1,1) (S 15,8,9) (S 22,21,22) (S 57,22,13) (S 95,13,8) (D 1,1,1)
0 1 14 27 55 8 (D 1,1,1) (S 17,6,11) (S 24,10,5) (S 28,4,3) (S 64,3,2) (S 88,2,3) (S 109,3,3) (D 1,1,1)
0 1 15 21 37 5 (D 1,1,1) (S 26,14,22) (S 47,13,22) (S 113,22,22) (D 1,1,1)
0 1 16 37 65 11 (D 1,1,1) (S 19,10,17) (S 36,17,24) (S 48,33,34) (S 62,27,26) (S 68,26,27) (S 71,27,28) (S 73,28,27) (S 87,35,27) (S 107,23,23) (D 1,1,1)
0 1 17 14 21 5 (D 1,1,1) (S 60,10,1) (S 93,1,9) (S 101,9,9) (D 1,1,1)
0 1 18 19 45 6 (D 1,1,1) (S 52,4,7) (S 66,7,4) (S 104,6,6) (S 111,11,11) (D 1,1,1)
0 1 19 38 79 8 (D 1,1,1) (S 8,19,32) (S 51,47,39) (S 53,29,30) (S 58,46,38) (S 72,36,38) (S 83,38,46) (D 1,1,1)
0 1 20 27 46 6 (D 1,1,1) (S 35,16,1) (S 50,1,15) (S 76,15,16) (S 94,1,5) (D 1,1,1)
0 1 21 32 56 6 (D 1,1,1) (S 16,16,17) (S 27,17,31) (S 82,39,30) (S 116,38,38) (D 1,1,1)
0 1 22 34 48 8 (D 1,1,1) (S 5,23,24) (S 25,24,30) (S 33,30,29) (S 90,29,23) (S 98,24,17) (S 102,17,17) (D 1,1,1)
0 1 23 33 73 12 (D 1,1,1) (S 6,25,33) (S 37,25,20) (S 42,20,25) (S 44,20,21) (S 65,21,20) (S 75,16,15) (S 79,15,23) (S 84,15,24) (S 85,14,15) (S 119,15,15) (D 1,1,1)
0 1 24 28 62 7 (D 1,1,1) (S 7,39,40) (S 32,32,40) (S 56,40,32) (S 108,32,32) (S 115,10,10) (D 1,1,1)
0 1 25 27 61 6 (D 1,1,1) (S 18,34,42) (S 29,41,33) (S 63,33,41) (S 92,1,16) (D 1,1,1)
0 1 26 42 98 8 (D 1,1,1) (S 1,23,28) (S 2,28,36) (S 14,36,44) (S 80,50,49) (S 81,18,17) (S 105,31,31) (D 1,1,1)
