587
13
6131100
1748278479
0 1 1 15 29 3 (D 1,1,1) (S 22,3,3) (D 1,1,1)
0 1 2 14 30 3 (D 1,1,1) (S 30,15,15) (D 1,1,1)
0 1 3 22 50 3 (D 1,1,1) (S 36,4,4) (D 1,1,1)
0 1 4 16 58 6 (D 1,1,1) (S 0,6,7) (S 1,5,9) (S 6,10,11) (S 27,7,7) (D 1,1,1)
0 1 5 13 34 6 (D 1,1,1) (S 7,12,13) (S 8,14,20) (S 13,21,22) (S 32,22,22) (D 1,1,1)
0 1 6 22 45 5 (D 1,1,1) (S 12,3,8) (S 14,8,9) (S 35,5,5) (D 1,1,1)
0 1 7 21 45 4 (D 1,1,1) (S 17,6,10) (S 26,6,6) (D 1,1,1)
0 1 8 25 48 6 (D 1,1,1) (S 5,24,27) (S 11,22,23) (S 16,23,26) (S 25,26,26) (D 1,1,1)
0 1 9 16 40 6 (D 1,1,1) (S 2,1,19) (S 3,1,27) (S 4,21,25) (S 34,25,25) (D 1,1,1)
0 1 10 22 46 4 (D 1,1,1) (S 23,13,13) (S 28,14,14) (D 1,1,1)
0 1 11 17 52 5 (D 1,1,1) (S 18,2,1) (S 21,20,21) (S 29,18,18) (D 1,1,1)
0 1 12 23 64 7 (D 1,1,1) (S 9,18,21) (S 15,14,16) (S 20,16,17) (S 24,24,24) (S 31,2,2) (D 1,1,1)
0 1 13 23 46 5 (D 1,1,1) (S 10,1,17) (S 19,21,23) (S 33,23,23) (D 1,1,1)
