1701
28
181336200
1748278479
0 1 1 18 66 6 (D 1,1,1) (S 3,40,41) (S 20,41,49) (S 38,49,50) (S 109,50,50) (D 1,1,1)
0 1 2 17 62 5 (D 1,1,1) (S 48,38,43) (S 62,45,38) (S 124,38,38) (D 1,1,1)
0 1 3 11 52 5 (D 1,1,1) (S 0,41,48) (S 84,48,49) (S 111,35,35) (D 1,1,1)
0 1 4 14 49 5 (D 1,1,1) (S 6,28,32) (S 85,32,37) (S 105,37,37) (D 1,1,1)
0 1 5 26 63 8 (D 1,1,1) (S 4,31,37) (S 21,43,45) (S 42,45,50) (S 96,50,44) (S 110,44,44) (S 121,42,42) (D 1,1,1)
0 1 6 19 57 5 (D 1,1,1) (S 17,28,38) (S 44,38,37) (S 78,37,38) (D 1,1,1)
0 1 7 27 68 7 (D 1,1,1) (S 1,3,9) (S 55,16,17) (S 57,17,10) (S 95,4,10) (S 104,10,10) (D 1,1,1)
0 1 8 27 74 7 (D 1,1,1) (S 69,39,29) (S 79,26,34) (S 82,34,26) (S 83,26,19) (S 87,15,16) (D 1,1,1)
0 1 9 37 69 7 (D 1,1,1) (S 13,9,15) (S 46,16,24) (S 91,24,32) (S 100,32,24) (S 120,24,24) (D 1,1,1)
0 1 10 31 78 8 (D 1,1,1) (S 10,27,30) (S 32,30,26) (S 47,27,35) (S 52,42,41) (S 73,48,47) (S 125,46,46) (D 1,1,1)
0 1 11 17 51 5 (D 1,1,1) (S 11,22,31) (S 28,43,37) (S 99,37,36) (D 1,1,1)
0 1 12 38 72 8 (D 1,1,1) (S 2,32,38) (S 34,43,42) (S 67,42,43) (S 86,36,35) (S 102,35,27) (S 123,27,27) (D 1,1,1)
0 1 13 15 47 4 (D 1,1,1) (S 35,19,20) (S 97,13,14) (D 1,1,1)
0 1 14 18 48 5 (D 1,1,1) (S 51,18,19) (S 118,19,19) (S 119,30,30) (D 1,1,1)
0 1 15 24 66 7 (D 1,1,1) (S 15,8,14) (S 23,15,23) (S 43,50,43) (S 77,43,50) (S 88,44,49) (D 1,1,1)
0 1 16 27 73 7 (D 1,1,1) (S 7,20,21) (S 29,21,27) (S 31,27,21) (S 36,10,17) (S 128,17,17) (D 1,1,1)
0 1 17 24 54 6 (D 1,1,1) (S 14,23,31) (S 45,32,31) (S 108,31,31) (S 112,9,9) (D 1,1,1)
0 1 18 45 107 11 (D 1,1,1) (S 12,33,39) (S 19,40,47) (S 24,40,33) (S 25,33,40) (S 66,34,35) (S 72,50,49) (S 80,29,18) (S 89,18,29) (S 116,20,20) (D 1,1,1)
0 1 19 31 96 8 (D 1,1,1) (S 37,18,5) (S 49,11,12) (S 56,13,21) (S 58,24,16) (S 70,17,16) (S 114,25,25) (D 1,1,1)
0 1 20 38 99 8 (D 1,1,1) (S 5,33,34) (S 18,33,46) (S 33,49,48) (S 68,41,35) (S 94,36,42) (S 107,22,22) (D 1,1,1)
0 1 21 16 21 7 (D 1,1,1) (S 27,6,12) (S 54,12,20) (S 74,20,12) (S 75,13,12) (S 93,12,6) (D 1,1,1)
0 1 22 31 56 7 (D 1,1,1) (S 39,31,27) (S 40,26,18) (S 98,18,26) (S 103,26,26) (S 115,12,12) (D 1,1,1)
0 1 23 20 58 6 (D 1,1,1) (S 53,33,29) (S 59,29,33) (S 122,40,40) (S 127,6,6) (D 1,1,1)
0 1 24 17 26 6 (D 1,1,1) (S 8,6,7) (S 26,7,2) (S 71,2,7) (S 106,7,7) (D 1,1,1)
0 1 25 27 51 5 (D 1,1,1) (S 64,19,11) (S 92,11,5) (S 113,5,5) (D 1,1,1)
0 1 26 34 51 11 (D 1,1,1) (S 22,6,13) (S 30,21,13) (S 41,14,22) (S 60,22,23) (S 63,23,22) (S 65,22,14) (S 90,14,15) (S 101,15,14) (S 117,8,8) (D 1,1,1)
0 1 27 23 43 6 (D 1,1,1) (S 50,1,5) (S 61,5,1) (S 76,16,9) (S 81,7,13) (D 1,1,1)
0 1 28 32 44 5 (D 1,1,1) (S 9,1,2) (S 16,2,3) (S 126,3,3) (D 1,1,1)
