1564
19
59282700
1748278483
0 1 1 3 5 3 (D 1,1,1) (S 40,6,1) (D 1,1,1)
0 1 2 15 82 6 (D 1,1,1) (S 0,28,33) (S 32,34,33) (S 73,33,33) (S 76,32,32) (D 1,1,1)
0 1 3 25 88 5 (D 1,1,1) (S 15,22,15) (S 35,22,28) (S 64,28,28) (D 1,1,1)
0 1 4 39 103 5 (D 1,1,1) (S 4,24,34) (S 17,33,32) (S 72,27,27) (D 1,1,1)
0 1 5 35 89 6 (D 1,1,1) (S 6,3,10) (S 13,4,11) (S 25,11,4) (S 47,4,5) (D 1,1,1)
0 1 6 16 68 7 (D 1,1,1) (S 1,22,23) (S 49,23,28) (S 53,28,23) (S 57,22,21) (S 78,20,20) (D 1,1,1)
0 1 7 25 71 6 (D 1,1,1) (S 14,8,2) (S 21,3,9) (S 46,9,3) (S 70,9,9) (D 1,1,1)
0 1 8 28 72 6 (D 1,1,1) (S 5,20,26) (S 50,26,25) (S 52,25,30) (S 61,25,26) (D 1,1,1)
0 1 9 48 99 9 (D 1,1,1) (S 11,13,19) (S 28,19,25) (S 36,25,29) (S 43,31,30) (S 51,30,31) (S 65,30,30) (S 74,29,29) (D 1,1,1)
0 1 10 46 125 10 (D 1,1,1) (S 2,4,10) (S 24,3,4) (S 30,10,16) (S 37,17,24) (S 44,17,11) (S 56,5,11) (S 69,4,4) (S 81,16,16) (D 1,1,1)
0 1 11 42 93 5 (D 1,1,1) (S 3,8,9) (S 7,10,11) (S 63,11,11) (D 1,1,1)
0 1 12 29 82 7 (D 1,1,1) (S 9,12,19) (S 23,19,20) (S 26,24,23) (S 60,23,24) (S 80,24,24) (D 1,1,1)
0 1 13 22 71 7 (D 1,1,1) (S 18,13,7) (S 20,16,15) (S 39,20,21) (S 54,15,14) (S 77,13,13) (D 1,1,1)
0 1 14 32 65 5 (D 1,1,1) (S 12,19,13) (S 62,13,2) (S 66,2,2) (D 1,1,1)
0 1 15 34 72 6 (D 1,1,1) (S 10,8,14) (S 29,14,15) (S 42,14,20) (S 68,15,15) (D 1,1,1)
0 1 16 52 104 8 (D 1,1,1) (S 27,6,12) (S 33,16,23) (S 41,20,19) (S 48,13,12) (S 58,18,19) (S 71,12,12) (D 1,1,1)
0 1 17 49 107 6 (D 1,1,1) (S 8,6,18) (S 16,31,32) (S 45,27,32) (S 75,21,21) (D 1,1,1)
0 1 18 46 111 7 (D 1,1,1) (S 19,31,26) (S 31,26,27) (S 34,3,2) (S 59,2,13) (S 67,7,7) (D 1,1,1)
0 1 19 28 57 6 (D 1,1,1) (S 22,19,18) (S 38,18,29) (S 55,12,6) (S 79,6,6) (D 1,1,1)
