1286
18
52544700
1748278481
0 1 1 15 68 4 (D 1,1,1) (S 5,28,29) (S 84,29,29) (D 1,1,1)
0 1 2 33 86 8 (D 1,1,1) (S 4,22,29) (S 8,25,29) (S 31,29,30) (S 34,25,30) (S 71,26,26) (S 83,30,30) (D 1,1,1)
0 1 3 10 37 4 (D 1,1,1) (S 43,19,15) (S 72,15,15) (D 1,1,1)
0 1 4 24 68 5 (D 1,1,1) (S 35,22,23) (S 47,22,17) (S 68,17,17) (D 1,1,1)
0 1 5 37 67 8 (D 1,1,1) (S 0,17,18) (S 22,18,26) (S 42,26,18) (S 61,18,19) (S 65,19,10) (S 70,10,10) (D 1,1,1)
0 1 6 23 60 6 (D 1,1,1) (S 17,11,12) (S 59,12,16) (S 60,12,13) (S 77,13,13) (D 1,1,1)
0 1 7 18 46 5 (D 1,1,1) (S 30,14,13) (S 38,13,14) (S 85,14,14) (D 1,1,1)
0 1 8 45 98 11 (D 1,1,1) (S 10,13,16) (S 14,20,24) (S 27,24,28) (S 44,28,24) (S 58,24,27) (S 63,27,24) (S 64,21,20) (S 75,12,12) (S 80,7,7) (D 1,1,1)
0 1 9 33 68 7 (D 1,1,1) (S 9,7,8) (S 18,7,6) (S 55,6,4) (S 57,4,6) (S 87,6,6) (D 1,1,1)
0 1 10 32 75 7 (D 1,1,1) (S 23,4,7) (S 37,4,5) (S 54,11,20) (S 62,20,11) (S 74,11,11) (D 1,1,1)
0 1 11 27 72 6 (D 1,1,1) (S 1,8,14) (S 11,14,17) (S 36,24,20) (S 86,20,20) (D 1,1,1)
0 1 12 42 96 8 (D 1,1,1) (S 13,8,13) (S 32,27,28) (S 45,28,21) (S 51,21,28) (S 69,28,28) (S 79,22,22) (D 1,1,1)
0 1 13 31 69 6 (D 1,1,1) (S 6,8,15) (S 7,23,30) (S 28,26,23) (S 66,23,26) (D 1,1,1)
0 1 14 29 77 8 (D 1,1,1) (S 21,2,3) (S 25,3,10) (S 40,18,15) (S 49,15,18) (S 50,21,16) (S 73,16,16) (D 1,1,1)
0 1 15 45 68 10 (D 1,1,1) (S 12,1,2) (S 15,2,9) (S 16,9,15) (S 24,15,19) (S 29,19,18) (S 39,17,16) (S 41,16,17) (S 81,18,18) (D 1,1,1)
0 1 16 53 100 9 (D 1,1,1) (S 2,5,8) (S 3,16,20) (S 33,20,27) (S 52,27,20) (S 53,24,21) (S 78,21,21) (S 82,8,8) (D 1,1,1)
0 1 17 26 55 6 (D 1,1,1) (S 26,3,2) (S 46,1,8) (S 56,8,1) (S 76,5,5) (D 1,1,1)
0 1 18 43 76 6 (D 1,1,1) (S 19,10,9) (S 20,15,10) (S 48,10,3) (S 67,9,9) (D 1,1,1)
