209
7
4211400
1748278477
0 1 1 17 21 7 (D 1,1,1) (S 1,1,2) (S 8,2,9) (S 10,3,8) (S 19,8,9) (S 28,9,9) (D 1,1,1)
0 1 2 14 20 5 (D 1,1,1) (S 12,2,4) (S 18,4,6) (S 30,6,6) (D 1,1,1)
0 1 3 25 35 7 (D 1,1,1) (S 7,6,7) (S 9,1,5) (S 11,2,3) (S 24,3,7) (S 26,2,2) (D 1,1,1)
0 1 4 25 31 8 (D 1,1,1) (S 3,1,7) (S 4,7,9) (S 5,6,8) (S 16,2,5) (S 20,5,8) (S 29,4,4) (D 1,1,1)
0 1 5 17 24 5 (D 1,1,1) (S 14,1,8) (S 15,2,6) (S 27,3,3) (D 1,1,1)
0 1 6 29 39 8 (D 1,1,1) (S 0,1,3) (S 2,3,5) (S 6,5,7) (S 22,2,8) (S 23,4,7) (S 31,5,5) (D 1,1,1)
0 1 7 26 39 6 (D 1,1,1) (S 13,3,6) (S 17,7,8) (S 21,4,8) (S 25,3,4) (D 1,1,1)
