1041
17
34145100
1748278487
0 1 1 27 62 8 (D 1,1,1) (S 2,38,39) (S 13,5,39) (S 23,4,38) (S 37,38,31) (S 51,38,38) (S 64,4,4) (D 1,1,1)
0 1 2 24 52 5 (D 1,1,1) (S 6,31,32) (S 27,32,39) (S 66,5,5) (D 1,1,1)
0 1 3 10 35 4 (D 1,1,1) (S 11,9,10) (S 68,16,16) (D 1,1,1)
0 1 4 26 63 7 (D 1,1,1) (S 0,21,22) (S 24,25,22) (S 53,22,22) (S 54,21,21) (S 63,18,18) (D 1,1,1)
0 1 5 34 57 7 (D 1,1,1) (S 7,29,30) (S 32,30,37) (S 34,38,37) (S 36,37,36) (S 59,36,36) (D 1,1,1)
0 1 6 36 60 6 (D 1,1,1) (S 30,35,1) (S 33,8,14) (S 62,14,14) (S 72,15,15) (D 1,1,1)
0 1 7 26 49 4 (D 1,1,1) (S 5,27,28) (S 73,28,28) (D 1,1,1)
0 1 8 17 31 5 (D 1,1,1) (S 28,3,2) (S 31,2,3) (S 56,3,3) (D 1,1,1)
0 1 9 33 49 7 (D 1,1,1) (S 14,1,2) (S 17,6,7) (S 19,13,12) (S 26,12,11) (S 69,11,11) (D 1,1,1)
0 1 10 16 27 6 (D 1,1,1) (S 20,12,6) (S 29,6,12) (S 65,12,12) (S 71,6,6) (D 1,1,1)
0 1 11 36 69 8 (D 1,1,1) (S 3,2,6) (S 12,12,17) (S 16,20,23) (S 18,24,25) (S 21,25,24) (S 61,23,23) (D 1,1,1)
0 1 12 28 39 6 (D 1,1,1) (S 8,34,35) (S 22,35,36) (S 38,36,35) (S 70,35,35) (D 1,1,1)
0 1 13 40 63 7 (D 1,1,1) (S 35,18,19) (S 41,19,13) (S 42,17,13) (S 46,7,7) (S 67,13,13) (D 1,1,1)
0 1 14 24 48 5 (D 1,1,1) (S 10,8,40) (S 44,8,8) (S 58,9,9) (D 1,1,1)
0 1 15 48 102 8 (D 1,1,1) (S 9,3,37) (S 15,31,37) (S 25,30,31) (S 49,31,31) (S 52,34,34) (S 60,27,27) (D 1,1,1)
0 1 16 56 93 7 (D 1,1,1) (S 4,1,40) (S 40,1,8) (S 43,10,10) (S 47,29,29) (S 50,2,2) (D 1,1,1)
0 1 17 78 142 8 (D 1,1,1) (S 1,26,33) (S 39,1,11) (S 45,17,17) (S 48,20,20) (S 55,26,26) (S 57,33,33) (D 1,1,1)
