902
13
13660200
1748278487
0 1 1 27 58 6 (D 1,1,1) (S 6,11,17) (S 11,16,17) (S 39,17,17) (S 46,16,16) (D 1,1,1)
0 1 2 13 32 5 (D 1,1,1) (S 20,27,29) (S 29,29,27) (S 50,27,27) (D 1,1,1)
0 1 3 23 89 6 (D 1,1,1) (S 21,14,10) (S 36,15,15) (S 54,14,14) (S 55,18,18) (D 1,1,1)
0 1 4 22 46 6 (D 1,1,1) (S 8,23,24) (S 13,26,23) (S 32,23,26) (S 52,26,26) (D 1,1,1)
0 1 5 7 32 5 (D 1,1,1) (S 5,28,31) (S 19,26,27) (S 48,24,24) (D 1,1,1)
0 1 6 53 104 7 (D 1,1,1) (S 3,20,22) (S 15,21,18) (S 25,21,19) (S 40,21,21) (S 42,19,19) (D 1,1,1)
0 1 7 31 50 6 (D 1,1,1) (S 2,3,9) (S 16,3,4) (S 33,4,4) (S 53,13,13) (D 1,1,1)
0 1 8 38 73 6 (D 1,1,1) (S 1,6,7) (S 9,10,16) (S 10,11,12) (S 51,12,12) (D 1,1,1)
0 1 9 43 90 7 (D 1,1,1) (S 0,4,13) (S 7,19,20) (S 14,11,10) (S 28,10,11) (S 49,7,7) (D 1,1,1)
0 1 10 35 58 4 (D 1,1,1) (S 30,12,8) (S 44,8,8) (D 1,1,1)
0 1 11 54 114 9 (D 1,1,1) (S 18,11,6) (S 22,31,1) (S 27,1,31) (S 31,29,28) (S 34,29,29) (S 41,23,23) (S 47,30,30) (D 1,1,1)
0 1 12 50 71 7 (D 1,1,1) (S 4,2,3) (S 12,8,9) (S 23,9,8) (S 37,9,9) (S 38,2,2) (D 1,1,1)
0 1 13 55 85 8 (D 1,1,1) (S 17,29,31) (S 24,28,25) (S 26,25,28) (S 35,28,28) (S 43,6,6) (S 45,5,5) (D 1,1,1)
