878
15
25447500
1748278480
0 1 1 49 98 9 (D 1,1,1) (S 2,19,21) (S 7,21,22) (S 22,19,18) (S 41,18,21) (S 53,21,21) (S 57,18,18) (S 63,19,19) (D 1,1,1)
0 1 2 19 44 5 (D 1,1,1) (S 28,17,11) (S 36,11,12) (S 65,12,12) (D 1,1,1)
0 1 3 21 51 6 (D 1,1,1) (S 0,4,13) (S 27,12,13) (S 40,13,12) (S 44,12,18) (D 1,1,1)
0 1 4 20 47 5 (D 1,1,1) (S 13,10,11) (S 31,14,10) (S 39,10,16) (D 1,1,1)
0 1 5 16 36 5 (D 1,1,1) (S 24,10,5) (S 54,10,10) (S 64,5,5) (D 1,1,1)
0 1 6 18 33 6 (D 1,1,1) (S 4,29,31) (S 25,5,31) (S 42,31,5) (S 46,29,28) (D 1,1,1)
0 1 7 31 56 7 (D 1,1,1) (S 1,27,29) (S 11,26,27) (S 15,24,27) (S 43,26,28) (S 50,6,6) (D 1,1,1)
0 1 8 30 65 5 (D 1,1,1) (S 14,23,24) (S 32,28,26) (S 58,23,23) (D 1,1,1)
0 1 9 28 46 4 (D 1,1,1) (S 35,7,8) (S 60,8,8) (D 1,1,1)
0 1 10 34 42 6 (D 1,1,1) (S 10,1,7) (S 20,7,6) (S 47,6,11) (S 52,11,11) (D 1,1,1)
0 1 11 47 82 9 (D 1,1,1) (S 6,13,19) (S 16,9,13) (S 26,3,2) (S 37,2,1) (S 49,1,2) (S 51,3,3) (S 61,2,2) (D 1,1,1)
0 1 12 29 61 7 (D 1,1,1) (S 8,3,4) (S 12,1,31) (S 17,6,5) (S 18,16,17) (S 56,17,17) (D 1,1,1)
0 1 13 29 37 6 (D 1,1,1) (S 3,2,8) (S 9,8,9) (S 30,9,4) (S 62,4,4) (D 1,1,1)
0 1 14 42 115 8 (D 1,1,1) (S 5,20,22) (S 21,18,19) (S 29,19,20) (S 34,15,14) (S 48,14,15) (S 55,15,15) (D 1,1,1)
0 1 15 38 65 8 (D 1,1,1) (S 19,30,1) (S 23,1,30) (S 33,30,29) (S 38,29,30) (S 45,25,28) (S 59,28,28) (D 1,1,1)
