562
13
11866200
1748278478
0 1 1 12 41 5 (D 1,1,1) (S 11,7,5) (S 21,5,6) (S 33,6,6) (D 1,1,1)
0 1 2 16 45 4 (D 1,1,1) (S 0,10,12) (S 28,12,17) (D 1,1,1)
0 1 3 10 31 4 (D 1,1,1) (S 17,7,4) (S 38,4,4) (D 1,1,1)
0 1 4 16 41 5 (D 1,1,1) (S 5,20,21) (S 25,3,21) (S 35,3,3) (D 1,1,1)
0 1 5 20 35 7 (D 1,1,1) (S 7,1,11) (S 13,11,16) (S 15,16,17) (S 18,17,18) (S 39,10,10) (D 1,1,1)
0 1 6 20 54 6 (D 1,1,1) (S 2,2,22) (S 6,2,5) (S 19,7,13) (S 37,13,13) (D 1,1,1)
0 1 7 12 32 4 (D 1,1,1) (S 14,5,14) (S 31,14,14) (D 1,1,1)
0 1 8 9 32 4 (D 1,1,1) (S 10,3,9) (S 26,1,8) (D 1,1,1)
0 1 9 17 48 5 (D 1,1,1) (S 1,21,22) (S 34,2,2) (S 40,5,5) (D 1,1,1)
0 1 10 16 32 6 (D 1,1,1) (S 4,1,4) (S 8,4,11) (S 9,6,15) (S 36,15,15) (D 1,1,1)
0 1 11 13 48 4 (D 1,1,1) (S 23,2,4) (S 29,7,7) (D 1,1,1)
0 1 12 35 46 7 (D 1,1,1) (S 3,9,10) (S 12,10,18) (S 20,18,19) (S 22,19,20) (S 30,8,8) (D 1,1,1)
0 1 13 28 77 6 (D 1,1,1) (S 16,11,12) (S 24,1,9) (S 27,2,1) (S 32,9,9) (D 1,1,1)
