359
10
7595400
1748278479
0 1 1 9 31 4 (D 1,1,1) (S 11,22,23) (S 23,23,24) (D 1,1,1)
0 1 2 17 42 7 (D 1,1,1) (S 1,8,14) (S 6,14,18) (S 14,18,17) (S 20,17,18) (S 40,13,13) (D 1,1,1)
0 1 3 5 27 5 (D 1,1,1) (S 3,9,10) (S 13,12,6) (S 31,6,6) (D 1,1,1)
0 1 4 14 39 6 (D 1,1,1) (S 8,10,11) (S 9,11,15) (S 15,16,12) (S 28,13,14) (D 1,1,1)
0 1 5 11 26 6 (D 1,1,1) (S 10,9,19) (S 19,19,20) (S 34,20,20) (S 37,10,10) (D 1,1,1)
0 1 6 8 18 4 (D 1,1,1) (S 18,4,2) (S 22,4,5) (D 1,1,1)
0 1 7 17 42 8 (D 1,1,1) (S 0,5,10) (S 5,6,7) (S 16,7,8) (S 24,8,7) (S 26,9,3) (S 36,2,2) (D 1,1,1)
0 1 8 17 44 8 (D 1,1,1) (S 2,21,24) (S 17,15,16) (S 25,12,13) (S 27,11,12) (S 35,12,12) (S 39,5,5) (D 1,1,1)
0 1 9 19 44 7 (D 1,1,1) (S 4,1,2) (S 7,13,17) (S 12,15,21) (S 30,16,15) (S 33,16,16) (D 1,1,1)
0 1 10 20 46 6 (D 1,1,1) (S 21,22,19) (S 29,23,20) (S 32,21,21) (S 38,3,3) (D 1,1,1)
