1315
21
118595700
1748278482
0 1 1 24 70 6 (D 1,1,1) (S 7,48,49) (S 76,49,45) (S 81,45,50) (S 108,35,35) (D 1,1,1)
0 1 2 12 29 6 (D 1,1,1) (S 53,22,13) (S 59,21,20) (S 94,20,20) (S 109,21,21) (D 1,1,1)
0 1 3 15 33 5 (D 1,1,1) (S 18,15,24) (S 40,24,29) (S 66,29,28) (D 1,1,1)
0 1 4 70 116 10 (D 1,1,1) (S 4,28,36) (S 9,35,36) (S 11,37,44) (S 14,43,44) (S 24,34,42) (S 49,43,35) (S 78,35,34) (S 95,26,26) (D 1,1,1)
0 1 5 49 120 8 (D 1,1,1) (S 1,39,47) (S 16,40,47) (S 30,45,48) (S 38,45,49) (S 43,49,50) (S 61,38,37) (D 1,1,1)
0 1 6 27 52 7 (D 1,1,1) (S 13,3,6) (S 19,3,4) (S 48,4,7) (S 60,7,4) (S 97,7,7) (D 1,1,1)
0 1 7 39 67 9 (D 1,1,1) (S 10,31,32) (S 20,32,40) (S 37,40,39) (S 79,39,40) (S 86,39,39) (S 91,29,29) (S 103,30,30) (D 1,1,1)
0 1 8 29 65 6 (D 1,1,1) (S 0,14,22) (S 5,41,42) (S 28,42,43) (S 99,43,43) (D 1,1,1)
0 1 9 23 55 8 (D 1,1,1) (S 36,22,23) (S 42,23,28) (S 44,20,21) (S 68,21,26) (S 69,26,25) (S 70,9,8) (D 1,1,1)
0 1 10 25 66 7 (D 1,1,1) (S 8,17,24) (S 39,30,29) (S 65,36,38) (S 83,27,27) (S 90,38,38) (D 1,1,1)
0 1 11 15 28 4 (D 1,1,1) (S 25,10,17) (S 72,17,30) (D 1,1,1)
0 1 12 19 38 5 (D 1,1,1) (S 46,13,8) (S 92,8,8) (S 93,9,9) (D 1,1,1)
0 1 13 41 87 9 (D 1,1,1) (S 3,5,10) (S 17,10,11) (S 26,12,19) (S 29,31,39) (S 54,50,45) (S 101,45,45) (S 107,36,36) (D 1,1,1)
0 1 14 21 41 7 (D 1,1,1) (S 35,16,1) (S 47,1,15) (S 51,29,24) (S 77,17,18) (S 102,18,18) (D 1,1,1)
0 1 15 55 91 11 (D 1,1,1) (S 2,38,46) (S 22,46,50) (S 31,50,49) (S 32,45,44) (S 34,41,33) (S 71,33,34) (S 82,34,33) (S 100,25,25) (S 105,13,13) (D 1,1,1)
0 1 16 22 43 7 (D 1,1,1) (S 52,5,6) (S 56,3,2) (S 73,2,3) (S 87,2,2) (S 96,6,6) (D 1,1,1)
0 1 17 28 42 8 (D 1,1,1) (S 12,1,9) (S 21,14,23) (S 50,23,22) (S 74,22,21) (S 75,23,24) (S 104,24,24) (D 1,1,1)
0 1 18 30 58 6 (D 1,1,1) (S 55,15,1) (S 62,31,17) (S 63,18,19) (S 84,19,19) (D 1,1,1)
0 1 19 28 49 7 (D 1,1,1) (S 45,13,22) (S 64,22,28) (S 67,28,27) (S 80,28,22) (S 106,15,15) (D 1,1,1)
0 1 20 35 56 7 (D 1,1,1) (S 23,6,11) (S 27,11,12) (S 85,11,11) (S 89,17,17) (S 98,16,16) (D 1,1,1)
0 1 21 47 109 9 (D 1,1,1) (S 6,14,15) (S 15,23,29) (S 33,29,37) (S 41,21,13) (S 57,33,41) (S 58,5,1) (S 88,10,10) (D 1,1,1)
