334
13
10076100
1748278481
0 1 1 7 38 4 (D 1,1,1) (S 29,14,13) (S 39,17,17) (D 1,1,1)
0 1 2 21 52 8 (D 1,1,1) (S 10,8,14) (S 11,14,8) (S 13,8,7) (S 22,6,7) (S 32,7,6) (S 40,12,12) (D 1,1,1)
0 1 3 10 26 7 (D 1,1,1) (S 0,6,12) (S 12,11,15) (S 19,15,16) (S 27,16,15) (S 35,15,15) (D 1,1,1)
0 1 4 13 29 5 (D 1,1,1) (S 17,24,23) (S 38,23,23) (S 43,22,22) (D 1,1,1)
0 1 5 16 40 5 (D 1,1,1) (S 7,5,6) (S 33,13,13) (S 37,18,18) (D 1,1,1)
0 1 6 9 16 7 (D 1,1,1) (S 3,3,9) (S 9,19,20) (S 20,20,10) (S 21,10,5) (S 36,5,5) (D 1,1,1)
0 1 7 19 34 7 (D 1,1,1) (S 5,4,5) (S 6,5,11) (S 8,15,21) (S 28,12,11) (S 44,21,21) (D 1,1,1)
0 1 8 5 10 4 (D 1,1,1) (S 14,4,2) (S 41,2,2) (D 1,1,1)
0 1 9 5 15 5 (D 1,1,1) (S 15,19,9) (S 24,9,19) (S 30,10,20) (D 1,1,1)
0 1 10 9 27 5 (D 1,1,1) (S 4,10,11) (S 23,17,16) (S 45,16,16) (D 1,1,1)
0 1 11 3 4 4 (D 1,1,1) (S 16,1,3) (S 34,3,3) (D 1,1,1)
0 1 12 6 12 4 (D 1,1,1) (S 18,4,3) (S 31,2,1) (D 1,1,1)
0 1 13 14 31 7 (D 1,1,1) (S 1,19,22) (S 2,21,24) (S 25,20,21) (S 26,10,9) (S 42,9,9) (D 1,1,1)
