307
6
2466300
1748278477
0 1 1 5 56 7 (D 1,1,1) (S 0,1,9) (S 1,9,11) (S 7,10,11) (S 12,8,11) (S 13,8,10) (D 1,1,1)
0 1 2 5 57 6 (D 1,1,1) (S 6,2,3) (S 15,5,11) (S 19,2,2) (S 21,4,4) (D 1,1,1)
0 1 3 4 50 6 (D 1,1,1) (S 4,7,12) (S 8,7,10) (S 18,3,5) (S 24,5,5) (D 1,1,1)
0 1 4 3 36 5 (D 1,1,1) (S 5,2,9) (S 11,9,10) (S 22,12,12) (D 1,1,1)
0 1 5 4 70 6 (D 1,1,1) (S 3,3,4) (S 9,6,8) (S 10,5,12) (S 14,1,10) (D 1,1,1)
0 1 6 5 38 7 (D 1,1,1) (S 2,6,12) (S 16,1,7) (S 17,4,12) (S 20,6,6) (S 23,7,7) (D 1,1,1)
