1623
25
137837100
1748278483
0 1 1 9 48 5 (D 1,1,1) (S 0,42,44) (S 44,42,36) (S 115,36,36) (D 1,1,1)
0 1 2 29 80 7 (D 1,1,1) (S 31,38,43) (S 45,43,42) (S 64,50,44) (S 83,42,42) (S 102,44,44) (D 1,1,1)
0 1 3 30 74 8 (D 1,1,1) (S 3,25,28) (S 8,28,32) (S 22,32,37) (S 57,37,43) (S 91,43,43) (S 96,50,50) (D 1,1,1)
0 1 4 28 65 8 (D 1,1,1) (S 15,28,38) (S 23,45,38) (S 49,38,45) (S 65,43,50) (S 79,50,43) (S 113,45,45) (D 1,1,1)
0 1 5 24 56 7 (D 1,1,1) (S 5,31,37) (S 20,37,32) (S 29,32,31) (S 71,31,32) (S 103,32,32) (D 1,1,1)
0 1 6 34 72 8 (D 1,1,1) (S 4,40,41) (S 17,41,49) (S 42,49,48) (S 88,41,41) (S 99,40,40) (S 112,34,34) (D 1,1,1)
0 1 7 32 81 8 (D 1,1,1) (S 11,27,30) (S 30,27,35) (S 32,36,35) (S 56,42,41) (S 58,48,47) (S 116,46,46) (D 1,1,1)
0 1 8 31 75 8 (D 1,1,1) (S 27,30,20) (S 47,14,15) (S 52,24,32) (S 67,32,24) (S 74,24,16) (S 104,24,24) (D 1,1,1)
0 1 9 27 70 6 (D 1,1,1) (S 1,41,48) (S 81,48,49) (S 95,49,49) (S 105,33,33) (D 1,1,1)
0 1 10 28 76 8 (D 1,1,1) (S 33,10,9) (S 50,9,10) (S 55,10,17) (S 63,4,10) (S 100,10,10) (S 101,9,9) (D 1,1,1)
0 1 11 19 63 5 (D 1,1,1) (S 14,8,14) (S 26,23,22) (S 73,3,4) (D 1,1,1)
0 1 12 15 50 5 (D 1,1,1) (S 37,39,29) (S 110,29,29) (S 114,20,20) (D 1,1,1)
0 1 13 38 87 7 (D 1,1,1) (S 13,33,39) (S 16,33,46) (S 77,40,34) (S 89,35,35) (S 107,27,27) (D 1,1,1)
0 1 14 22 51 6 (D 1,1,1) (S 48,18,19) (S 72,19,26) (S 75,26,18) (S 90,26,26) (D 1,1,1)
0 1 15 14 45 6 (D 1,1,1) (S 40,18,29) (S 43,30,26) (S 86,30,30) (S 117,12,12) (D 1,1,1)
0 1 16 34 83 6 (D 1,1,1) (S 2,3,9) (S 25,16,24) (S 41,24,25) (S 97,17,17) (D 1,1,1)
0 1 17 20 41 4 (D 1,1,1) (S 59,18,5) (S 87,5,5) (D 1,1,1)
0 1 18 36 77 8 (D 1,1,1) (S 12,22,31) (S 35,43,37) (S 69,37,36) (S 76,35,27) (S 78,14,22) (S 109,23,23) (D 1,1,1)
0 1 19 34 61 8 (D 1,1,1) (S 51,19,20) (S 53,20,30) (S 68,29,18) (S 70,18,26) (S 80,26,19) (S 111,11,11) (D 1,1,1)
0 1 20 25 46 7 (D 1,1,1) (S 7,5,6) (S 24,12,11) (S 46,5,11) (S 62,13,12) (S 108,13,13) (D 1,1,1)
0 1 21 24 51 5 (D 1,1,1) (S 21,9,8) (S 98,8,8) (S 106,15,15) (D 1,1,1)
0 1 22 25 57 8 (D 1,1,1) (S 28,19,11) (S 36,21,27) (S 39,27,21) (S 54,12,20) (S 61,12,6) (S 92,6,6) (D 1,1,1)
0 1 23 30 53 6 (D 1,1,1) (S 6,1,6) (S 10,6,7) (S 34,7,8) (S 93,16,16) (D 1,1,1)
0 1 24 47 87 7 (D 1,1,1) (S 18,6,13) (S 19,38,37) (S 66,37,38) (S 82,31,31) (S 85,22,22) (D 1,1,1)
0 1 25 49 74 7 (D 1,1,1) (S 9,20,21) (S 38,21,13) (S 60,13,21) (S 84,7,7) (S 94,2,2) (D 1,1,1)
