326
10
6863700
1748278484
0 1 1 12 39 5 (D 1,1,1) (S 12,8,7) (S 27,7,6) (S 40,6,6) (D 1,1,1)
0 1 2 12 38 5 (D 1,1,1) (S 0,21,24) (S 2,17,18) (S 33,18,18) (D 1,1,1)
0 1 3 9 21 5 (D 1,1,1) (S 15,23,20) (S 18,20,10) (S 38,10,10) (D 1,1,1)
0 1 4 9 42 6 (D 1,1,1) (S 9,8,14) (S 19,6,7) (S 22,5,10) (S 25,10,20) (D 1,1,1)
0 1 5 15 38 8 (D 1,1,1) (S 3,5,11) (S 7,12,13) (S 11,11,15) (S 17,15,16) (S 32,15,15) (S 37,22,22) (D 1,1,1)
0 1 6 5 10 4 (D 1,1,1) (S 13,4,2) (S 36,2,2) (D 1,1,1)
0 1 7 27 46 8 (D 1,1,1) (S 4,4,5) (S 5,10,11) (S 6,13,17) (S 21,17,16) (S 31,16,16) (S 34,5,5) (D 1,1,1)
0 1 8 9 17 6 (D 1,1,1) (S 14,1,3) (S 16,3,1) (S 26,2,1) (S 28,4,4) (D 1,1,1)
0 1 9 25 55 8 (D 1,1,1) (S 8,15,21) (S 10,21,20) (S 24,20,21) (S 29,24,24) (S 30,14,14) (S 35,12,12) (D 1,1,1)
0 1 10 14 20 6 (D 1,1,1) (S 1,3,9) (S 20,9,10) (S 23,9,19) (S 39,19,19) (D 1,1,1)
