375
8
2440800
1748278478
0 1 1 2 38 4 (D 1,1,1) (S 0,5,12) (S 16,12,13) (D 1,1,1)
0 1 2 2 25 4 (D 1,1,1) (S 2,7,12) (S 13,1,10) (D 1,1,1)
0 1 3 4 62 6 (D 1,1,1) (S 1,8,11) (S 6,9,10) (S 21,8,8) (S 24,10,10) (D 1,1,1)
0 1 4 2 30 4 (D 1,1,1) (S 3,6,12) (S 12,1,4) (D 1,1,1)
0 1 5 4 43 5 (D 1,1,1) (S 4,2,4) (S 18,2,2) (S 22,9,9) (D 1,1,1)
0 1 6 2 32 4 (D 1,1,1) (S 8,7,8) (S 23,7,7) (D 1,1,1)
0 1 7 5 94 7 (D 1,1,1) (S 5,3,4) (S 7,4,13) (S 9,5,13) (S 10,5,6) (S 15,5,11) (D 1,1,1)
0 1 8 5 51 7 (D 1,1,1) (S 11,1,12) (S 14,1,2) (S 17,3,5) (S 19,3,3) (S 20,6,6) (D 1,1,1)
