1476
23
97250100
1748278486
0 1 1 24 66 8 (D 1,1,1) (S 12,27,30) (S 16,40,41) (S 25,49,44) (S 84,42,42) (S 91,36,36) (S 100,35,35) (D 1,1,1)
0 1 2 14 51 4 (D 1,1,1) (S 22,16,9) (S 61,3,4) (D 1,1,1)
0 1 3 20 53 5 (D 1,1,1) (S 4,41,48) (S 78,41,41) (S 103,48,48) (D 1,1,1)
0 1 4 23 57 5 (D 1,1,1) (S 2,27,31) (S 9,28,32) (S 74,32,32) (D 1,1,1)
0 1 5 23 61 7 (D 1,1,1) (S 27,7,2) (S 28,8,9) (S 29,10,4) (S 47,4,10) (S 94,10,10) (D 1,1,1)
0 1 6 25 53 5 (D 1,1,1) (S 0,14,22) (S 15,16,17) (S 107,17,17) (D 1,1,1)
0 1 7 36 77 8 (D 1,1,1) (S 17,15,23) (S 23,16,24) (S 24,24,23) (S 53,23,24) (S 62,38,32) (S 68,25,25) (D 1,1,1)
0 1 8 42 90 10 (D 1,1,1) (S 1,23,31) (S 11,43,50) (S 38,50,45) (S 65,45,50) (S 72,50,50) (S 97,49,49) (S 105,47,47) (S 106,11,11) (D 1,1,1)
0 1 9 57 107 9 (D 1,1,1) (S 7,11,19) (S 13,34,35) (S 19,34,30) (S 30,27,35) (S 63,35,27) (S 64,49,50) (S 81,43,43) (D 1,1,1)
0 1 10 31 67 8 (D 1,1,1) (S 6,36,42) (S 21,42,41) (S 51,41,42) (S 69,44,44) (S 70,37,37) (S 96,15,15) (D 1,1,1)
0 1 11 38 84 7 (D 1,1,1) (S 18,38,37) (S 31,31,32) (S 49,38,28) (S 76,28,28) (S 83,24,24) (D 1,1,1)
0 1 12 16 24 6 (D 1,1,1) (S 26,1,2) (S 33,7,8) (S 92,8,8) (S 98,7,7) (D 1,1,1)
0 1 13 38 82 8 (D 1,1,1) (S 5,22,23) (S 54,31,37) (S 56,15,16) (S 60,16,15) (S 77,3,3) (S 93,9,9) (D 1,1,1)
0 1 14 18 29 6 (D 1,1,1) (S 10,6,12) (S 32,13,14) (S 57,15,14) (S 89,14,14) (D 1,1,1)
0 1 15 33 77 7 (D 1,1,1) (S 3,38,45) (S 41,43,38) (S 95,38,38) (S 99,22,22) (S 102,21,21) (D 1,1,1)
0 1 16 25 54 7 (D 1,1,1) (S 40,18,19) (S 50,30,34) (S 66,26,19) (S 73,19,19) (S 75,20,20) (D 1,1,1)
0 1 17 34 73 7 (D 1,1,1) (S 20,46,47) (S 34,40,47) (S 59,47,40) (S 101,40,40) (S 104,29,29) (D 1,1,1)
0 1 18 35 55 8 (D 1,1,1) (S 35,5,6) (S 37,7,13) (S 44,12,20) (S 45,11,5) (S 67,5,1) (S 86,6,6) (D 1,1,1)
0 1 19 37 76 6 (D 1,1,1) (S 36,18,29) (S 48,40,34) (S 88,34,34) (S 90,33,33) (D 1,1,1)
0 1 20 31 50 5 (D 1,1,1) (S 8,20,21) (S 55,21,27) (S 79,26,26) (D 1,1,1)
0 1 21 38 62 6 (D 1,1,1) (S 14,20,30) (S 42,36,27) (S 82,27,27) (S 85,5,5) (D 1,1,1)
0 1 22 38 81 8 (D 1,1,1) (S 39,31,22) (S 43,8,14) (S 46,13,12) (S 52,12,13) (S 80,13,13) (S 87,18,18) (D 1,1,1)
0 1 23 28 47 4 (D 1,1,1) (S 58,13,6) (S 71,2,2) (D 1,1,1)
