1020
16
35904000
1748278486
0 1 1 44 80 8 (D 1,1,1) (S 5,29,30) (S 17,30,31) (S 21,38,39) (S 44,5,4) (S 53,38,38) (S 67,31,31) (D 1,1,1)
0 1 2 15 29 4 (D 1,1,1) (S 0,29,36) (S 56,36,36) (D 1,1,1)
0 1 3 20 40 6 (D 1,1,1) (S 11,27,34) (S 36,34,35) (S 45,2,1) (S 46,1,40) (D 1,1,1)
0 1 4 31 42 6 (D 1,1,1) (S 13,33,34) (S 15,33,26) (S 40,26,33) (S 58,33,33) (D 1,1,1)
0 1 5 21 40 4 (D 1,1,1) (S 18,15,9) (S 63,10,10) (D 1,1,1)
0 1 6 17 32 6 (D 1,1,1) (S 6,1,6) (S 26,3,37) (S 30,37,3) (S 74,3,3) (D 1,1,1)
0 1 7 32 47 7 (D 1,1,1) (S 2,11,16) (S 31,15,16) (S 48,16,15) (S 60,16,16) (S 69,11,11) (D 1,1,1)
0 1 8 18 28 5 (D 1,1,1) (S 19,12,11) (S 33,11,12) (S 61,6,6) (D 1,1,1)
0 1 9 64 112 12 (D 1,1,1) (S 1,35,36) (S 3,7,13) (S 8,22,25) (S 9,24,25) (S 34,21,24) (S 41,24,21) (S 43,21,22) (S 55,22,22) (S 64,20,20) (S 75,18,18) (D 1,1,1)
0 1 10 42 81 6 (D 1,1,1) (S 32,28,35) (S 49,28,28) (S 65,27,27) (S 66,26,26) (D 1,1,1)
0 1 11 31 51 6 (D 1,1,1) (S 14,2,36) (S 16,8,9) (S 23,8,40) (S 68,40,40) (D 1,1,1)
0 1 12 38 67 6 (D 1,1,1) (S 4,14,15) (S 20,10,9) (S 59,9,9) (S 62,8,8) (D 1,1,1)
0 1 13 38 74 7 (D 1,1,1) (S 12,18,19) (S 24,18,13) (S 29,3,4) (S 52,37,37) (S 54,35,35) (D 1,1,1)
0 1 14 42 66 7 (D 1,1,1) (S 10,1,35) (S 25,1,11) (S 27,17,13) (S 70,7,7) (S 71,2,2) (D 1,1,1)
0 1 15 44 88 8 (D 1,1,1) (S 7,32,39) (S 37,5,39) (S 38,39,5) (S 50,39,39) (S 51,4,4) (S 72,12,12) (D 1,1,1)
0 1 16 62 143 10 (D 1,1,1) (S 22,32,31) (S 28,31,37) (S 35,37,38) (S 39,37,30) (S 42,20,17) (S 47,21,20) (S 57,23,23) (S 73,13,13) (D 1,1,1)
