675
10
9808500
1748278479
0 1 1 32 80 8 (D 1,1,1) (S 2,6,7) (S 9,8,14) (S 10,14,8) (S 29,17,18) (S 33,17,16) (S 44,16,16) (D 1,1,1)
0 1 2 35 77 7 (D 1,1,1) (S 6,11,12) (S 11,18,14) (S 16,13,14) (S 39,14,14) (S 45,7,7) (D 1,1,1)
0 1 3 15 39 4 (D 1,1,1) (S 22,9,1) (S 35,5,2) (D 1,1,1)
0 1 4 14 34 5 (D 1,1,1) (S 15,2,5) (S 32,16,15) (S 34,15,20) (D 1,1,1)
0 1 5 52 91 10 (D 1,1,1) (S 1,19,22) (S 17,19,20) (S 19,21,23) (S 21,23,24) (S 25,22,23) (S 26,23,22) (S 31,23,21) (S 41,21,21) (D 1,1,1)
0 1 6 38 72 8 (D 1,1,1) (S 0,20,21) (S 13,20,15) (S 20,9,3) (S 37,2,2) (S 40,4,4) (S 42,5,5) (D 1,1,1)
0 1 7 41 95 8 (D 1,1,1) (S 3,3,4) (S 4,2,10) (S 18,3,10) (S 30,10,3) (S 38,13,13) (S 43,15,15) (D 1,1,1)
0 1 8 21 36 5 (D 1,1,1) (S 8,1,11) (S 14,17,12) (S 46,12,12) (D 1,1,1)
0 1 9 50 68 5 (D 1,1,1) (S 12,6,11) (S 23,12,6) (S 36,6,5) (D 1,1,1)
0 1 10 60 83 7 (D 1,1,1) (S 5,1,20) (S 7,21,24) (S 24,20,19) (S 27,19,9) (S 28,19,1) (D 1,1,1)
