874
16
29611800
1748278483
0 1 1 35 82 6 (D 1,1,1) (S 3,18,21) (S 23,22,20) (S 42,20,22) (S 56,19,19) (D 1,1,1)
0 1 2 49 94 6 (D 1,1,1) (S 1,13,19) (S 8,19,20) (S 27,18,19) (S 51,21,21) (D 1,1,1)
0 1 3 16 49 5 (D 1,1,1) (S 15,6,5) (S 19,3,4) (S 44,4,4) (D 1,1,1)
0 1 4 28 56 8 (D 1,1,1) (S 11,14,15) (S 29,15,16) (S 43,10,14) (S 47,14,14) (S 48,17,17) (S 54,16,16) (D 1,1,1)
0 1 5 15 40 5 (D 1,1,1) (S 7,23,26) (S 16,27,26) (S 39,26,28) (D 1,1,1)
0 1 6 12 44 6 (D 1,1,1) (S 0,5,31) (S 14,4,9) (S 53,9,9) (S 55,3,3) (D 1,1,1)
0 1 7 34 56 8 (D 1,1,1) (S 10,25,28) (S 28,28,29) (S 37,29,27) (S 46,24,24) (S 57,27,27) (S 58,29,29) (D 1,1,1)
0 1 8 22 42 5 (D 1,1,1) (S 22,17,11) (S 59,11,11) (S 62,6,6) (D 1,1,1)
0 1 9 10 19 4 (D 1,1,1) (S 33,29,30) (S 49,30,30) (D 1,1,1)
0 1 10 17 36 5 (D 1,1,1) (S 12,10,16) (S 21,10,5) (S 38,31,28) (D 1,1,1)
0 1 11 33 59 6 (D 1,1,1) (S 18,10,11) (S 20,12,11) (S 30,11,12) (S 52,12,12) (D 1,1,1)
0 1 12 13 18 5 (D 1,1,1) (S 36,1,31) (S 50,31,31) (S 63,5,5) (D 1,1,1)
0 1 13 42 78 7 (D 1,1,1) (S 2,6,7) (S 4,8,9) (S 13,9,13) (S 17,18,12) (S 41,12,18) (D 1,1,1)
0 1 14 38 60 6 (D 1,1,1) (S 6,6,31) (S 24,29,28) (S 26,28,26) (S 60,23,23) (D 1,1,1)
0 1 15 42 73 7 (D 1,1,1) (S 5,1,7) (S 25,8,7) (S 32,7,8) (S 34,4,13) (S 61,13,13) (D 1,1,1)
0 1 16 45 68 7 (D 1,1,1) (S 9,1,30) (S 31,2,3) (S 35,2,8) (S 40,8,2) (S 45,2,2) (D 1,1,1)
