635
10
8881500
1748278481
0 1 1 31 71 6 (D 1,1,1) (S 1,6,7) (S 10,8,14) (S 16,13,14) (S 42,14,14) (D 1,1,1)
0 1 2 28 70 6 (D 1,1,1) (S 4,13,17) (S 11,18,14) (S 35,13,13) (S 45,7,7) (D 1,1,1)
0 1 3 10 25 5 (D 1,1,1) (S 3,2,10) (S 22,2,4) (S 38,4,4) (D 1,1,1)
0 1 4 21 45 5 (D 1,1,1) (S 2,3,4) (S 18,3,10) (S 43,10,10) (D 1,1,1)
0 1 5 39 74 8 (D 1,1,1) (S 17,19,20) (S 19,21,23) (S 21,23,24) (S 25,23,22) (S 44,22,22) (S 46,9,9) (D 1,1,1)
0 1 6 42 67 7 (D 1,1,1) (S 0,20,21) (S 13,20,15) (S 24,15,21) (S 30,23,21) (S 40,19,19) (D 1,1,1)
0 1 7 23 44 6 (D 1,1,1) (S 12,1,5) (S 15,2,5) (S 26,5,1) (S 36,12,12) (D 1,1,1)
0 1 8 42 62 7 (D 1,1,1) (S 8,1,11) (S 14,17,12) (S 31,16,15) (S 33,15,20) (S 37,5,5) (D 1,1,1)
0 1 9 55 87 9 (D 1,1,1) (S 6,11,12) (S 9,16,12) (S 29,12,16) (S 32,17,16) (S 34,16,17) (S 39,17,17) (S 41,6,6) (D 1,1,1)
0 1 10 67 90 8 (D 1,1,1) (S 5,1,20) (S 7,21,24) (S 20,21,15) (S 23,20,19) (S 27,19,9) (S 28,19,1) (D 1,1,1)
