718
11
9106800
1748278484
0 1 1 29 55 3 (D 1,1,1) (S 35,6,6) (D 1,1,1)
0 1 2 21 63 6 (D 1,1,1) (S 9,12,16) (S 14,17,18) (S 41,18,18) (S 44,7,7) (D 1,1,1)
0 1 3 41 67 6 (D 1,1,1) (S 1,21,23) (S 8,22,23) (S 23,24,21) (S 34,21,21) (D 1,1,1)
0 1 4 17 29 5 (D 1,1,1) (S 5,3,4) (S 24,4,5) (S 27,5,4) (D 1,1,1)
0 1 5 38 101 7 (D 1,1,1) (S 2,6,11) (S 18,7,6) (S 32,16,16) (S 33,17,17) (S 37,23,23) (D 1,1,1)
0 1 6 40 83 10 (D 1,1,1) (S 4,5,11) (S 6,7,13) (S 16,13,17) (S 26,17,16) (S 29,16,17) (S 38,8,8) (S 39,13,13) (S 40,15,15) (D 1,1,1)
0 1 7 40 63 6 (D 1,1,1) (S 3,2,5) (S 17,19,9) (S 21,9,19) (S 42,19,19) (D 1,1,1)
0 1 8 30 48 6 (D 1,1,1) (S 7,1,20) (S 13,20,15) (S 28,15,20) (S 30,1,9) (D 1,1,1)
0 1 9 24 51 7 (D 1,1,1) (S 11,1,11) (S 12,10,2) (S 19,2,10) (S 31,2,2) (S 43,3,3) (D 1,1,1)
0 1 10 34 63 6 (D 1,1,1) (S 0,1,5) (S 22,5,6) (S 36,14,14) (S 45,12,12) (D 1,1,1)
0 1 11 44 95 6 (D 1,1,1) (S 10,1,19) (S 15,20,21) (S 20,11,1) (S 25,19,22) (D 1,1,1)
