1355
23
94523400
1748278483
0 1 1 12 18 3 (D 1,1,1) (S 55,5,1) (D 1,1,1)
0 1 2 9 57 4 (D 1,1,1) (S 2,45,46) (S 58,38,37) (D 1,1,1)
0 1 3 26 66 6 (D 1,1,1) (S 9,31,32) (S 18,32,40) (S 38,40,39) (S 67,36,44) (D 1,1,1)
0 1 4 54 101 11 (D 1,1,1) (S 4,38,46) (S 22,46,50) (S 29,50,49) (S 40,49,50) (S 52,50,45) (S 74,49,45) (S 76,45,50) (S 88,48,48) (S 101,45,45) (D 1,1,1)
0 1 5 18 44 5 (D 1,1,1) (S 0,26,27) (S 77,27,27) (S 90,28,28) (D 1,1,1)
0 1 6 35 59 8 (D 1,1,1) (S 17,15,24) (S 30,24,30) (S 37,30,29) (S 65,30,38) (S 82,38,38) (S 89,35,35) (D 1,1,1)
0 1 7 16 35 4 (D 1,1,1) (S 43,13,8) (S 84,8,8) (D 1,1,1)
0 1 8 14 33 6 (D 1,1,1) (S 16,2,5) (S 69,2,3) (S 79,3,3) (S 104,6,6) (D 1,1,1)
0 1 9 21 41 5 (D 1,1,1) (S 10,7,12) (S 26,11,12) (S 83,12,12) (D 1,1,1)
0 1 10 17 51 5 (D 1,1,1) (S 3,14,22) (S 5,41,42) (S 100,42,42) (D 1,1,1)
0 1 11 61 132 9 (D 1,1,1) (S 8,25,33) (S 13,43,44) (S 27,43,48) (S 28,45,48) (S 45,43,35) (S 60,36,38) (S 103,37,37) (D 1,1,1)
0 1 12 18 43 6 (D 1,1,1) (S 21,14,23) (S 33,24,23) (S 46,29,30) (S 61,29,28) (D 1,1,1)
0 1 13 42 82 7 (D 1,1,1) (S 11,19,32) (S 15,40,47) (S 68,39,30) (S 72,35,34) (S 99,26,26) (D 1,1,1)
0 1 14 26 60 7 (D 1,1,1) (S 36,13,9) (S 39,21,13) (S 41,20,25) (S 80,25,25) (S 98,33,33) (D 1,1,1)
0 1 15 25 40 6 (D 1,1,1) (S 7,17,24) (S 48,29,24) (S 87,24,24) (S 102,15,15) (D 1,1,1)
0 1 16 35 71 7 (D 1,1,1) (S 1,15,16) (S 20,16,17) (S 24,34,42) (S 32,41,33) (S 105,34,34) (D 1,1,1)
0 1 17 27 53 8 (D 1,1,1) (S 23,6,11) (S 49,11,18) (S 54,18,11) (S 62,30,17) (S 71,17,18) (S 97,18,18) (D 1,1,1)
0 1 18 33 76 7 (D 1,1,1) (S 12,3,6) (S 19,3,4) (S 56,7,4) (S 92,4,4) (S 96,31,31) (D 1,1,1)
0 1 19 29 45 7 (D 1,1,1) (S 35,22,23) (S 47,23,22) (S 70,22,21) (S 91,21,21) (S 95,9,9) (D 1,1,1)
0 1 20 35 71 8 (D 1,1,1) (S 34,16,1) (S 42,20,21) (S 44,21,22) (S 59,22,28) (S 63,28,27) (S 85,39,39) (D 1,1,1)
0 1 21 38 54 7 (D 1,1,1) (S 25,10,17) (S 50,5,6) (S 75,6,5) (S 93,5,5) (S 94,10,10) (D 1,1,1)
0 1 22 24 38 5 (D 1,1,1) (S 53,15,1) (S 73,1,16) (S 81,17,17) (D 1,1,1)
0 1 23 39 85 11 (D 1,1,1) (S 6,14,15) (S 14,23,29) (S 31,29,37) (S 51,22,13) (S 57,21,20) (S 64,13,21) (S 66,26,25) (S 78,13,13) (S 86,23,23) (D 1,1,1)
