1629
23
167185200
1748278479
0 1 1 22 78 8 (D 1,1,1) (S 5,47,48) (S 9,35,41) (S 37,42,43) (S 51,42,44) (S 113,44,44) (S 117,31,31) (D 1,1,1)
0 1 2 20 72 6 (D 1,1,1) (S 1,46,47) (S 35,40,47) (S 82,47,40) (S 103,49,49) (D 1,1,1)
0 1 3 18 62 5 (D 1,1,1) (S 32,4,3) (S 55,3,9) (S 98,15,23) (D 1,1,1)
0 1 4 24 58 6 (D 1,1,1) (S 4,25,28) (S 50,28,32) (S 75,32,28) (S 107,32,32) (D 1,1,1)
0 1 5 14 62 6 (D 1,1,1) (S 7,44,49) (S 36,41,40) (S 109,40,40) (S 114,34,34) (D 1,1,1)
0 1 6 45 86 9 (D 1,1,1) (S 6,16,17) (S 8,17,25) (S 15,32,37) (S 23,43,45) (S 52,43,42) (S 111,42,42) (S 116,41,41) (D 1,1,1)
0 1 7 38 102 7 (D 1,1,1) (S 17,33,40) (S 18,33,46) (S 21,35,36) (S 66,36,42) (S 92,49,50) (D 1,1,1)
0 1 8 16 53 5 (D 1,1,1) (S 12,33,39) (S 106,39,39) (S 112,19,19) (D 1,1,1)
0 1 9 29 66 7 (D 1,1,1) (S 16,16,24) (S 47,24,25) (S 61,24,32) (S 74,32,24) (S 95,14,22) (D 1,1,1)
0 1 10 17 55 7 (D 1,1,1) (S 25,12,11) (S 26,29,39) (S 28,34,33) (S 78,33,34) (S 96,34,40) (D 1,1,1)
0 1 11 31 79 8 (D 1,1,1) (S 0,12,20) (S 2,41,48) (S 3,44,50) (S 57,50,45) (S 118,45,45) (S 119,13,13) (D 1,1,1)
0 1 12 41 95 8 (D 1,1,1) (S 38,6,12) (S 42,21,22) (S 44,22,23) (S 48,36,37) (S 99,37,37) (S 100,38,38) (D 1,1,1)
0 1 13 36 75 10 (D 1,1,1) (S 10,6,7) (S 19,8,9) (S 30,10,4) (S 71,4,10) (S 81,9,3) (S 84,16,15) (S 90,9,15) (S 120,15,15) (D 1,1,1)
0 1 14 57 101 10 (D 1,1,1) (S 14,8,14) (S 27,22,31) (S 46,27,31) (S 49,31,27) (S 80,30,27) (S 89,35,27) (S 97,27,30) (S 110,27,27) (D 1,1,1)
0 1 15 13 31 6 (D 1,1,1) (S 54,5,11) (S 64,11,5) (S 68,13,12) (S 122,12,12) (D 1,1,1)
0 1 16 33 83 7 (D 1,1,1) (S 13,23,31) (S 40,43,37) (S 63,37,43) (S 104,43,43) (S 105,22,22) (D 1,1,1)
0 1 17 28 39 7 (D 1,1,1) (S 24,1,5) (S 39,5,18) (S 72,18,26) (S 73,26,34) (S 91,34,30) (D 1,1,1)
0 1 18 33 58 7 (D 1,1,1) (S 45,11,19) (S 76,18,29) (S 86,33,29) (S 93,29,26) (S 102,26,26) (D 1,1,1)
0 1 19 44 114 8 (D 1,1,1) (S 43,17,10) (S 59,38,37) (S 69,28,38) (S 87,34,26) (S 108,18,18) (S 121,6,6) (D 1,1,1)
0 1 20 31 67 7 (D 1,1,1) (S 20,9,16) (S 56,24,23) (S 77,21,13) (S 79,15,14) (S 115,14,14) (D 1,1,1)
0 1 21 17 54 6 (D 1,1,1) (S 31,10,9) (S 60,9,10) (S 65,12,6) (S 70,6,13) (D 1,1,1)
0 1 22 52 65 10 (D 1,1,1) (S 11,1,2) (S 22,7,8) (S 29,7,2) (S 33,2,3) (S 34,3,2) (S 62,2,7) (S 83,7,13) (S 94,6,5) (D 1,1,1)
0 1 23 45 74 9 (D 1,1,1) (S 41,11,12) (S 53,20,19) (S 58,18,5) (S 67,26,19) (S 85,19,18) (S 88,26,18) (S 101,20,20) (D 1,1,1)
