1497
18
32272800
1748278487
0 1 1 12 72 5 (D 1,1,1) (S 0,28,33) (S 10,33,34) (S 73,34,34) (D 1,1,1)
0 1 2 14 84 5 (D 1,1,1) (S 14,11,4) (S 20,11,5) (S 71,5,5) (D 1,1,1)
0 1 3 41 104 5 (D 1,1,1) (S 23,11,24) (S 25,24,17) (S 72,17,17) (D 1,1,1)
0 1 4 14 63 5 (D 1,1,1) (S 2,9,10) (S 40,16,10) (S 68,3,3) (D 1,1,1)
0 1 5 42 106 5 (D 1,1,1) (S 4,24,34) (S 11,33,32) (S 60,27,27) (D 1,1,1)
0 1 6 25 87 5 (D 1,1,1) (S 17,24,23) (S 44,23,24) (S 58,22,22) (D 1,1,1)
0 1 7 22 63 5 (D 1,1,1) (S 13,19,20) (S 49,26,26) (S 67,21,21) (D 1,1,1)
0 1 8 12 45 4 (D 1,1,1) (S 33,13,12) (S 47,13,2) (D 1,1,1)
0 1 9 34 75 6 (D 1,1,1) (S 1,13,14) (S 29,14,20) (S 35,26,25) (S 61,25,25) (D 1,1,1)
0 1 10 25 66 7 (D 1,1,1) (S 3,8,9) (S 19,9,15) (S 31,15,22) (S 38,15,14) (S 70,14,14) (D 1,1,1)
0 1 11 37 79 8 (D 1,1,1) (S 5,3,10) (S 12,3,9) (S 50,9,9) (S 54,8,8) (S 66,15,15) (S 69,13,13) (D 1,1,1)
0 1 12 67 140 9 (D 1,1,1) (S 8,19,13) (S 15,19,25) (S 26,25,29) (S 32,30,31) (S 51,30,30) (S 62,29,29) (S 63,31,31) (D 1,1,1)
0 1 13 57 92 7 (D 1,1,1) (S 6,6,18) (S 27,18,29) (S 41,18,19) (S 56,19,19) (S 57,20,20) (D 1,1,1)
0 1 14 64 126 8 (D 1,1,1) (S 7,8,14) (S 28,20,21) (S 30,21,15) (S 45,15,21) (S 48,10,10) (S 55,4,4) (D 1,1,1)
0 1 15 54 140 9 (D 1,1,1) (S 9,32,27) (S 18,21,22) (S 34,23,28) (S 36,28,23) (S 43,28,22) (S 64,28,28) (S 65,16,16) (D 1,1,1)
0 1 16 24 35 5 (D 1,1,1) (S 22,1,2) (S 42,2,13) (S 52,6,6) (D 1,1,1)
0 1 17 30 50 5 (D 1,1,1) (S 37,12,6) (S 39,6,7) (S 53,7,7) (D 1,1,1)
0 1 18 40 70 7 (D 1,1,1) (S 16,6,12) (S 21,2,3) (S 24,3,2) (S 46,2,8) (S 59,12,12) (D 1,1,1)
