1493
17
54361800
1748278481
0 1 1 33 107 6 (D 1,1,1) (S 2,31,35) (S 47,38,39) (S 49,39,38) (S 69,34,34) (D 1,1,1)
0 1 2 37 123 8 (D 1,1,1) (S 4,21,22) (S 5,32,36) (S 31,40,41) (S 60,37,33) (S 74,33,33) (S 85,35,35) (D 1,1,1)
0 1 3 30 102 7 (D 1,1,1) (S 13,35,36) (S 26,36,39) (S 39,40,36) (S 73,36,36) (S 84,20,20) (D 1,1,1)
0 1 4 23 60 5 (D 1,1,1) (S 0,17,20) (S 43,20,27) (S 71,27,27) (D 1,1,1)
0 1 5 31 77 4 (D 1,1,1) (S 10,23,29) (S 53,29,34) (D 1,1,1)
0 1 6 43 122 9 (D 1,1,1) (S 17,20,21) (S 23,37,41) (S 35,41,37) (S 56,37,36) (S 57,36,40) (S 67,40,40) (S 72,39,39) (D 1,1,1)
0 1 7 43 96 9 (D 1,1,1) (S 7,27,32) (S 16,21,27) (S 21,31,32) (S 41,32,31) (S 48,31,25) (S 80,25,25) (S 82,24,24) (D 1,1,1)
0 1 8 22 52 9 (D 1,1,1) (S 3,8,9) (S 20,9,10) (S 32,10,15) (S 33,10,4) (S 52,4,10) (S 62,16,11) (S 79,17,17) (D 1,1,1)
0 1 9 41 79 6 (D 1,1,1) (S 15,15,25) (S 30,25,26) (S 58,26,25) (S 83,26,26) (D 1,1,1)
0 1 10 56 131 9 (D 1,1,1) (S 8,13,23) (S 28,24,25) (S 36,25,31) (S 46,33,27) (S 51,27,28) (S 64,28,27) (S 66,22,22) (D 1,1,1)
0 1 11 15 37 6 (D 1,1,1) (S 11,1,2) (S 19,15,10) (S 34,10,11) (S 78,11,11) (D 1,1,1)
0 1 12 41 77 6 (D 1,1,1) (S 6,24,30) (S 55,30,29) (S 76,23,23) (S 81,14,14) (D 1,1,1)
0 1 13 34 70 10 (D 1,1,1) (S 12,2,3) (S 24,3,9) (S 27,10,9) (S 29,9,14) (S 59,14,9) (S 61,13,14) (S 65,16,15) (S 86,15,15) (D 1,1,1)
0 1 14 68 141 11 (D 1,1,1) (S 1,4,5) (S 9,17,18) (S 18,18,22) (S 22,12,6) (S 25,11,10) (S 37,19,26) (S 38,26,19) (S 68,16,16) (S 77,5,5) (D 1,1,1)
0 1 15 38 40 6 (D 1,1,1) (S 14,2,8) (S 42,8,7) (S 54,7,8) (S 75,7,7) (D 1,1,1)
0 1 16 34 96 4 (D 1,1,1) (S 44,16,17) (S 45,30,31) (D 1,1,1)
0 1 17 38 83 6 (D 1,1,1) (S 40,12,11) (S 50,11,12) (S 63,13,7) (S 70,3,3) (D 1,1,1)
