1565
26
143459700
1748278480
0 1 1 21 80 7 (D 1,1,1) (S 7,44,49) (S 33,40,47) (S 78,47,40) (S 102,47,47) (S 119,46,46) (D 1,1,1)
0 1 2 20 54 6 (D 1,1,1) (S 4,25,28) (S 45,28,32) (S 69,32,28) (S 107,28,28) (D 1,1,1)
0 1 3 40 90 8 (D 1,1,1) (S 13,33,39) (S 16,33,40) (S 19,35,36) (S 43,36,37) (S 93,37,37) (S 111,32,32) (D 1,1,1)
0 1 4 30 82 8 (D 1,1,1) (S 8,17,25) (S 9,43,50) (S 22,43,45) (S 48,43,42) (S 92,44,42) (S 122,42,42) (D 1,1,1)
0 1 5 21 63 7 (D 1,1,1) (S 6,34,35) (S 10,35,41) (S 20,41,49) (S 27,34,33) (S 86,34,30) (D 1,1,1)
0 1 6 30 74 7 (D 1,1,1) (S 1,27,36) (S 3,44,50) (S 101,50,50) (S 116,45,45) (S 120,22,22) (D 1,1,1)
0 1 7 21 62 6 (D 1,1,1) (S 30,10,9) (S 54,9,10) (S 108,4,4) (S 118,3,3) (D 1,1,1)
0 1 8 30 78 7 (D 1,1,1) (S 5,41,42) (S 46,42,36) (S 62,36,42) (S 83,34,40) (S 113,33,33) (D 1,1,1)
0 1 9 22 51 7 (D 1,1,1) (S 23,14,13) (S 25,29,39) (S 79,39,29) (S 88,29,26) (S 97,18,18) (D 1,1,1)
0 1 10 24 47 7 (D 1,1,1) (S 31,13,14) (S 51,14,15) (S 57,24,32) (S 67,32,24) (S 112,24,24) (D 1,1,1)
0 1 11 39 93 8 (D 1,1,1) (S 2,41,48) (S 34,41,40) (S 36,40,41) (S 94,35,35) (S 106,34,34) (S 114,49,49) (D 1,1,1)
0 1 12 29 79 5 (D 1,1,1) (S 26,22,14) (S 44,24,25) (S 95,38,38) (D 1,1,1)
0 1 13 28 45 6 (D 1,1,1) (S 0,12,20) (S 49,20,19) (S 53,19,20) (S 66,20,30) (D 1,1,1)
0 1 14 26 63 6 (D 1,1,1) (S 18,9,16) (S 38,17,10) (S 65,4,10) (S 109,10,10) (D 1,1,1)
0 1 15 31 64 8 (D 1,1,1) (S 14,23,31) (S 28,27,35) (S 47,27,31) (S 52,31,27) (S 63,13,12) (S 115,12,12) (D 1,1,1)
0 1 16 40 83 9 (D 1,1,1) (S 15,32,37) (S 21,38,45) (S 40,43,37) (S 58,37,43) (S 68,32,31) (S 89,31,22) (S 98,8,8) (D 1,1,1)
0 1 17 37 70 10 (D 1,1,1) (S 35,21,22) (S 41,22,23) (S 73,22,21) (S 75,15,16) (S 82,16,15) (S 85,15,9) (S 87,9,15) (S 117,15,15) (D 1,1,1)
0 1 18 14 27 4 (D 1,1,1) (S 60,12,6) (S 90,6,5) (D 1,1,1)
0 1 19 19 42 5 (D 1,1,1) (S 50,5,11) (S 59,11,5) (S 70,18,29) (D 1,1,1)
0 1 20 28 62 6 (D 1,1,1) (S 61,26,19) (S 81,19,18) (S 84,33,29) (S 99,26,26) (D 1,1,1)
0 1 21 20 41 6 (D 1,1,1) (S 42,20,21) (S 74,21,13) (S 76,15,14) (S 91,14,22) (D 1,1,1)
0 1 22 12 30 5 (D 1,1,1) (S 39,11,12) (S 71,12,13) (S 110,11,11) (D 1,1,1)
0 1 23 32 43 8 (D 1,1,1) (S 24,1,5) (S 37,5,18) (S 56,18,19) (S 72,26,30) (S 77,30,27) (S 121,27,27) (D 1,1,1)
0 1 24 30 41 7 (D 1,1,1) (S 11,6,7) (S 29,2,3) (S 32,3,2) (S 103,2,2) (S 104,6,6) (D 1,1,1)
0 1 25 24 50 6 (D 1,1,1) (S 55,13,6) (S 64,6,13) (S 80,7,13) (S 96,7,7) (D 1,1,1)
0 1 26 36 51 6 (D 1,1,1) (S 12,1,2) (S 17,8,9) (S 100,9,9) (S 105,16,16) (D 1,1,1)
