892
16
24242700
1748278480
0 1 1 12 48 4 (D 1,1,1) (S 19,18,12) (S 45,12,18) (D 1,1,1)
0 1 2 61 114 8 (D 1,1,1) (S 3,19,21) (S 6,21,22) (S 7,18,21) (S 26,22,20) (S 46,20,22) (S 63,19,19) (D 1,1,1)
0 1 3 19 44 5 (D 1,1,1) (S 25,17,11) (S 35,11,12) (S 66,12,12) (D 1,1,1)
0 1 4 25 52 7 (D 1,1,1) (S 14,10,16) (S 18,16,17) (S 49,16,15) (S 61,15,15) (S 65,17,17) (D 1,1,1)
0 1 5 13 38 4 (D 1,1,1) (S 0,23,25) (S 54,23,23) (D 1,1,1)
0 1 6 18 46 7 (D 1,1,1) (S 1,5,31) (S 16,4,9) (S 27,9,4) (S 37,4,3) (S 52,3,3) (D 1,1,1)
0 1 7 21 45 5 (D 1,1,1) (S 2,23,24) (S 15,24,27) (S 58,26,26) (D 1,1,1)
0 1 8 15 31 5 (D 1,1,1) (S 22,10,5) (S 24,5,6) (S 50,6,11) (D 1,1,1)
0 1 9 22 51 7 (D 1,1,1) (S 4,29,31) (S 13,14,15) (S 30,14,10) (S 48,10,14) (S 53,11,11) (D 1,1,1)
0 1 10 19 39 5 (D 1,1,1) (S 12,25,28) (S 34,28,29) (S 64,27,27) (D 1,1,1)
0 1 11 42 74 7 (D 1,1,1) (S 20,10,11) (S 32,18,19) (S 41,13,12) (S 47,12,8) (S 51,2,2) (D 1,1,1)
0 1 12 35 60 6 (D 1,1,1) (S 5,6,7) (S 8,8,9) (S 29,8,7) (S 60,7,7) (D 1,1,1)
0 1 13 44 83 9 (D 1,1,1) (S 23,27,29) (S 28,29,28) (S 31,28,26) (S 38,29,30) (S 42,2,8) (S 44,8,2) (S 62,9,9) (D 1,1,1)
0 1 14 27 32 6 (D 1,1,1) (S 11,1,30) (S 33,30,29) (S 56,29,29) (S 57,31,31) (D 1,1,1)
0 1 15 45 71 7 (D 1,1,1) (S 10,1,7) (S 17,6,5) (S 21,3,4) (S 40,4,13) (S 59,13,13) (D 1,1,1)
0 1 16 33 64 7 (D 1,1,1) (S 9,6,31) (S 36,2,3) (S 39,2,1) (S 43,1,31) (S 55,5,5) (D 1,1,1)
