1237
14
29852100
1748278487
0 1 1 23 81 5 (D 1,1,1) (S 17,16,11) (S 23,20,27) (S 59,27,27) (D 1,1,1)
0 1 2 36 106 6 (D 1,1,1) (S 3,21,29) (S 19,24,21) (S 55,21,21) (S 61,29,29) (D 1,1,1)
0 1 3 57 106 8 (D 1,1,1) (S 1,4,7) (S 8,6,11) (S 11,16,21) (S 22,21,22) (S 39,22,21) (S 56,28,28) (D 1,1,1)
0 1 4 44 87 5 (D 1,1,1) (S 25,20,11) (S 41,11,16) (S 57,16,16) (D 1,1,1)
0 1 5 25 72 6 (D 1,1,1) (S 0,26,30) (S 48,25,25) (S 50,23,23) (S 63,9,9) (D 1,1,1)
0 1 6 21 70 6 (D 1,1,1) (S 15,8,5) (S 34,7,8) (S 36,10,9) (S 54,3,3) (D 1,1,1)
0 1 7 39 74 7 (D 1,1,1) (S 6,4,5) (S 10,7,12) (S 27,12,11) (S 53,11,11) (S 66,12,12) (D 1,1,1)
0 1 8 46 92 7 (D 1,1,1) (S 4,22,29) (S 40,25,22) (S 43,22,17) (S 49,17,17) (S 62,13,13) (D 1,1,1)
0 1 9 27 47 7 (D 1,1,1) (S 14,8,7) (S 20,4,6) (S 29,6,7) (S 44,7,6) (S 51,5,5) (D 1,1,1)
0 1 10 23 50 5 (D 1,1,1) (S 13,2,9) (S 31,2,3) (S 46,10,10) (D 1,1,1)
0 1 11 36 104 8 (D 1,1,1) (S 12,14,15) (S 26,18,23) (S 32,13,16) (S 33,8,13) (S 35,5,1) (S 60,2,2) (D 1,1,1)
0 1 12 71 127 9 (D 1,1,1) (S 7,10,19) (S 9,14,17) (S 16,18,26) (S 21,30,23) (S 24,25,30) (S 64,30,30) (S 67,15,15) (D 1,1,1)
0 1 13 36 89 8 (D 1,1,1) (S 18,1,9) (S 30,20,16) (S 37,20,21) (S 42,21,20) (S 58,24,24) (S 65,20,20) (D 1,1,1)
0 1 14 82 132 9 (D 1,1,1) (S 2,8,9) (S 5,23,26) (S 28,26,18) (S 38,17,22) (S 45,22,22) (S 47,18,18) (S 52,8,8) (D 1,1,1)
