517
11
6696600
1748278477
0 1 1 11 36 6 (D 1,1,1) (S 0,4,11) (S 6,11,16) (S 9,6,15) (S 38,15,15) (D 1,1,1)
0 1 2 19 42 6 (D 1,1,1) (S 4,4,7) (S 18,7,13) (S 33,13,13) (S 37,7,7) (D 1,1,1)
0 1 3 16 45 4 (D 1,1,1) (S 8,10,12) (S 29,12,17) (D 1,1,1)
0 1 4 22 45 6 (D 1,1,1) (S 13,2,5) (S 22,5,6) (S 32,6,11) (S 39,11,11) (D 1,1,1)
0 1 5 16 31 5 (D 1,1,1) (S 11,3,8) (S 34,8,8) (S 35,20,20) (D 1,1,1)
0 1 6 26 65 7 (D 1,1,1) (S 12,10,18) (S 14,16,17) (S 16,17,18) (S 20,18,19) (S 28,1,10) (D 1,1,1)
0 1 7 12 39 5 (D 1,1,1) (S 10,3,9) (S 23,3,4) (S 25,1,9) (D 1,1,1)
0 1 8 19 41 6 (D 1,1,1) (S 2,3,21) (S 26,21,22) (S 27,2,3) (S 36,9,9) (D 1,1,1)
0 1 9 27 71 5 (D 1,1,1) (S 24,2,4) (S 30,13,14) (S 40,2,2) (D 1,1,1)
0 1 10 23 35 6 (D 1,1,1) (S 3,1,8) (S 5,19,20) (S 21,8,20) (S 31,8,9) (D 1,1,1)
0 1 11 33 67 7 (D 1,1,1) (S 1,1,5) (S 7,5,14) (S 15,14,15) (S 17,4,1) (S 19,4,6) (D 1,1,1)
