16675
30
55674700200
1750779344
0 1 1 1596 775 15 (D 1,1,1) (S 35,9,11) (S 169,11,11) (S 94,12,19) (S 179,19,19) (S 68,31,32) (S 132,32,32) (S 30,41,42) (S 145,42,42) (S 124,42,51) (S 127,51,51) (S 177,50,50) (S 110,50,41) (S 144,18,18) (D 1,1,1)
0 1 2 1411 347 8 (D 1,1,1) (S 137,26,26) (S 59,26,34) (S 156,34,34) (S 19,34,35) (S 88,35,27) (S 84,27,18) (D 1,1,1)
0 1 3 1614 462 11 (D 1,1,1) (S 120,3,12) (S 136,12,12) (S 48,19,20) (S 170,20,20) (S 89,20,25) (S 78,25,30) (S 86,30,29) (S 174,29,29) (S 70,29,19) (D 1,1,1)
0 1 4 1493 497 7 (D 1,1,1) (S 28,35,37) (S 13,37,43) (S 91,43,46) (S 63,46,53) (S 128,53,53) (D 1,1,1)
0 1 5 1516 668 9 (D 1,1,1) (S 64,46,47) (S 158,47,47) (S 34,47,56) (S 140,56,56) (S 172,55,55) (S 83,55,56) (S 97,56,55) (D 1,1,1)
0 1 6 1595 859 10 (D 1,1,1) (S 3,32,41) (S 107,41,50) (S 37,50,51) (S 98,51,60) (S 141,60,60) (S 82,51,42) (S 133,33,33) (S 104,33,32) (D 1,1,1)
0 1 7 1597 924 9 (D 1,1,1) (S 135,49,49) (S 2,49,50) (S 161,59,59) (S 123,59,58) (S 80,58,59) (S 20,50,59) (S 71,25,20) (D 1,1,1)
0 1 8 1601 503 9 (D 1,1,1) (S 42,11,18) (S 112,18,19) (S 148,28,28) (S 11,28,29) (S 101,29,30) (S 96,30,31) (S 175,31,31) (D 1,1,1)
0 1 9 1615 638 9 (D 1,1,1) (S 5,25,31) (S 103,31,22) (S 165,22,22) (S 43,22,23) (S 122,23,15) (S 155,15,15) (S 102,15,23) (D 1,1,1)
0 1 10 594 116 4 (D 1,1,1) (S 65,8,9) (S 173,9,9) (D 1,1,1)
0 1 11 1614 752 8 (D 1,1,1) (S 39,10,11) (S 105,22,31) (S 27,33,42) (S 114,33,24) (S 142,24,24) (S 76,24,16) (D 1,1,1)
0 1 12 1407 462 8 (D 1,1,1) (S 24,17,26) (S 117,34,36) (S 126,36,36) (S 33,36,45) (S 6,45,46) (S 149,46,46) (D 1,1,1)
0 1 13 1569 815 8 (D 1,1,1) (S 36,14,15) (S 50,23,32) (S 31,31,40) (S 69,49,58) (S 160,58,58) (S 147,40,40) (D 1,1,1)
0 1 14 799 431 6 (D 1,1,1) (S 4,18,26) (S 61,36,37) (S 130,37,37) (S 157,35,35) (D 1,1,1)
0 1 15 556 42 4 (D 1,1,1) (S 7,1,8) (S 162,8,8) (D 1,1,1)
0 1 16 1550 556 6 (D 1,1,1) (S 18,14,22) (S 81,25,21) (S 12,21,22) (S 99,12,3) (D 1,1,1)
0 1 17 1450 651 8 (D 1,1,1) (S 159,52,52) (S 57,54,55) (S 113,46,43) (S 9,43,44) (S 53,44,47) (S 138,43,43) (D 1,1,1)
0 1 18 482 156 5 (D 1,1,1) (S 74,2,3) (S 151,3,3) (S 121,3,2) (D 1,1,1)
0 1 19 1581 378 8 (D 1,1,1) (S 44,3,4) (S 45,4,5) (S 154,5,5) (S 108,5,14) (S 118,14,5) (S 152,4,4) (D 1,1,1)
0 1 20 1517 875 9 (D 1,1,1) (S 21,53,55) (S 14,56,57) (S 171,57,57) (S 54,57,58) (S 47,59,60) (S 134,41,41) (S 119,32,31) (D 1,1,1)
0 1 21 1030 493 6 (D 1,1,1) (S 22,19,28) (S 58,38,44) (S 146,38,38) (S 95,38,37) (D 1,1,1)
0 1 22 1326 594 9 (D 1,1,1) (S 15,13,14) (S 17,5,6) (S 143,6,6) (S 8,6,15) (S 49,15,16) (S 150,16,16) (S 176,14,14) (D 1,1,1)
0 1 23 1583 656 9 (D 1,1,1) (S 41,28,38) (S 100,38,39) (S 131,39,39) (S 72,39,48) (S 166,48,48) (S 1,48,57) (S 90,39,29) (D 1,1,1)
0 1 24 1337 868 8 (D 1,1,1) (S 109,29,39) (S 66,39,40) (S 62,40,49) (S 29,48,49) (S 0,40,41) (S 73,32,33) (D 1,1,1)
0 1 25 1344 478 7 (D 1,1,1) (S 56,12,13) (S 25,13,19) (S 153,27,27) (S 116,27,26) (S 92,17,11) (D 1,1,1)
0 1 26 1258 584 8 (D 1,1,1) (S 60,45,52) (S 51,52,53) (S 38,52,54) (S 168,54,54) (S 163,45,45) (S 87,36,34) (D 1,1,1)
0 1 27 1616 492 8 (D 1,1,1) (S 23,4,13) (S 46,13,20) (S 26,20,29) (S 67,20,21) (S 178,21,21) (S 129,13,13) (D 1,1,1)
0 1 28 1602 279 8 (D 1,1,1) (S 52,1,2) (S 16,2,9) (S 79,8,10) (S 167,10,10) (S 111,10,17) (S 139,17,17) (D 1,1,1)
0 1 29 1602 633 8 (D 1,1,1) (S 77,26,27) (S 32,27,28) (S 55,28,37) (S 125,44,44) (S 10,47,48) (S 115,48,39) (D 1,1,1)
0 1 30 1445 691 8 (D 1,1,1) (S 164,2,2) (S 40,6,7) (S 75,7,16) (S 93,16,24) (S 106,24,23) (S 85,23,24) (D 1,1,1)
