289
12
7441800
1748278478
0 1 1 23 25 3 (D 1,1,1) (S 36,4,4) (D 1,1,1)
0 1 2 16 18 3 (D 1,1,1) (S 39,11,11) (D 1,1,1)
0 1 3 23 25 3 (D 1,1,1) (S 40,2,2) (D 1,1,1)
0 1 4 23 26 6 (D 1,1,1) (S 13,6,7) (S 25,3,8) (S 26,2,7) (S 31,3,9) (D 1,1,1)
0 1 5 26 31 8 (D 1,1,1) (S 0,3,4) (S 9,6,10) (S 24,4,6) (S 29,6,11) (S 35,5,5) (S 38,3,3) (D 1,1,1)
0 1 6 26 22 6 (D 1,1,1) (S 7,2,4) (S 14,4,7) (S 22,7,9) (S 23,9,11) (D 1,1,1)
0 1 7 22 19 6 (D 1,1,1) (S 8,1,5) (S 11,5,9) (S 18,5,10) (S 33,10,10) (D 1,1,1)
0 1 8 21 25 6 (D 1,1,1) (S 2,9,10) (S 6,10,11) (S 17,1,4) (S 19,6,8) (D 1,1,1)
0 1 9 21 25 7 (D 1,1,1) (S 10,7,11) (S 12,3,7) (S 15,7,8) (S 28,8,11) (S 32,7,7) (D 1,1,1)
0 1 10 18 20 4 (D 1,1,1) (S 20,8,9) (S 34,9,9) (D 1,1,1)
0 1 11 21 23 5 (D 1,1,1) (S 1,2,6) (S 21,2,5) (S 37,6,6) (D 1,1,1)
0 1 12 26 30 9 (D 1,1,1) (S 3,5,8) (S 4,1,3) (S 5,7,10) (S 16,4,9) (S 27,3,11) (S 30,2,3) (S 41,8,8) (D 1,1,1)
