791
14
21305700
1748278486
0 1 1 22 58 5 (D 1,1,1) (S 2,25,22) (S 38,21,21) (S 45,20,20) (D 1,1,1)
0 1 2 18 46 5 (D 1,1,1) (S 17,30,37) (S 19,31,38) (S 34,38,38) (D 1,1,1)
0 1 3 21 64 7 (D 1,1,1) (S 0,24,25) (S 4,22,25) (S 28,25,25) (S 42,23,23) (S 53,17,17) (D 1,1,1)
0 1 4 28 53 8 (D 1,1,1) (S 6,4,5) (S 11,5,4) (S 21,3,7) (S 26,17,13) (S 31,7,7) (S 35,13,13) (D 1,1,1)
0 1 5 35 66 6 (D 1,1,1) (S 15,35,1) (S 18,8,14) (S 29,15,15) (S 50,11,11) (D 1,1,1)
0 1 6 31 53 7 (D 1,1,1) (S 1,12,6) (S 10,12,11) (S 25,16,10) (S 43,10,10) (S 46,9,9) (D 1,1,1)
0 1 7 20 45 6 (D 1,1,1) (S 3,12,13) (S 5,17,20) (S 14,6,12) (S 36,12,12) (D 1,1,1)
0 1 8 12 36 5 (D 1,1,1) (S 8,38,4) (S 47,4,4) (S 51,6,6) (D 1,1,1)
0 1 9 35 62 6 (D 1,1,1) (S 13,3,2) (S 16,2,3) (S 20,18,19) (S 44,19,19) (D 1,1,1)
0 1 10 13 17 4 (D 1,1,1) (S 9,1,35) (S 52,35,35) (D 1,1,1)
0 1 11 33 61 6 (D 1,1,1) (S 7,26,34) (S 33,26,26) (S 41,27,27) (S 49,33,33) (D 1,1,1)
0 1 12 31 82 5 (D 1,1,1) (S 12,32,39) (S 30,37,37) (S 37,34,34) (D 1,1,1)
0 1 13 42 73 6 (D 1,1,1) (S 22,36,35) (S 23,1,11) (S 24,1,8) (S 32,8,8) (D 1,1,1)
0 1 14 46 75 6 (D 1,1,1) (S 27,31,31) (S 39,30,30) (S 40,36,36) (S 48,2,2) (D 1,1,1)
