1542
20
79271400
1748278484
0 1 1 24 94 7 (D 1,1,1) (S 21,39,35) (S 41,35,34) (S 52,34,35) (S 67,34,34) (S 85,35,35) (D 1,1,1)
0 1 2 23 103 7 (D 1,1,1) (S 5,31,32) (S 12,36,39) (S 35,40,39) (S 64,40,40) (S 86,39,39) (D 1,1,1)
0 1 3 33 117 6 (D 1,1,1) (S 3,27,32) (S 29,36,40) (S 55,41,40) (S 72,38,38) (D 1,1,1)
0 1 4 35 90 8 (D 1,1,1) (S 1,23,24) (S 2,24,25) (S 10,25,31) (S 40,35,31) (S 53,27,33) (S 88,33,33) (D 1,1,1)
0 1 5 40 91 9 (D 1,1,1) (S 13,28,27) (S 28,32,26) (S 48,26,32) (S 56,27,20) (S 65,20,20) (S 78,17,17) (S 81,11,11) (D 1,1,1)
0 1 6 11 34 6 (D 1,1,1) (S 11,15,10) (S 24,10,11) (S 59,11,5) (S 77,4,4) (D 1,1,1)
0 1 7 40 119 7 (D 1,1,1) (S 25,25,15) (S 37,16,19) (S 39,21,27) (S 42,32,36) (S 82,36,36) (D 1,1,1)
0 1 8 60 134 9 (D 1,1,1) (S 18,16,11) (S 23,17,11) (S 31,17,18) (S 61,28,28) (S 63,22,22) (S 66,21,21) (S 71,37,37) (D 1,1,1)
0 1 9 12 33 4 (D 1,1,1) (S 19,14,9) (S 51,9,8) (D 1,1,1)
0 1 10 51 117 7 (D 1,1,1) (S 6,16,17) (S 7,33,37) (S 36,37,41) (S 49,34,29) (S 74,29,29) (D 1,1,1)
0 1 11 21 53 5 (D 1,1,1) (S 16,6,12) (S 54,12,6) (S 68,5,5) (D 1,1,1)
0 1 12 34 80 5 (D 1,1,1) (S 9,19,20) (S 33,20,27) (S 75,26,26) (D 1,1,1)
0 1 13 57 95 8 (D 1,1,1) (S 4,13,14) (S 14,23,29) (S 34,30,24) (S 80,25,25) (S 83,24,24) (S 87,14,14) (D 1,1,1)
0 1 14 2 7 4 (D 1,1,1) (S 15,3,2) (S 60,3,3) (D 1,1,1)
0 1 15 36 89 7 (D 1,1,1) (S 20,10,15) (S 27,15,25) (S 45,23,14) (S 50,30,31) (S 76,31,31) (D 1,1,1)
0 1 16 17 56 7 (D 1,1,1) (S 30,12,11) (S 44,11,12) (S 58,16,15) (S 70,15,15) (S 73,2,2) (D 1,1,1)
0 1 17 26 40 6 (D 1,1,1) (S 0,3,4) (S 32,5,11) (S 47,4,10) (S 69,10,10) (D 1,1,1)
0 1 18 45 103 6 (D 1,1,1) (S 22,24,14) (S 26,23,13) (S 57,13,23) (S 62,18,18) (D 1,1,1)
0 1 19 28 49 5 (D 1,1,1) (S 43,10,9) (S 79,8,8) (S 84,7,7) (D 1,1,1)
0 1 20 32 38 6 (D 1,1,1) (S 8,2,8) (S 17,8,7) (S 38,2,1) (S 46,7,1) (D 1,1,1)
