892
9
7949700
1748278481
0 1 1 12 92 5 (D 1,1,1) (S 4,8,14) (S 15,8,7) (S 41,7,7) (D 1,1,1)
0 1 2 28 110 7 (D 1,1,1) (S 10,12,13) (S 12,12,6) (S 20,6,12) (S 22,17,16) (S 40,16,16) (D 1,1,1)
0 1 3 46 111 7 (D 1,1,1) (S 1,10,11) (S 5,15,21) (S 14,21,24) (S 29,24,21) (S 37,5,5) (D 1,1,1)
0 1 4 26 97 6 (D 1,1,1) (S 2,13,14) (S 7,13,17) (S 31,17,17) (S 32,3,3) (D 1,1,1)
0 1 5 77 168 9 (D 1,1,1) (S 0,19,22) (S 3,22,23) (S 13,20,23) (S 23,23,20) (S 30,23,23) (S 34,19,19) (S 36,20,20) (D 1,1,1)
0 1 6 55 141 10 (D 1,1,1) (S 6,3,9) (S 8,15,16) (S 17,12,16) (S 18,16,17) (S 21,18,14) (S 26,7,6) (S 33,12,12) (S 38,10,10) (D 1,1,1)
0 1 7 18 71 6 (D 1,1,1) (S 16,15,11) (S 19,11,5) (S 25,5,11) (S 28,1,3) (D 1,1,1)
0 1 8 13 17 4 (D 1,1,1) (S 9,1,2) (S 35,2,2) (D 1,1,1)
0 1 9 35 85 6 (D 1,1,1) (S 11,3,1) (S 24,4,5) (S 27,19,9) (S 39,9,9) (D 1,1,1)
