1579
19
64304100
1748278479
0 1 1 24 84 7 (D 1,1,1) (S 0,27,32) (S 34,32,33) (S 36,34,33) (S 83,33,33) (S 87,28,28) (D 1,1,1)
0 1 2 15 72 4 (D 1,1,1) (S 1,30,31) (S 88,31,31) (D 1,1,1)
0 1 3 19 69 6 (D 1,1,1) (S 8,16,17) (S 18,17,11) (S 80,11,11) (S 91,5,5) (D 1,1,1)
0 1 4 36 87 10 (D 1,1,1) (S 3,13,14) (S 4,20,21) (S 39,22,28) (S 49,23,28) (S 55,28,23) (S 63,23,22) (S 78,22,22) (S 79,21,21) (D 1,1,1)
0 1 5 25 77 5 (D 1,1,1) (S 31,22,15) (S 32,9,15) (S 68,15,21) (D 1,1,1)
0 1 6 24 68 7 (D 1,1,1) (S 5,9,10) (S 28,10,16) (S 59,16,10) (S 72,9,9) (S 81,3,3) (D 1,1,1)
0 1 7 32 99 5 (D 1,1,1) (S 2,28,33) (S 51,34,24) (S 82,16,16) (D 1,1,1)
0 1 8 54 106 8 (D 1,1,1) (S 10,4,11) (S 14,11,24) (S 23,24,34) (S 56,33,32) (S 66,28,22) (S 76,20,20) (D 1,1,1)
0 1 9 29 98 8 (D 1,1,1) (S 16,31,26) (S 37,26,31) (S 44,26,20) (S 67,27,26) (S 86,26,26) (S 89,13,13) (D 1,1,1)
0 1 10 60 130 8 (D 1,1,1) (S 13,19,20) (S 21,25,29) (S 22,30,29) (S 48,29,25) (S 65,25,26) (S 77,27,27) (D 1,1,1)
0 1 11 49 104 9 (D 1,1,1) (S 6,8,9) (S 7,10,11) (S 38,11,17) (S 40,17,24) (S 43,10,4) (S 85,4,4) (S 90,2,2) (D 1,1,1)
0 1 12 34 80 7 (D 1,1,1) (S 30,20,14) (S 45,14,20) (S 50,26,25) (S 54,19,12) (S 61,18,19) (D 1,1,1)
0 1 13 13 32 4 (D 1,1,1) (S 33,12,6) (S 57,1,6) (D 1,1,1)
0 1 14 52 92 9 (D 1,1,1) (S 17,12,18) (S 26,18,29) (S 29,25,19) (S 46,19,25) (S 52,25,30) (S 70,30,25) (S 71,19,19) (D 1,1,1)
0 1 15 23 73 6 (D 1,1,1) (S 19,18,12) (S 27,1,2) (S 42,4,3) (S 60,3,10) (D 1,1,1)
0 1 16 15 28 5 (D 1,1,1) (S 9,1,7) (S 20,13,7) (S 73,7,7) (D 1,1,1)
0 1 17 34 68 8 (D 1,1,1) (S 12,6,7) (S 15,8,14) (S 25,14,15) (S 53,15,14) (S 74,15,15) (S 75,8,8) (D 1,1,1)
0 1 18 33 102 7 (D 1,1,1) (S 35,13,12) (S 41,6,1) (S 47,16,15) (S 58,2,8) (S 62,2,13) (D 1,1,1)
0 1 19 43 110 7 (D 1,1,1) (S 11,4,5) (S 24,24,23) (S 64,23,24) (S 69,2,1) (S 84,6,6) (D 1,1,1)
