1088
18
49060500
1748278481
0 1 1 19 55 7 (D 1,1,1) (S 28,39,38) (S 29,38,39) (S 47,5,39) (S 73,39,39) (S 83,7,7) (D 1,1,1)
0 1 2 31 57 6 (D 1,1,1) (S 5,29,30) (S 23,30,31) (S 60,31,30) (S 67,31,31) (D 1,1,1)
0 1 3 28 59 8 (D 1,1,1) (S 0,12,17) (S 8,7,13) (S 34,18,13) (S 41,3,4) (S 50,4,3) (S 58,1,8) (D 1,1,1)
0 1 4 17 37 6 (D 1,1,1) (S 22,8,9) (S 27,10,9) (S 69,9,9) (S 80,40,40) (D 1,1,1)
0 1 5 18 29 4 (D 1,1,1) (S 13,11,16) (S 39,16,10) (D 1,1,1)
0 1 6 34 59 7 (D 1,1,1) (S 9,8,14) (S 43,15,16) (S 61,16,15) (S 72,14,14) (S 74,15,15) (D 1,1,1)
0 1 7 47 86 8 (D 1,1,1) (S 1,18,22) (S 14,22,25) (S 18,20,23) (S 35,17,13) (S 46,11,12) (S 68,12,12) (D 1,1,1)
0 1 8 45 95 8 (D 1,1,1) (S 16,13,19) (S 17,4,38) (S 21,38,37) (S 44,37,38) (S 66,37,37) (S 71,32,32) (D 1,1,1)
0 1 9 26 37 5 (D 1,1,1) (S 2,1,10) (S 38,9,8) (S 63,8,8) (D 1,1,1)
0 1 10 25 48 5 (D 1,1,1) (S 24,28,27) (S 77,34,34) (S 79,33,33) (D 1,1,1)
0 1 11 14 40 5 (D 1,1,1) (S 19,12,6) (S 59,6,7) (S 65,29,29) (D 1,1,1)
0 1 12 41 106 9 (D 1,1,1) (S 6,24,25) (S 25,22,21) (S 45,21,24) (S 48,18,17) (S 53,5,4) (S 76,13,13) (S 78,18,18) (D 1,1,1)
0 1 13 34 58 7 (D 1,1,1) (S 10,2,36) (S 12,3,7) (S 36,3,37) (S 51,37,36) (S 56,2,3) (D 1,1,1)
0 1 14 39 76 8 (D 1,1,1) (S 3,23,24) (S 49,24,21) (S 52,21,22) (S 57,21,20) (S 62,20,20) (S 70,6,6) (D 1,1,1)
0 1 15 43 62 7 (D 1,1,1) (S 4,1,33) (S 15,26,27) (S 20,27,28) (S 64,28,28) (S 84,35,35) (D 1,1,1)
0 1 16 37 66 9 (D 1,1,1) (S 7,1,35) (S 26,1,2) (S 31,36,37) (S 37,31,37) (S 42,37,3) (S 75,2,2) (S 82,11,11) (D 1,1,1)
0 1 17 21 46 7 (D 1,1,1) (S 30,2,6) (S 33,6,12) (S 40,35,34) (S 54,11,1) (S 55,1,40) (D 1,1,1)
0 1 18 40 72 5 (D 1,1,1) (S 11,27,34) (S 32,35,28) (S 81,26,26) (D 1,1,1)
