16387
26
43399192500
43399192500
0 1 1 5946 593 29 (D 0,1,1) (S 1,38,52) (S 2,52,53) (S 3,53,54) (S 4,54,41) (S 5,41,56) (S 6,56,42) (S 7,42,43) (S 8,45,44) (S 9,45,46) (S 10,46,30) (S 11,30,29) (S 12,29,13) (S 13,13,14) (S 14,14,30) (S 15,30,29) (S 16,29,13) (S 17,13,14) (S 18,14,15) (S 19,15,31) (S 20,31,30) (S 21,30,29) (S 22,29,28) (S 23,28,27) (S 24,27,26) (S 25,26,25) (S 26,25,41) (S 27,41,40) (S 28,40,39) (S 29,39,38) (D 0,1,1)
0 1 2 6458 745 36 (D 0,1,1) (S 30,38,52) (S 31,52,53) (S 32,53,39) (S 33,39,23) (S 34,23,7) (S 35,8,9) (S 36,9,10) (S 37,10,11) (S 38,11,12) (S 39,12,28) (S 40,28,27) (S 41,27,26) (S 42,26,25) (S 43,25,41) (S 44,54,41) (S 45,54,40) (S 46,40,24) (S 47,24,9) (S 48,9,10) (S 49,10,11) (S 50,11,12) (S 51,12,28) (S 52,28,27) (S 53,27,26) (S 54,26,25) (S 55,25,41) (S 56,41,40) (S 57,40,39) (S 58,39,52) (S 59,52,51) (S 60,63,51) (S 61,63,62) (S 62,62,61) (S 63,61,50) (S 64,50,37) (S 65,37,38) (D 0,1,1)
0 1 3 6850 702 33 (D 0,1,1) (S 66,38,52) (S 67,52,53) (S 68,53,54) (S 69,54,41) (S 70,41,56) (S 71,56,42) (S 72,42,43) (S 73,43,69) (S 74,69,56) (S 75,56,42) (S 76,42,43) (S 77,45,44) (S 78,45,46) (S 79,46,30) (S 80,30,29) (S 81,29,13) (S 82,13,14) (S 83,14,15) (S 84,15,31) (S 85,31,30) (S 86,30,29) (S 87,29,13) (S 88,13,14) (S 89,14,30) (S 90,30,29) (S 91,29,28) (S 92,28,27) (S 93,27,26) (S 94,26,25) (S 95,25,41) (S 96,41,40) (S 97,40,39) (S 98,39,38) (D 0,1,1)
0 1 4 3954 500 22 (D 0,1,1) (S 99,38,52) (S 100,52,51) (S 101,63,51) (S 102,63,62) (S 103,62,61) (S 104,61,60) (S 105,60,48) (S 106,48,49) (S 107,49,35) (S 108,35,34) (S 109,34,48) (S 110,48,49) (S 111,49,50) (S 112,50,36) (S 113,36,20) (S 114,20,19) (S 115,19,4) (S 116,4,5) (S 117,5,6) (S 118,6,21) (S 119,21,37) (S 120,37,38) (D 0,1,1)
0 1 5 4275 477 22 (D 0,1,1) (S 121,38,52) (S 122,52,53) (S 123,53,54) (S 124,54,41) (S 125,41,56) (S 126,56,42) (S 127,42,43) (S 128,45,44) (S 129,45,46) (S 130,46,47) (S 131,47,58) (S 132,58,57) (S 133,57,45) (S 134,45,29) (S 135,29,28) (S 136,28,27) (S 137,27,26) (S 138,26,25) (S 139,25,41) (S 140,41,40) (S 141,40,39) (S 142,39,38) (D 0,1,1)
0 1 6 9552 1249 57 (D 0,1,1) (S 143,38,52) (S 144,52,51) (S 145,63,51) (S 146,63,62) (S 147,62,50) (S 148,50,36) (S 149,36,35) (S 150,35,34) (S 151,34,48) (S 152,34,48) (S 153,34,18) (S 154,18,17) (S 155,17,16) (S 156,16,1) (S 157,1,2) (S 158,2,3) (S 159,3,4) (S 160,4,5) (S 161,20,5) (S 162,20,35) (S 163,35,34) (S 164,34,18) (S 165,18,17) (S 166,17,16) (S 167,16,1) (S 168,1,2) (S 169,2,3) (S 170,3,4) (S 171,4,5) (S 172,5,6) (S 173,6,7) (S 174,8,9) (S 175,9,10) (S 176,10,11) (S 177,11,12) (S 178,12,28) (S 179,28,27) (S 180,27,26) (S 181,26,42) (S 182,42,41) (S 183,41,40) (S 184,40,24) (S 185,24,9) (S 186,9,10) (S 187,10,11) (S 188,11,12) (S 189,12,28) (S 190,28,27) (S 191,27,26) (S 192,26,25) (S 193,25,41) (S 194,41,40) (S 195,40,39) (S 196,39,22) (S 197,22,21) (S 198,21,37) (S 199,37,38) (D 0,1,1)
0 1 7 8696 989 46 (D 0,1,1) (S 200,38,52) (S 201,52,53) (S 202,53,54) (S 203,54,41) (S 204,41,56) (S 205,56,42) (S 206,42,43) (S 207,45,44) (S 208,45,46) (S 209,46,47) (S 210,47,58) (S 211,58,57) (S 212,57,70) (S 213,70,71) (S 214,71,58) (S 215,58,57) (S 216,57,45) (S 217,45,29) (S 218,29,13) (S 219,13,14) (S 220,14,30) (S 221,30,29) (S 222,29,28) (S 223,28,27) (S 224,27,26) (S 225,26,25) (S 226,25,9) (S 227,9,10) (S 228,10,11) (S 229,11,12) (S 230,12,28) (S 231,28,27) (S 232,27,26) (S 233,26,25) (S 234,25,41) (S 235,41,56) (S 236,56,42) (S 237,42,43) (S 238,44,28) (S 239,28,27) (S 240,27,26) (S 241,26,25) (S 242,25,41) (S 243,41,40) (S 244,40,39) (S 245,39,38) (D 0,1,1)
0 1 8 2453 317 14 (D 0,1,1) (S 246,38,52) (S 247,52,51) (S 248,63,51) (S 249,63,64) (S 250,53,54) (S 251,54,41) (S 252,41,55) (S 253,55,67) (S 254,67,66) (S 255,66,65) (S 256,54,65) (S 257,54,40) (S 258,40,39) (S 259,39,38) (D 0,1,1)
0 1 9 2921 353 15 (D 0,1,1) (S 260,38,52) (S 261,52,51) (S 262,63,51) (S 263,63,62) (S 264,62,50) (S 265,52,53) (S 266,53,54) (S 267,54,40) (S 268,40,39) (S 269,39,23) (S 270,39,23) (S 271,39,22) (S 272,22,21) (S 273,21,37) (S 274,37,38) (D 0,1,1)
0 1 10 8136 895 46 (D 0,1,1) (S 275,38,52) (S 276,52,53) (S 277,53,54) (S 278,54,40) (S 279,40,24) (S 280,24,9) (S 281,9,10) (S 282,10,11) (S 283,11,12) (S 284,12,13) (S 285,13,14) (S 286,14,30) (S 287,30,29) (S 288,29,28) (S 289,28,27) (S 290,27,11) (S 291,11,12) (S 292,12,28) (S 293,28,27) (S 294,27,11) (S 295,11,12) (S 296,12,28) (S 297,28,27) (S 298,27,11) (S 299,11,12) (S 300,12,28) (S 301,28,27) (S 302,27,11) (S 303,11,12) (S 304,12,28) (S 305,28,27) (S 306,27,26) (S 307,26,42) (S 308,42,43) (S 309,44,28) (S 310,28,27) (S 311,27,26) (S 312,26,25) (S 313,25,41) (S 314,41,55) (S 315,55,67) (S 316,67,66) (S 317,66,65) (S 318,65,53) (S 319,53,39) (S 320,39,38) (D 0,1,1)
0 1 11 2936 304 14 (D 0,1,1) (S 321,38,52) (S 322,52,53) (S 323,65,53) (S 324,54,65) (S 325,54,55) (S 326,55,67) (S 327,67,68) (S 328,68,56) (S 329,56,42) (S 330,42,41) (S 331,41,40) (S 332,40,24) (S 333,24,39) (S 334,39,38) (D 0,1,1)
0 1 12 5725 644 30 (D 0,1,1) (S 335,38,52) (S 336,52,53) (S 337,53,54) (S 338,54,66) (S 339,66,65) (S 340,54,65) (S 341,54,41) (S 342,41,56) (S 343,56,42) (S 344,42,43) (S 345,45,44) (S 346,45,29) (S 347,29,28) (S 348,28,27) (S 349,27,26) (S 350,26,25) (S 351,25,9) (S 352,9,10) (S 353,10,11) (S 354,11,12) (S 355,12,28) (S 356,28,27) (S 357,27,43) (S 358,43,69) (S 359,69,56) (S 360,56,42) (S 361,42,41) (S 362,41,40) (S 363,40,39) (S 364,39,38) (D 0,1,1)
0 1 13 8464 896 45 (D 0,1,1) (S 365,38,52) (S 366,52,53) (S 367,53,54) (S 368,54,66) (S 369,66,65) (S 370,54,65) (S 371,54,40) (S 372,40,24) (S 373,24,9) (S 374,9,10) (S 375,10,11) (S 376,11,12) (S 377,12,28) (S 378,28,27) (S 379,27,43) (S 380,43,69) (S 381,69,56) (S 382,56,42) (S 383,42,41) (S 384,41,40) (S 385,40,24) (S 386,24,9) (S 387,9,10) (S 388,10,11) (S 389,11,12) (S 390,12,28) (S 391,28,27) (S 392,27,26) (S 393,26,25) (S 394,25,41) (S 395,41,55) (S 396,55,67) (S 397,67,68) (S 398,68,56) (S 399,56,42) (S 400,42,41) (S 401,41,55) (S 402,55,67) (S 403,67,68) (S 404,68,56) (S 405,56,42) (S 406,42,41) (S 407,41,40) (S 408,40,39) (S 409,39,38) (D 0,1,1)
0 1 14 2234 266 11 (D 0,1,1) (S 410,38,52) (S 411,52,51) (S 412,63,51) (S 413,63,62) (S 414,62,61) (S 415,61,60) (S 416,60,48) (S 417,48,49) (S 418,49,50) (S 419,50,37) (S 420,37,38) (D 0,1,1)
0 1 15 1686 154 7 (D 0,1,1) (S 421,38,52) (S 422,52,53) (S 423,52,53) (S 424,63,52) (S 425,63,51) (S 426,51,37) (S 427,37,38) (D 0,1,1)
0 1 16 4694 497 23 (D 0,1,1) (S 428,38,52) (S 429,52,53) (S 430,53,39) (S 431,39,22) (S 432,22,21) (S 433,21,20) (S 434,20,19) (S 435,19,4) (S 436,4,5) (S 437,5,6) (S 438,6,20) (S 439,20,35) (S 440,35,34) (S 441,34,48) (S 442,48,49) (S 443,49,50) (S 444,50,51) (S 445,63,51) (S 446,63,62) (S 447,62,50) (S 448,50,36) (S 449,36,37) (S 450,37,38) (D 0,1,1)
0 1 17 4842 696 28 (D 0,1,1) (S 451,38,52) (S 452,52,51) (S 453,63,51) (S 454,63,62) (S 455,62,61) (S 456,34,18) (S 457,18,17) (S 458,17,16) (S 459,16,32) (S 460,32,33) (S 461,17,16) (S 462,16,32) (S 463,32,59) (S 464,59,60) (S 465,60,48) (S 466,34,48) (S 467,34,18) (S 468,18,17) (S 469,17,16) (S 470,16,1) (S 471,1,2) (S 472,2,3) (S 473,3,4) (S 474,4,5) (S 475,5,6) (S 476,6,21) (S 477,21,37) (S 478,37,38) (D 0,1,1)
0 1 18 1440 144 7 (D 0,1,1) (S 479,38,52) (S 480,52,53) (S 481,53,39) (S 482,39,22) (S 483,22,21) (S 484,21,37) (S 485,37,38) (D 0,1,1)
0 1 19 7833 924 43 (D 0,1,1) (S 486,38,52) (S 487,52,51) (S 488,63,51) (S 489,63,62) (S 490,62,50) (S 491,50,36) (S 492,36,35) (S 493,35,34) (S 494,34,18) (S 495,18,17) (S 496,17,16) (S 497,16,1) (S 498,1,2) (S 499,2,17) (S 500,17,16) (S 501,16,1) (S 502,1,2) (S 503,2,17) (S 504,17,16) (S 505,16,1) (S 506,1,2) (S 507,2,17) (S 508,17,16) (S 509,16,32) (S 510,32,33) (S 511,17,16) (S 512,16,32) (S 513,32,59) (S 514,59,60) (S 515,60,48) (S 516,34,48) (S 517,34,18) (S 518,18,17) (S 519,17,16) (S 520,16,1) (S 521,1,2) (S 522,2,3) (S 523,3,4) (S 524,4,5) (S 525,5,6) (S 526,6,21) (S 527,21,37) (S 528,37,38) (D 0,1,1)
0 1 20 2822 186 10 (D 0,1,1) (S 529,38,52) (S 530,52,53) (S 531,52,53) (S 532,52,51) (S 533,63,51) (S 534,63,62) (S 535,62,50) (S 536,50,36) (S 537,36,37) (S 538,37,38) (D 0,1,1)
0 1 21 6414 779 36 (D 0,1,1) (S 539,38,52) (S 540,52,53) (S 541,53,39) (S 542,39,22) (S 543,22,23) (S 544,23,7) (S 545,8,9) (S 546,9,10) (S 547,10,11) (S 548,11,12) (S 549,12,28) (S 550,28,27) (S 551,27,43) (S 552,45,44) (S 553,57,45) (S 554,57,70) (S 555,70,69) (S 556,69,56) (S 557,56,42) (S 558,42,41) (S 559,41,40) (S 560,40,39) (S 561,39,23) (S 562,23,7) (S 563,8,9) (S 564,9,10) (S 565,10,11) (S 566,11,12) (S 567,12,28) (S 568,28,27) (S 569,27,26) (S 570,26,25) (S 571,25,41) (S 572,41,40) (S 573,40,39) (S 574,39,38) (D 0,1,1)
0 1 22 3719 426 19 (D 0,1,1) (S 575,38,52) (S 576,52,53) (S 577,53,39) (S 578,39,22) (S 579,22,21) (S 580,21,20) (S 581,20,19) (S 582,19,4) (S 583,4,5) (S 584,5,6) (S 585,6,20) (S 586,20,35) (S 587,35,34) (S 588,34,48) (S 589,48,49) (S 590,49,50) (S 591,50,36) (S 592,36,37) (S 593,37,38) (D 0,1,1)
0 1 23 3753 350 16 (D 0,1,1) (S 594,38,52) (S 595,52,53) (S 596,53,54) (S 597,54,41) (S 598,41,56) (S 599,56,42) (S 600,42,43) (S 601,43,69) (S 602,69,68) (S 603,68,56) (S 604,56,42) (S 605,42,41) (S 606,41,40) (S 607,40,24) (S 608,24,39) (S 609,39,38) (D 0,1,1)
0 1 24 6034 623 28 (D 0,1,1) (S 610,38,52) (S 611,52,53) (S 612,53,54) (S 613,54,41) (S 614,41,56) (S 615,56,42) (S 616,42,43) (S 617,45,44) (S 618,45,46) (S 619,46,47) (S 620,47,58) (S 621,58,57) (S 622,57,70) (S 623,70,71) (S 624,71,58) (S 625,58,57) (S 626,57,45) (S 627,45,46) (S 628,46,30) (S 629,30,29) (S 630,29,28) (S 631,28,27) (S 632,27,26) (S 633,26,25) (S 634,25,41) (S 635,41,40) (S 636,40,39) (S 637,39,38) (D 0,1,1)
0 1 25 2236 264 13 (D 0,1,1) (S 638,38,52) (S 639,52,53) (S 640,53,54) (S 641,54,66) (S 642,66,65) (S 643,54,65) (S 644,54,41) (S 645,41,56) (S 646,56,42) (S 647,42,41) (S 648,41,40) (S 649,40,39) (S 650,39,38) (D 0,1,1)
0 1 26 4739 534 26 (D 0,1,1) (S 651,38,52) (S 652,52,51) (S 653,63,51) (S 654,63,62) (S 655,62,50) (S 656,50,36) (S 657,36,35) (S 658,35,34) (S 659,34,18) (S 660,18,17) (S 661,17,16) (S 662,16,1) (S 663,1,2) (S 664,2,3) (S 665,3,4) (S 666,4,5) (S 667,5,6) (S 668,6,21) (S 669,21,37) (S 670,37,38) (S 671,38,52) (S 672,52,53) (S 673,53,54) (S 674,54,40) (S 675,40,39) (S 676,39,38) (D 0,1,1)
