787
12
6366612300
6366612300
0 1 1 124 48 20 (D 0,1,1) (S 1,1,6) (S 2,6,13) (S 3,13,21) (S 4,20,21) (S 5,19,20) (S 6,19,26) (S 7,26,29) (S 8,26,29) (S 9,26,30) (S 10,27,30) (S 11,27,36) (S 12,35,36) (S 13,34,35) (S 14,30,34) (S 15,26,30) (S 16,19,26) (S 17,11,19) (S 18,11,12) (S 19,6,12) (S 20,1,6) (D 0,1,1)
0 1 2 132 57 18 (D 0,1,1) (S 21,1,6) (S 22,6,13) (S 23,13,21) (S 24,21,27) (S 25,27,31) (S 26,31,37) (S 27,37,43) (S 28,38,43) (S 29,32,38) (S 30,24,32) (S 31,28,32) (S 32,31,32) (S 33,23,31) (S 34,15,23) (S 35,14,15) (S 36,13,14) (S 37,6,13) (S 38,1,6) (D 0,1,1)
0 1 3 182 69 33 (D 0,1,1) (S 39,1,6) (S 40,6,12) (S 41,11,12) (S 42,11,19) (S 43,19,26) (S 44,26,30) (S 45,30,34) (S 46,34,35) (S 47,35,36) (S 48,36,37) (S 49,32,37) (S 50,32,37) (S 51,37,43) (S 52,43,45) (S 53,45,50) (S 54,44,50) (S 55,42,44) (S 56,42,44) (S 57,44,49) (S 58,41,49) (S 59,41,48) (S 60,47,48) (S 61,46,47) (S 62,46,47) (S 63,40,47) (S 64,34,40) (S 65,30,34) (S 66,26,30) (S 67,19,26) (S 68,11,19) (S 69,11,12) (S 70,6,12) (S 71,1,6) (D 0,1,1)
0 1 4 158 61 26 (D 0,1,1) (S 72,1,6) (S 73,6,12) (S 74,11,12) (S 75,11,19) (S 76,19,26) (S 77,26,29) (S 78,30,34) (S 79,34,35) (S 80,35,36) (S 81,35,36) (S 82,35,41) (S 83,41,48) (S 84,47,48) (S 85,46,47) (S 86,33,46) (S 87,33,39) (S 88,33,39) (S 89,33,40) (S 90,34,40) (S 91,30,34) (S 92,26,30) (S 93,19,26) (S 94,11,19) (S 95,11,12) (S 96,6,12) (S 97,1,6) (D 0,1,1)
0 1 5 61 22 9 (D 0,1,1) (S 98,1,6) (S 99,6,13) (S 100,12,13) (S 101,11,12) (S 102,5,11) (S 103,5,11) (S 104,11,12) (S 105,6,12) (S 106,1,6) (D 0,1,1)
0 1 6 126 58 19 (D 0,1,1) (S 107,1,6) (S 108,6,7) (S 109,2,7) (S 110,8,9) (S 111,3,9) (S 112,3,4) (S 113,4,10) (S 114,4,10) (S 115,3,4) (S 116,3,9) (S 117,9,15) (S 118,15,23) (S 119,22,23) (S 120,22,23) (S 121,15,23) (S 122,14,15) (S 123,13,14) (S 124,6,13) (S 125,1,6) (D 0,1,1)
0 1 7 85 34 12 (D 0,1,1) (S 126,1,6) (S 127,6,12) (S 128,11,12) (S 129,5,11) (S 130,5,11) (S 131,11,19) (S 132,19,20) (S 133,12,20) (S 134,12,13) (S 135,13,14) (S 136,6,7) (S 137,1,6) (D 0,1,1)
0 1 8 72 40 12 (D 0,1,1) (S 138,19,20) (S 139,18,19) (S 140,18,19) (S 141,11,19) (S 142,5,11) (S 143,26,29) (S 144,26,29) (S 145,26,30) (S 146,27,30) (S 147,21,27) (S 148,6,12) (S 149,1,6) (D 0,1,1)
0 1 9 66 44 9 (D 0,1,1) (S 150,1,6) (S 151,6,7) (S 152,14,15) (S 153,23,31) (S 154,22,23) (S 155,21,22) (S 156,13,21) (S 157,6,13) (S 158,1,6) (D 0,1,1)
0 1 10 158 58 26 (D 0,1,1) (S 159,1,6) (S 160,6,13) (S 161,13,14) (S 162,14,15) (S 163,15,23) (S 164,23,31) (S 165,31,37) (S 166,37,43) (S 167,38,43) (S 168,38,43) (S 169,43,45) (S 170,45,50) (S 171,44,50) (S 172,42,44) (S 173,36,42) (S 174,36,42) (S 175,41,49) (S 176,40,41) (S 177,34,40) (S 178,30,34) (S 179,26,30) (S 180,19,26) (S 181,11,19) (S 182,11,12) (S 183,6,12) (S 184,1,6) (D 0,1,1)
0 1 11 162 59 23 (D 0,1,1) (S 185,1,6) (S 186,6,13) (S 187,13,14) (S 188,14,15) (S 189,15,23) (S 190,23,31) (S 191,31,37) (S 192,32,37) (S 193,31,32) (S 194,23,31) (S 195,15,23) (S 196,9,15) (S 197,9,15) (S 198,15,16) (S 199,16,24) (S 200,24,25) (S 201,17,25) (S 202,16,17) (S 203,15,16) (S 204,14,15) (S 205,13,14) (S 206,6,13) (S 207,1,6) (D 0,1,1)
0 1 12 118 45 18 (D 0,1,1) (S 208,1,6) (S 209,6,12) (S 210,11,12) (S 211,5,11) (S 212,12,13) (S 213,13,14) (S 214,14,15) (S 215,15,16) (S 216,9,16) (S 217,8,9) (S 218,7,8) (S 219,2,7) (S 220,2,7) (S 221,7,8) (S 222,8,14) (S 223,13,14) (S 224,6,13) (S 225,1,6) (D 0,1,1)
