706
8
63817263900
1750779104
0 1 1 183 79 24 (D 1,1,1) (S 3,1,33) (S 157,33,33) (S 111,33,34) (S 116,34,27) (S 73,27,34) (S 84,34,33) (S 101,33,26) (S 35,26,33) (S 93,33,1) (S 1,1,2) (S 133,2,2) (S 42,2,36) (S 40,36,35) (S 80,35,28) (S 17,28,27) (S 140,27,27) (S 6,27,28) (S 152,28,28) (S 28,27,26) (S 99,26,34) (S 138,34,34) (S 13,34,35) (D 1,1,1)
0 1 2 197 133 28 (D 1,1,1) (S 88,29,30) (S 132,30,30) (S 66,38,31) (S 50,31,37) (S 91,37,3) (S 94,3,7) (S 160,7,7) (S 63,36,37) (S 115,37,36) (S 104,36,29) (S 139,29,29) (S 16,29,36) (S 33,2,3) (S 154,3,3) (S 15,37,31) (S 36,31,38) (S 103,38,37) (S 38,35,34) (S 106,34,26) (S 121,26,27) (S 119,28,35) (S 143,35,35) (S 14,35,36) (S 39,36,2) (S 147,6,6) (S 18,6,2) (D 1,1,1)
0 1 3 45 24 7 (D 1,1,1) (S 30,1,10) (S 135,10,10) (S 43,10,1) (S 2,1,40) (S 53,40,1) (D 1,1,1)
0 1 4 179 89 29 (D 1,1,1) (S 67,1,35) (S 109,35,1) (S 81,1,6) (S 126,6,7) (S 98,7,13) (S 129,13,7) (S 117,7,3) (S 23,6,12) (S 21,17,18) (S 4,18,22) (S 72,22,21) (S 125,21,22) (S 85,22,18) (S 46,18,13) (S 44,7,6) (S 55,12,13) (S 142,13,13) (S 60,13,18) (S 149,18,18) (S 113,18,19) (S 153,19,19) (S 89,19,18) (S 47,18,17) (S 19,17,12) (S 159,12,12) (S 65,12,6) (S 114,6,1) (D 1,1,1)
0 1 5 83 34 11 (D 1,1,1) (S 78,1,11) (S 158,11,11) (S 130,11,1) (S 51,1,8) (S 107,8,40) (S 41,40,8) (S 102,8,9) (S 82,9,8) (S 131,8,1) (D 1,1,1)
0 1 6 190 123 31 (D 1,1,1) (S 128,13,17) (S 123,17,20) (S 87,20,21) (S 52,21,24) (S 34,24,21) (S 100,21,20) (S 62,20,17) (S 37,30,31) (S 31,31,32) (S 118,32,39) (S 29,39,5) (S 141,5,5) (S 20,5,4) (S 57,4,3) (S 105,13,19) (S 8,19,13) (S 83,13,12) (S 10,12,11) (S 112,11,12) (S 92,12,17) (S 161,17,17) (S 95,17,13) (S 49,3,37) (S 136,37,37) (S 86,37,38) (S 25,38,4) (S 151,4,4) (S 56,3,2) (S 127,2,1) (D 1,1,1)
0 1 7 178 160 33 (D 1,1,1) (S 155,22,22) (S 12,22,25) (S 146,25,25) (S 75,25,22) (S 27,20,23) (S 76,23,24) (S 58,24,25) (S 137,21,21) (S 150,20,20) (S 22,3,4) (S 74,4,5) (S 120,5,39) (S 71,39,38) (S 110,37,30) (S 68,30,37) (S 64,25,24) (S 90,24,23) (S 122,23,20) (S 79,11,16) (S 96,16,15) (S 124,15,9) (S 45,10,16) (S 69,16,10) (S 108,10,9) (S 70,9,10) (S 0,8,14) (S 97,14,15) (S 24,15,14) (S 144,14,14) (S 61,14,8) (S 134,8,8) (D 1,1,1)
0 1 8 93 64 15 (D 1,1,1) (S 54,9,15) (S 145,15,15) (S 48,15,16) (S 26,16,11) (S 11,4,38) (S 5,38,39) (S 148,39,39) (S 77,39,32) (S 156,32,32) (S 9,32,31) (S 59,31,30) (S 32,30,29) (S 7,2,6) (D 1,1,1)
