39272
19
99144000
1748275971
0 1 1 1414 2423 8 (D 11,1,1) (S 19,70,70) (S 20,64,64) (S 21,84,84) (S 41,83,83) (S 58,63,63) (S 92,94,94) (D 11,1,1)
0 1 2 1438 2768 10 (D 11,1,1) (S 16,62,62) (S 28,51,51) (S 34,47,47) (S 36,92,92) (S 77,82,82) (S 79,61,61) (S 88,40,40) (S 89,93,93) (D 11,1,1)
0 1 3 977 1648 7 (D 11,1,1) (S 0,76,76) (S 9,66,66) (S 38,87,87) (S 86,85,85) (S 87,32,32) (D 11,1,1)
0 1 4 1363 2051 6 (D 11,1,1) (S 31,48,48) (S 35,68,68) (S 43,81,81) (S 76,71,71) (D 11,1,1)
0 1 5 1096 1959 9 (D 11,1,1) (S 2,27,27) (S 12,15,15) (S 29,17,17) (S 40,41,41) (S 53,60,60) (S 82,49,49) (S 85,7,7) (D 11,1,1)
0 1 6 934 1656 7 (D 11,1,1) (S 8,73,73) (S 25,52,52) (S 61,74,74) (S 68,75,75) (S 91,89,89) (D 11,1,1)
0 1 7 1425 2139 8 (D 11,1,1) (S 1,20,20) (S 6,31,31) (S 48,30,30) (S 56,42,42) (S 73,50,50) (S 78,28,28) (D 11,1,1)
0 1 8 1062 1578 6 (D 11,1,1) (S 10,24,24) (S 11,67,67) (S 74,58,58) (S 81,14,14) (D 11,1,1)
0 1 9 1593 2367 6 (D 11,1,1) (S 13,59,59) (S 32,91,91) (S 59,80,80) (S 66,88,88) (D 11,1,1)
0 1 10 1580 2191 6 (D 11,1,1) (S 17,19,19) (S 46,9,9) (S 71,8,8) (S 90,18,18) (D 11,1,1)
0 1 11 1200 1928 5 (D 11,1,1) (S 14,39,39) (S 69,29,29) (S 72,43,43) (D 11,1,1)
0 1 12 1557 2191 8 (D 11,1,1) (S 4,16,16) (S 22,4,4) (S 24,13,13) (S 60,26,26) (S 64,37,37) (S 80,38,38) (D 11,1,1)
0 1 13 1615 2204 7 (D 11,1,1) (S 5,69,69) (S 51,79,79) (S 54,78,78) (S 65,77,77) (S 67,53,53) (D 11,1,1)
0 1 14 1600 2468 8 (D 11,1,1) (S 15,86,86) (S 23,10,10) (S 27,21,21) (S 33,23,23) (S 50,34,34) (S 52,46,46) (D 11,1,1)
0 1 15 1612 2120 6 (D 11,1,1) (S 18,65,65) (S 45,44,44) (S 57,57,57) (S 75,35,35) (D 11,1,1)
0 1 16 1515 2106 8 (D 11,1,1) (S 3,72,72) (S 7,56,56) (S 30,55,55) (S 70,45,45) (S 83,36,36) (S 84,12,12) (D 11,1,1)
0 1 17 1394 1909 6 (D 11,1,1) (S 39,1,1) (S 42,33,33) (S 49,22,22) (S 63,54,54) (D 11,1,1)
0 1 18 967 1700 4 (D 11,1,1) (S 37,6,6) (S 44,90,90) (D 11,1,1)
0 1 19 1423 1866 6 (D 11,1,1) (S 26,3,3) (S 47,5,5) (S 55,25,25) (S 62,2,2) (D 11,1,1)
