541
12
7292400
1748278478
0 1 1 24 32 3 (D 1,1,1) (S 29,4,4) (D 1,1,1)
0 1 2 17 31 3 (D 1,1,1) (S 34,6,6) (D 1,1,1)
0 1 3 25 61 7 (D 1,1,1) (S 2,21,23) (S 9,22,25) (S 12,14,20) (S 16,20,21) (S 39,21,21) (D 1,1,1)
0 1 4 17 49 8 (D 1,1,1) (S 1,4,19) (S 18,12,13) (S 19,13,14) (S 23,14,21) (S 32,18,18) (S 38,16,16) (D 1,1,1)
0 1 5 11 39 6 (D 1,1,1) (S 4,6,8) (S 20,6,7) (S 26,3,6) (S 37,5,5) (D 1,1,1)
0 1 6 26 51 7 (D 1,1,1) (S 7,18,21) (S 11,21,25) (S 17,25,26) (S 25,23,26) (S 31,8,8) (D 1,1,1)
0 1 7 23 51 5 (D 1,1,1) (S 0,26,27) (S 8,22,23) (S 40,23,23) (D 1,1,1)
0 1 8 21 48 5 (D 1,1,1) (S 3,15,17) (S 15,15,20) (S 27,14,14) (D 1,1,1)
0 1 9 25 56 6 (D 1,1,1) (S 6,10,11) (S 14,7,11) (S 21,3,4) (S 22,5,6) (D 1,1,1)
0 1 10 24 46 7 (D 1,1,1) (S 5,12,19) (S 10,1,27) (S 13,1,15) (S 33,13,13) (S 36,19,19) (D 1,1,1)
0 1 11 26 47 4 (D 1,1,1) (S 28,3,3) (S 30,24,24) (D 1,1,1)
0 1 12 19 30 4 (D 1,1,1) (S 24,1,17) (S 35,2,2) (D 1,1,1)
