1385
16
60141900
1748278484
0 1 1 42 86 6 (D 1,1,1) (S 2,21,22) (S 51,22,28) (S 54,28,27) (S 66,27,27) (D 1,1,1)
0 1 2 26 107 7 (D 1,1,1) (S 0,17,20) (S 35,20,27) (S 50,37,33) (S 56,37,37) (S 79,36,36) (D 1,1,1)
0 1 3 23 63 7 (D 1,1,1) (S 8,5,11) (S 9,16,19) (S 32,19,26) (S 53,25,24) (S 69,14,14) (D 1,1,1)
0 1 4 66 157 11 (D 1,1,1) (S 5,34,35) (S 10,35,36) (S 29,39,35) (S 39,38,39) (S 40,39,38) (S 41,39,36) (S 48,36,40) (S 62,40,40) (S 70,20,20) (D 1,1,1)
0 1 5 23 40 7 (D 1,1,1) (S 14,1,2) (S 18,3,9) (S 28,15,14) (S 43,14,13) (S 77,13,13) (D 1,1,1)
0 1 6 60 101 8 (D 1,1,1) (S 7,17,18) (S 16,18,22) (S 26,27,26) (S 49,26,25) (S 71,25,25) (S 78,23,23) (D 1,1,1)
0 1 7 16 44 7 (D 1,1,1) (S 23,11,10) (S 31,10,11) (S 45,11,16) (S 46,7,8) (S 76,8,8) (D 1,1,1)
0 1 8 71 176 10 (D 1,1,1) (S 4,21,27) (S 6,32,36) (S 19,33,37) (S 22,37,41) (S 65,41,41) (S 73,34,34) (S 80,35,35) (S 81,30,30) (D 1,1,1)
0 1 9 25 69 6 (D 1,1,1) (S 12,5,6) (S 20,12,6) (S 42,4,10) (S 75,10,10) (D 1,1,1)
0 1 10 33 68 6 (D 1,1,1) (S 33,12,11) (S 37,11,17) (S 57,11,11) (S 58,15,15) (D 1,1,1)
0 1 11 28 43 6 (D 1,1,1) (S 24,10,9) (S 25,9,14) (S 52,14,9) (S 67,7,7) (D 1,1,1)
0 1 12 34 45 8 (D 1,1,1) (S 11,2,8) (S 13,8,9) (S 17,9,10) (S 21,15,10) (S 30,10,4) (S 72,4,4) (D 1,1,1)
0 1 13 63 111 6 (D 1,1,1) (S 15,26,32) (S 34,32,31) (S 60,31,31) (S 61,24,24) (D 1,1,1)
0 1 14 30 89 6 (D 1,1,1) (S 36,16,17) (S 38,33,27) (S 47,27,20) (S 74,17,17) (D 1,1,1)
0 1 15 47 99 7 (D 1,1,1) (S 3,13,23) (S 27,25,26) (S 59,26,26) (S 63,16,16) (S 64,3,3) (D 1,1,1)
0 1 16 40 87 6 (D 1,1,1) (S 1,14,23) (S 44,29,34) (S 55,13,7) (S 68,2,2) (D 1,1,1)
