1307
26
137566200
1748278482
0 1 1 26 68 7 (D 1,1,1) (S 4,41,42) (S 24,42,43) (S 57,43,48) (S 82,48,49) (S 117,48,48) (D 1,1,1)
0 1 2 15 40 7 (D 1,1,1) (S 14,21,26) (S 27,26,25) (S 46,25,33) (S 55,33,25) (S 104,34,34) (D 1,1,1)
0 1 3 32 76 6 (D 1,1,1) (S 0,45,48) (S 10,45,50) (S 30,45,49) (S 93,49,49) (D 1,1,1)
0 1 4 41 74 10 (D 1,1,1) (S 6,28,29) (S 13,30,38) (S 19,46,50) (S 26,50,49) (S 34,49,50) (S 86,46,45) (S 90,43,44) (S 114,44,44) (D 1,1,1)
0 1 5 40 74 7 (D 1,1,1) (S 1,38,46) (S 28,45,44) (S 36,44,43) (S 94,43,43) (S 101,35,35) (D 1,1,1)
0 1 6 18 30 7 (D 1,1,1) (S 16,15,24) (S 31,24,29) (S 62,29,37) (S 79,37,29) (S 116,29,29) (D 1,1,1)
0 1 7 16 29 5 (D 1,1,1) (S 37,13,22) (S 48,22,13) (S 87,13,8) (D 1,1,1)
0 1 8 15 29 5 (D 1,1,1) (S 38,11,6) (S 49,6,11) (S 103,11,11) (D 1,1,1)
0 1 9 16 41 5 (D 1,1,1) (S 39,3,4) (S 77,7,12) (S 110,4,4) (D 1,1,1)
0 1 10 32 61 8 (D 1,1,1) (S 25,20,21) (S 33,25,20) (S 35,20,25) (S 40,25,26) (S 92,26,26) (S 112,33,33) (D 1,1,1)
0 1 11 15 26 7 (D 1,1,1) (S 18,14,23) (S 29,24,23) (S 67,23,29) (S 83,29,23) (S 108,23,23) (D 1,1,1)
0 1 12 7 13 4 (D 1,1,1) (S 50,9,1) (S 85,1,9) (D 1,1,1)
0 1 13 24 52 6 (D 1,1,1) (S 8,26,34) (S 21,34,42) (S 23,21,22) (S 118,22,22) (D 1,1,1)
0 1 14 18 34 6 (D 1,1,1) (S 45,5,6) (S 53,3,2) (S 91,2,2) (S 100,3,3) (D 1,1,1)
0 1 15 56 109 10 (D 1,1,1) (S 41,32,19) (S 47,19,32) (S 51,47,40) (S 60,31,39) (S 73,39,31) (S 95,31,31) (S 102,47,47) (S 121,39,39) (D 1,1,1)
0 1 16 41 80 7 (D 1,1,1) (S 3,28,36) (S 15,36,44) (S 17,32,40) (S 99,32,32) (S 119,17,17) (D 1,1,1)
0 1 17 24 46 7 (D 1,1,1) (S 22,12,19) (S 42,12,11) (S 56,11,12) (S 107,12,12) (S 120,6,6) (D 1,1,1)
0 1 18 11 29 5 (D 1,1,1) (S 43,29,24) (S 105,24,24) (S 106,16,16) (D 1,1,1)
0 1 19 14 28 6 (D 1,1,1) (S 5,14,15) (S 68,15,23) (S 81,23,24) (S 84,1,16) (D 1,1,1)
0 1 20 19 28 6 (D 1,1,1) (S 12,9,14) (S 59,14,22) (S 80,13,9) (S 115,9,9) (D 1,1,1)
0 1 21 41 72 7 (D 1,1,1) (S 7,17,24) (S 44,39,40) (S 64,30,17) (S 75,17,30) (S 96,30,30) (D 1,1,1)
0 1 22 16 39 5 (D 1,1,1) (S 52,28,22) (S 69,8,13) (S 97,13,13) (D 1,1,1)
0 1 23 19 46 7 (D 1,1,1) (S 20,1,15) (S 32,39,30) (S 61,36,38) (S 111,37,37) (S 113,38,38) (D 1,1,1)
0 1 24 18 34 5 (D 1,1,1) (S 54,1,5) (S 70,15,16) (S 78,16,17) (D 1,1,1)
0 1 25 45 72 10 (D 1,1,1) (S 2,5,10) (S 11,17,18) (S 58,18,19) (S 66,17,10) (S 72,10,11) (S 88,6,5) (S 98,5,5) (S 109,10,10) (D 1,1,1)
0 1 26 35 77 9 (D 1,1,1) (S 9,22,23) (S 63,28,27) (S 65,27,28) (S 71,27,35) (S 74,8,9) (S 76,23,15) (S 89,16,15) (D 1,1,1)
