1330
20
50501700
1748278480
0 1 1 13 59 5 (D 1,1,1) (S 1,26,30) (S 52,30,25) (S 77,25,25) (D 1,1,1)
0 1 2 51 110 11 (D 1,1,1) (S 8,22,29) (S 23,24,28) (S 27,28,27) (S 32,27,28) (S 46,28,21) (S 51,21,28) (S 65,24,27) (S 68,27,24) (S 73,28,28) (D 1,1,1)
0 1 3 36 95 8 (D 1,1,1) (S 2,22,25) (S 33,22,21) (S 37,24,20) (S 56,24,21) (S 69,21,20) (S 72,20,20) (D 1,1,1)
0 1 4 15 56 5 (D 1,1,1) (S 43,26,18) (S 66,18,19) (S 79,19,19) (D 1,1,1)
0 1 5 26 66 6 (D 1,1,1) (S 0,17,18) (S 18,18,26) (S 26,26,23) (S 64,23,26) (D 1,1,1)
0 1 6 13 52 4 (D 1,1,1) (S 16,11,12) (S 60,13,17) (D 1,1,1)
0 1 7 16 49 4 (D 1,1,1) (S 12,6,11) (S 58,11,20) (D 1,1,1)
0 1 8 13 53 6 (D 1,1,1) (S 30,14,13) (S 55,13,12) (S 71,7,6) (S 86,6,6) (D 1,1,1)
0 1 9 11 34 4 (D 1,1,1) (S 38,4,5) (S 82,5,5) (D 1,1,1)
0 1 10 31 83 6 (D 1,1,1) (S 36,22,23) (S 48,22,17) (S 62,17,13) (S 81,7,7) (D 1,1,1)
0 1 11 33 62 7 (D 1,1,1) (S 17,10,9) (S 25,15,19) (S 28,19,18) (S 78,18,18) (S 87,15,15) (D 1,1,1)
0 1 12 28 64 6 (D 1,1,1) (S 10,7,8) (S 11,13,16) (S 24,16,12) (S 67,12,16) (D 1,1,1)
0 1 13 6 17 4 (D 1,1,1) (S 22,3,2) (S 80,2,2) (D 1,1,1)
0 1 14 30 85 8 (D 1,1,1) (S 39,13,14) (S 44,14,15) (S 49,10,3) (S 57,6,4) (S 61,4,6) (S 85,4,4) (D 1,1,1)
0 1 15 41 87 9 (D 1,1,1) (S 4,5,8) (S 7,16,20) (S 34,20,27) (S 53,27,20) (S 54,20,21) (S 74,21,21) (S 83,12,12) (D 1,1,1)
0 1 16 38 57 6 (D 1,1,1) (S 21,3,10) (S 35,10,19) (S 70,19,10) (S 76,9,9) (D 1,1,1)
0 1 17 43 79 7 (D 1,1,1) (S 5,8,9) (S 6,18,23) (S 9,23,30) (S 31,29,30) (S 84,30,30) (D 1,1,1)
0 1 18 41 69 8 (D 1,1,1) (S 3,8,14) (S 13,14,17) (S 40,17,16) (S 42,16,17) (S 50,15,18) (S 59,8,1) (D 1,1,1)
0 1 19 29 55 7 (D 1,1,1) (S 14,1,2) (S 15,2,9) (S 29,9,2) (S 45,1,5) (S 47,1,8) (D 1,1,1)
0 1 20 52 98 7 (D 1,1,1) (S 19,11,16) (S 20,16,21) (S 41,21,29) (S 63,29,21) (S 75,8,8) (D 1,1,1)
