736
11
10437300
1748278481
0 1 1 12 31 3 (D 1,1,1) (S 19,20,21) (D 1,1,1)
0 1 2 31 75 8 (D 1,1,1) (S 6,13,14) (S 12,8,14) (S 13,14,8) (S 18,18,17) (S 46,17,17) (S 47,12,12) (D 1,1,1)
0 1 3 41 75 6 (D 1,1,1) (S 2,2,5) (S 9,23,24) (S 27,24,21) (S 40,21,21) (D 1,1,1)
0 1 4 34 86 9 (D 1,1,1) (S 0,14,18) (S 14,17,13) (S 20,13,17) (S 31,17,16) (S 34,16,17) (S 36,11,11) (S 42,6,6) (D 1,1,1)
0 1 5 24 45 5 (D 1,1,1) (S 5,3,4) (S 28,4,5) (S 35,1,9) (D 1,1,1)
0 1 6 31 49 6 (D 1,1,1) (S 1,3,10) (S 8,3,9) (S 24,9,19) (S 37,19,19) (D 1,1,1)
0 1 7 42 77 7 (D 1,1,1) (S 4,5,11) (S 7,7,13) (S 17,17,12) (S 33,6,7) (S 43,7,7) (D 1,1,1)
0 1 8 29 51 5 (D 1,1,1) (S 10,22,23) (S 22,21,15) (S 39,20,20) (D 1,1,1)
0 1 9 31 59 6 (D 1,1,1) (S 3,6,11) (S 23,11,1) (S 38,2,2) (S 45,10,10) (D 1,1,1)
0 1 10 44 91 8 (D 1,1,1) (S 11,1,19) (S 15,20,15) (S 26,15,21) (S 29,12,11) (S 32,5,4) (S 41,5,5) (D 1,1,1)
0 1 11 39 97 7 (D 1,1,1) (S 16,6,5) (S 21,19,9) (S 25,19,20) (S 30,16,15) (S 44,15,15) (D 1,1,1)
