849
13
23537100
1748278486
0 1 1 29 78 6 (D 1,1,1) (S 1,19,22) (S 16,21,18) (S 44,19,19) (S 57,18,18) (D 1,1,1)
0 1 2 29 48 6 (D 1,1,1) (S 0,4,13) (S 23,13,19) (S 25,19,13) (S 54,13,13) (D 1,1,1)
0 1 3 23 47 6 (D 1,1,1) (S 9,23,24) (S 14,26,23) (S 35,23,26) (S 56,26,26) (D 1,1,1)
0 1 4 24 67 7 (D 1,1,1) (S 15,11,10) (S 19,16,15) (S 22,14,10) (S 37,15,15) (S 55,14,14) (D 1,1,1)
0 1 5 53 100 6 (D 1,1,1) (S 3,12,18) (S 8,19,20) (S 39,20,20) (S 52,21,21) (D 1,1,1)
0 1 6 20 38 6 (D 1,1,1) (S 18,5,31) (S 27,28,25) (S 28,25,28) (S 42,28,28) (D 1,1,1)
0 1 7 45 74 8 (D 1,1,1) (S 5,11,17) (S 13,16,17) (S 29,17,16) (S 31,10,11) (S 38,11,11) (S 47,6,6) (D 1,1,1)
0 1 8 17 28 4 (D 1,1,1) (S 26,4,3) (S 36,3,3) (D 1,1,1)
0 1 9 40 70 7 (D 1,1,1) (S 6,6,31) (S 24,28,26) (S 34,29,28) (S 40,31,31) (S 49,7,7) (D 1,1,1)
0 1 10 33 62 9 (D 1,1,1) (S 20,6,5) (S 21,27,29) (S 32,29,27) (S 33,27,24) (S 48,24,24) (S 51,29,29) (S 53,2,2) (D 1,1,1)
0 1 11 40 77 7 (D 1,1,1) (S 4,2,3) (S 7,1,2) (S 17,27,26) (S 45,23,23) (S 46,30,30) (D 1,1,1)
0 1 12 30 61 5 (D 1,1,1) (S 12,29,30) (S 30,1,31) (S 41,9,9) (D 1,1,1)
0 1 13 68 99 7 (D 1,1,1) (S 2,5,10) (S 10,10,16) (S 11,11,12) (S 43,12,12) (S 50,8,8) (D 1,1,1)
