303
10
8771100
1748278482
0 1 1 19 53 7 (D 1,1,1) (S 9,8,14) (S 10,14,8) (S 34,8,8) (S 36,14,14) (S 42,16,16) (D 1,1,1)
0 1 2 15 33 7 (D 1,1,1) (S 4,5,11) (S 7,12,13) (S 12,11,15) (S 19,15,11) (S 38,21,21) (D 1,1,1)
0 1 3 8 22 6 (D 1,1,1) (S 15,23,20) (S 21,9,10) (S 24,10,9) (S 31,19,19) (D 1,1,1)
0 1 4 9 21 4 (D 1,1,1) (S 17,24,23) (S 37,20,20) (D 1,1,1)
0 1 5 15 34 8 (D 1,1,1) (S 0,6,12) (S 6,12,16) (S 20,6,7) (S 29,7,6) (S 33,5,5) (S 39,10,10) (D 1,1,1)
0 1 6 18 37 8 (D 1,1,1) (S 2,3,9) (S 3,10,11) (S 5,13,17) (S 22,17,16) (S 27,16,17) (S 35,17,17) (D 1,1,1)
0 1 7 19 41 6 (D 1,1,1) (S 8,5,6) (S 11,18,14) (S 25,12,11) (S 32,15,15) (D 1,1,1)
0 1 8 6 12 4 (D 1,1,1) (S 18,4,3) (S 28,2,1) (D 1,1,1)
0 1 9 14 21 7 (D 1,1,1) (S 14,1,3) (S 16,3,1) (S 26,2,4) (S 30,2,2) (S 41,4,4) (D 1,1,1)
0 1 10 14 29 6 (D 1,1,1) (S 1,19,22) (S 13,19,9) (S 23,9,19) (S 40,22,22) (D 1,1,1)
