1626
20
63581100
1748278485
0 1 1 8 13 3 (D 1,1,1) (S 40,7,1) (D 1,1,1)
0 1 2 24 101 7 (D 1,1,1) (S 5,31,32) (S 33,32,36) (S 37,39,36) (S 50,40,41) (S 84,41,41) (D 1,1,1)
0 1 3 32 98 8 (D 1,1,1) (S 9,25,31) (S 10,35,39) (S 25,36,40) (S 67,40,40) (S 77,39,39) (S 80,36,36) (D 1,1,1)
0 1 4 20 79 5 (D 1,1,1) (S 3,26,27) (S 7,33,37) (S 90,33,33) (D 1,1,1)
0 1 5 14 59 4 (D 1,1,1) (S 39,26,19) (S 72,19,19) (D 1,1,1)
0 1 6 14 49 4 (D 1,1,1) (S 23,23,13) (S 86,13,13) (D 1,1,1)
0 1 7 44 93 6 (D 1,1,1) (S 0,18,22) (S 32,22,21) (S 48,27,33) (S 70,37,37) (D 1,1,1)
0 1 8 26 68 7 (D 1,1,1) (S 27,21,20) (S 30,20,27) (S 49,27,20) (S 54,20,17) (S 85,11,11) (D 1,1,1)
0 1 9 20 65 6 (D 1,1,1) (S 1,23,24) (S 15,25,26) (S 57,26,26) (S 88,24,24) (D 1,1,1)
0 1 10 30 89 8 (D 1,1,1) (S 18,10,4) (S 28,5,11) (S 52,18,17) (S 66,17,17) (S 71,21,21) (S 83,22,22) (D 1,1,1)
0 1 11 47 100 7 (D 1,1,1) (S 16,16,11) (S 24,15,25) (S 26,31,35) (S 45,34,29) (S 79,29,29) (D 1,1,1)
0 1 12 59 117 8 (D 1,1,1) (S 20,24,14) (S 29,24,30) (S 55,30,30) (S 56,25,25) (S 78,23,23) (S 89,14,14) (D 1,1,1)
0 1 13 16 40 5 (D 1,1,1) (S 2,3,9) (S 42,8,9) (S 53,7,13) (D 1,1,1)
0 1 14 39 75 8 (D 1,1,1) (S 6,16,17) (S 12,11,10) (S 21,10,11) (S 38,11,12) (S 62,6,6) (S 87,12,12) (D 1,1,1)
0 1 15 45 145 6 (D 1,1,1) (S 35,36,35) (S 51,36,32) (S 65,32,32) (S 75,28,28) (D 1,1,1)
0 1 16 61 150 10 (D 1,1,1) (S 4,13,14) (S 14,23,29) (S 22,38,34) (S 36,34,38) (S 58,38,38) (S 59,16,16) (S 74,15,15) (S 82,8,8) (D 1,1,1)
0 1 17 39 111 10 (D 1,1,1) (S 19,39,35) (S 34,35,34) (S 47,34,35) (S 60,35,35) (S 61,31,31) (S 63,4,4) (S 64,10,10) (S 76,2,2) (D 1,1,1)
0 1 18 33 93 8 (D 1,1,1) (S 11,15,10) (S 31,16,19) (S 43,17,20) (S 44,26,32) (S 69,27,27) (S 73,5,5) (D 1,1,1)
0 1 19 19 42 5 (D 1,1,1) (S 17,14,9) (S 46,9,8) (S 81,7,7) (D 1,1,1)
0 1 20 37 39 6 (D 1,1,1) (S 8,2,8) (S 13,3,2) (S 41,1,2) (S 68,3,3) (D 1,1,1)
