17379
27
43316585700
43316585700
0 1 1 428 657 25 (D 0,1,1) (S 265,116,1) (S 170,116,117) (S 269,119,117) (S 240,87,86) (S 239,86,85) (S 238,85,84) (S 140,82,84) (S 137,80,82) (S 134,79,80) (S 133,78,79) (S 132,77,78) (S 131,46,77) (S 94,43,46) (S 89,43,44) (S 127,44,73) (S 124,72,73) (S 123,71,72) (S 122,69,71) (S 119,67,69) (S 214,68,67) (S 293,70,58) (S 105,57,58) (S 208,62,57) (S 116,62,66) (S 172,117,118) (D 0,1,1)
0 1 2 485 1101 26 (D 0,1,1) (S 265,116,1) (S 170,116,117) (S 269,119,117) (S 240,87,86) (S 239,86,85) (S 238,85,84) (S 140,82,84) (S 137,80,82) (S 134,79,80) (S 133,78,79) (S 132,77,78) (S 131,46,77) (S 94,43,46) (S 89,43,44) (S 90,44,45) (S 91,34,45) (S 75,34,139) (S 95,33,139) (S 74,11,33) (S 55,11,12) (S 56,12,13) (S 58,13,16) (S 53,8,9) (S 59,10,19) (S 57,13,14) (S 60,12,20) (D 0,1,1)
0 1 3 550 1069 28 (D 0,1,1) (S 265,116,1) (S 170,116,117) (S 269,119,117) (S 240,87,86) (S 239,86,85) (S 238,85,84) (S 140,82,84) (S 137,80,82) (S 134,79,80) (S 133,78,79) (S 132,77,78) (S 131,46,77) (S 94,43,46) (S 89,43,44) (S 90,44,45) (S 91,34,45) (S 75,34,139) (S 95,33,139) (S 73,29,33) (S 69,28,29) (S 70,28,30) (S 71,30,31) (S 72,30,32) (S 68,27,28) (S 67,25,27) (S 196,11,27) (S 55,11,12) (S 74,11,33) (D 0,1,1)
0 1 4 354 718 22 (D 0,1,1) (S 265,116,1) (S 170,116,117) (S 269,119,117) (S 240,87,86) (S 239,86,85) (S 238,85,84) (S 140,82,84) (S 137,80,82) (S 134,79,80) (S 133,78,79) (S 132,77,78) (S 131,46,77) (S 94,43,46) (S 76,34,35) (S 77,35,36) (S 80,36,38) (S 81,38,39) (S 82,39,40) (S 83,40,41) (S 84,38,41) (S 79,36,37) (S 88,37,43) (D 0,1,1)
0 1 5 566 925 32 (D 0,1,1) (S 265,116,1) (S 170,116,117) (S 269,119,117) (S 240,87,86) (S 239,86,85) (S 238,85,84) (S 140,82,84) (S 137,80,82) (S 134,79,80) (S 133,78,79) (S 132,77,78) (S 131,46,77) (S 94,43,46) (S 89,43,44) (S 90,44,45) (S 91,34,45) (S 75,34,139) (S 95,33,139) (S 74,11,33) (S 97,48,50) (S 98,50,51) (S 99,52,53) (S 96,48,49) (S 207,61,49) (S 205,61,60) (S 107,59,60) (S 106,58,59) (S 293,70,58) (S 120,69,70) (S 119,67,69) (S 214,68,67) (S 172,117,118) (D 0,1,1)
0 1 6 516 1043 26 (D 0,1,1) (S 265,116,1) (S 170,116,117) (S 269,119,117) (S 240,87,86) (S 239,86,85) (S 238,85,84) (S 140,82,84) (S 137,80,82) (S 134,79,80) (S 133,78,79) (S 132,77,78) (S 131,46,77) (S 94,43,46) (S 89,43,44) (S 90,44,45) (S 91,34,45) (S 75,34,139) (S 95,33,139) (S 74,11,33) (S 54,8,11) (S 52,6,8) (S 51,5,6) (S 196,11,27) (S 68,27,28) (S 69,28,29) (S 73,29,33) (D 0,1,1)
0 1 7 318 704 22 (D 0,1,1) (S 265,116,1) (S 170,116,117) (S 269,119,117) (S 240,87,86) (S 239,86,85) (S 238,85,84) (S 140,82,84) (S 137,80,82) (S 134,79,80) (S 133,78,79) (S 132,77,78) (S 131,46,77) (S 94,43,46) (S 88,37,43) (S 79,36,37) (S 84,38,41) (S 80,36,38) (S 86,37,42) (S 92,42,47) (S 87,42,43) (S 130,76,77) (S 129,74,76) (D 0,1,1)
0 1 8 328 678 19 (D 0,1,1) (S 265,116,1) (S 170,116,117) (S 269,119,117) (S 240,87,86) (S 239,86,85) (S 238,85,84) (S 140,82,84) (S 137,80,82) (S 134,79,80) (S 133,78,79) (S 132,77,78) (S 131,46,77) (S 94,43,46) (S 89,43,44) (S 90,44,45) (S 108,45,60) (S 205,61,60) (S 206,61,59) (S 107,59,60) (D 0,1,1)
0 1 9 586 1082 29 (D 0,1,1) (S 265,116,1) (S 170,116,117) (S 269,119,117) (S 240,87,86) (S 239,86,85) (S 238,85,84) (S 140,82,84) (S 137,80,82) (S 134,79,80) (S 133,78,79) (S 132,77,78) (S 131,46,77) (S 94,43,46) (S 89,43,44) (S 90,44,45) (S 91,34,45) (S 75,34,139) (S 95,33,139) (S 74,11,33) (S 55,11,12) (S 60,12,20) (S 62,20,22) (S 61,20,21) (S 66,25,26) (S 65,24,25) (S 67,25,27) (S 68,27,28) (S 69,28,29) (S 73,29,33) (D 0,1,1)
0 1 10 449 856 24 (D 0,1,1) (S 265,116,1) (S 170,116,117) (S 172,117,118) (S 116,62,66) (S 208,62,57) (S 105,57,58) (S 106,58,59) (S 113,62,63) (S 210,64,63) (S 211,65,64) (S 199,56,55) (S 290,140,55) (S 101,49,140) (S 100,53,140) (S 195,54,140) (S 102,54,55) (S 147,64,93) (S 155,102,104) (S 156,104,105) (S 157,105,106) (S 158,106,107) (S 261,112,107) (S 262,113,112) (S 264,114,113) (D 0,1,1)
0 1 11 156 232 5 (D 0,1,1) (S 265,116,1) (S 170,116,117) (S 172,117,118) (S 174,114,118) (S 264,114,113) (D 0,1,1)
0 1 12 261 655 15 (D 0,1,1) (S 265,116,1) (S 170,116,117) (S 172,117,118) (S 214,68,67) (S 119,67,69) (S 120,69,70) (S 121,70,71) (S 128,75,76) (S 130,76,77) (S 132,77,78) (S 131,46,77) (S 129,74,76) (S 125,72,74) (S 123,71,72) (S 122,69,71) (D 0,1,1)
0 1 13 188 525 13 (D 0,1,1) (S 265,116,1) (S 264,114,113) (S 262,113,112) (S 261,112,107) (S 158,106,107) (S 157,105,106) (S 156,104,105) (S 155,102,104) (S 245,96,95) (S 150,96,97) (S 247,98,97) (S 248,99,96) (S 154,99,100) (D 0,1,1)
0 1 14 212 564 12 (D 0,1,1) (S 265,116,1) (S 264,114,113) (S 262,113,112) (S 261,112,107) (S 158,106,107) (S 157,105,106) (S 156,104,105) (S 155,102,104) (S 148,63,93) (S 210,64,63) (S 147,64,93) (S 154,99,100) (D 0,1,1)
0 1 15 226 614 11 (D 0,1,1) (S 265,116,1) (S 170,116,117) (S 269,119,117) (S 271,124,4) (S 240,87,86) (S 239,86,85) (S 238,85,84) (S 241,92,89) (S 242,92,82) (S 138,82,83) (S 141,83,84) (D 0,1,1)
0 1 16 358 670 19 (D 0,1,1) (S 265,116,1) (S 264,114,113) (S 262,113,112) (S 261,112,107) (S 158,106,107) (S 157,105,106) (S 156,104,105) (S 155,102,104) (S 148,63,93) (S 113,62,63) (S 104,56,57) (S 105,57,58) (S 106,58,59) (S 293,70,58) (S 120,69,70) (S 119,67,69) (S 214,68,67) (S 172,117,118) (S 170,116,117) (D 0,1,1)
0 1 17 205 447 13 (D 0,1,1) (S 265,116,1) (S 170,116,117) (S 269,119,117) (S 240,87,86) (S 239,86,85) (S 238,85,84) (S 242,92,82) (S 137,80,82) (S 134,79,80) (S 133,78,79) (S 135,79,81) (S 139,81,83) (S 141,83,84) (D 0,1,1)
0 1 18 159 319 9 (D 0,1,1) (S 265,116,1) (S 264,114,113) (S 262,113,112) (S 261,112,107) (S 159,107,108) (S 160,106,108) (S 157,105,106) (S 156,104,105) (S 158,106,107) (D 0,1,1)
0 1 19 193 481 8 (D 0,1,1) (S 265,116,1) (S 170,116,117) (S 269,119,117) (S 289,138,125) (S 192,131,138) (S 189,134,136) (S 286,137,136) (S 191,136,138) (D 0,1,1)
0 1 20 184 462 9 (D 0,1,1) (S 265,116,1) (S 170,116,117) (S 269,119,117) (S 176,124,126) (S 177,126,127) (S 178,127,128) (S 275,128,3) (S 276,129,128) (S 181,127,129) (D 0,1,1)
0 1 21 146 350 9 (D 0,1,1) (S 265,116,1) (S 264,114,113) (S 263,113,103) (S 262,113,112) (S 261,112,107) (S 159,107,108) (S 258,110,107) (S 163,110,111) (S 164,110,112) (D 0,1,1)
0 1 22 77 294 4 (D 0,1,1) (S 265,116,1) (S 170,116,117) (S 269,119,117) (S 171,2,117) (D 0,1,1)
0 1 23 247 642 12 (D 0,1,1) (S 265,116,1) (S 170,116,117) (S 172,117,118) (S 214,68,67) (S 119,67,69) (S 122,69,71) (S 128,75,76) (S 129,74,76) (S 126,73,74) (S 127,44,73) (S 124,72,73) (S 123,71,72) (D 0,1,1)
0 1 24 163 413 10 (D 0,1,1) (S 265,116,1) (S 170,116,117) (S 269,119,117) (S 289,138,125) (S 284,135,134) (S 187,133,135) (S 185,132,133) (S 184,131,132) (S 279,131,126) (S 176,124,126) (D 0,1,1)
0 1 25 226 602 9 (D 0,1,1) (S 265,116,1) (S 170,116,117) (S 269,119,117) (S 271,124,4) (S 176,124,126) (S 278,130,126) (S 279,131,126) (S 177,126,127) (S 181,127,129) (D 0,1,1)
0 1 26 196 450 8 (D 0,1,1) (S 265,116,1) (S 264,114,113) (S 262,113,112) (S 261,112,107) (S 159,107,108) (S 257,109,108) (S 258,110,107) (S 164,110,112) (D 0,1,1)
0 1 27 37 74 2 (D 0,1,1) (S 265,116,1) (S 170,116,117) (D 0,1,1)
