1854
19
4590932700
4590932700
0 1 1 108 61 19 (D 0,1,1) (S 110,6,1) (S 120,12,6) (S 59,11,12) (S 131,19,11) (S 76,19,26) (S 89,26,30) (S 170,34,30) (S 12,34,40) (S 21,40,41) (S 23,41,42) (S 16,36,42) (S 15,36,37) (S 18,37,43) (S 19,38,43) (S 28,43,45) (S 32,45,50) (S 31,44,50) (S 30,44,49) (S 25,41,49) (D 0,1,1)
0 1 2 165 73 28 (D 0,1,1) (S 110,6,1) (S 120,12,6) (S 59,11,12) (S 131,19,11) (S 76,19,26) (S 89,26,30) (S 162,30,27) (S 80,21,27) (S 79,21,22) (S 152,23,22) (S 84,23,31) (S 171,32,31) (S 173,37,32) (S 18,37,43) (S 28,43,45) (S 32,45,50) (S 31,44,50) (S 27,42,44) (S 16,36,42) (S 13,35,36) (S 14,35,41) (S 24,41,48) (S 34,47,48) (S 22,40,47) (S 12,34,40) (S 170,34,30) (S 132,13,12) (S 121,13,6) (D 0,1,1)
0 1 3 93 51 16 (D 0,1,1) (S 110,6,1) (S 120,12,6) (S 59,11,12) (S 131,19,11) (S 76,19,26) (S 89,26,30) (S 170,34,30) (S 12,34,40) (S 22,40,47) (S 33,46,47) (S 34,47,48) (S 35,48,49) (S 25,41,49) (S 21,40,41) (S 106,33,40) (S 175,34,33) (D 0,1,1)
0 1 4 94 57 14 (D 0,1,1) (S 110,6,1) (S 121,13,6) (S 134,14,13) (S 136,15,14) (S 138,16,15) (S 141,24,16) (S 86,24,32) (S 173,37,32) (S 15,36,37) (S 18,37,43) (S 19,38,43) (S 95,28,32) (S 158,28,25) (S 85,24,25) (D 0,1,1)
0 1 5 63 30 11 (D 0,1,1) (S 110,6,1) (S 120,12,6) (S 59,11,12) (S 131,19,11) (S 76,19,26) (S 89,26,30) (S 170,34,30) (S 12,34,40) (S 88,26,29) (S 73,18,26) (S 72,18,19) (D 0,1,1)
0 1 6 35 27 5 (D 0,1,1) (S 109,5,1) (S 52,7,13) (S 112,7,2) (S 48,6,7) (S 110,6,1) (D 0,1,1)
0 1 7 50 41 7 (D 0,1,1) (S 109,5,1) (S 53,8,9) (S 43,3,9) (S 40,2,3) (S 112,7,2) (S 48,6,7) (S 110,6,1) (D 0,1,1)
0 1 8 58 29 9 (D 0,1,1) (S 110,6,1) (S 48,6,7) (S 122,8,7) (S 54,8,14) (S 136,15,14) (S 68,15,23) (S 134,14,13) (S 64,13,21) (S 121,13,6) (D 0,1,1)
0 1 9 85 42 14 (D 0,1,1) (S 110,6,1) (S 120,12,6) (S 59,11,12) (S 131,19,11) (S 72,18,19) (S 73,18,26) (S 89,26,30) (S 162,30,27) (S 170,34,30) (S 175,34,33) (S 105,33,39) (S 169,39,29) (S 88,26,29) (S 76,19,26) (D 0,1,1)
0 1 10 88 43 12 (D 0,1,1) (S 110,6,1) (S 121,13,6) (S 64,13,21) (S 80,21,27) (S 92,27,31) (S 84,23,31) (S 152,23,22) (S 68,15,23) (S 56,9,15) (S 138,16,15) (S 136,15,14) (S 134,14,13) (D 0,1,1)
0 1 11 57 60 7 (D 0,1,1) (S 110,6,1) (S 48,6,7) (S 112,7,2) (S 40,2,3) (S 113,4,3) (S 115,10,4) (S 129,17,10) (D 0,1,1)
0 1 12 88 54 13 (D 0,1,1) (S 110,6,1) (S 121,13,6) (S 134,14,13) (S 136,15,14) (S 138,16,15) (S 141,24,16) (S 84,23,31) (S 152,23,22) (S 68,15,23) (S 56,9,15) (S 43,3,9) (S 53,8,9) (S 54,8,14) (D 0,1,1)
0 1 13 48 23 8 (D 0,1,1) (S 110,6,1) (S 120,12,6) (S 132,13,12) (S 62,12,20) (S 146,20,19) (S 76,19,26) (S 89,26,30) (S 59,11,12) (D 0,1,1)
0 1 14 56 25 8 (D 0,1,1) (S 110,6,1) (S 120,12,6) (S 62,12,20) (S 146,20,19) (S 72,18,19) (S 131,19,11) (S 46,5,11) (S 59,11,12) (D 0,1,1)
0 1 15 69 36 9 (D 0,1,1) (S 110,6,1) (S 120,12,6) (S 62,12,20) (S 146,20,19) (S 131,19,11) (S 162,30,27) (S 80,21,27) (S 79,21,22) (S 121,13,6) (D 0,1,1)
0 1 16 111 61 15 (D 0,1,1) (S 110,6,1) (S 121,13,6) (S 134,14,13) (S 136,15,14) (S 152,23,22) (S 84,23,31) (S 171,32,31) (S 86,24,32) (S 141,24,16) (S 140,17,16) (S 129,17,10) (S 55,9,10) (S 53,8,9) (S 122,8,7) (S 48,6,7) (D 0,1,1)
0 1 17 70 43 10 (D 0,1,1) (S 110,6,1) (S 121,13,6) (S 64,13,21) (S 80,21,27) (S 94,27,36) (S 13,35,36) (S 11,34,35) (S 161,34,26) (S 89,26,30) (S 162,30,27) (D 0,1,1)
0 1 18 82 57 12 (D 0,1,1) (S 110,6,1) (S 121,13,6) (S 134,14,13) (S 136,15,14) (S 138,16,15) (S 140,17,16) (S 71,17,25) (S 158,28,25) (S 95,28,32) (S 103,32,38) (S 85,24,25) (S 141,24,16) (D 0,1,1)
0 1 19 7 4 1 (D 0,1,1) (S 110,6,1) (D 0,1,1)
