51033
26
437923573
1748194900
 0 1 1 1500 1938 5 (D 0,1,1) (S 93,14,15) (S 37,15,24) (S 65,24,32) (D 0,1,1)
 0 1 2 1429 1876 5 (D 0,1,1) (S 69,22,32) (S 48,32,33) (S 14,33,42) (D 0,1,1)
 0 1 3 1570 2060 5 (D 0,1,1) (S 63,23,32) (S 57,32,42) (S 64,42,49) (D 0,1,1)
 0 1 4 1584 2072 7 (D 0,1,1) (S 29,22,23) (S 97,23,24) (S 70,24,33) (S 59,42,41) (S 22,41,32) (D 0,1,1)
 0 1 5 1593 2212 7 (D 0,1,1) (S 16,45,46) (S 23,46,53) (S 18,53,54) (S 90,54,55) (S 60,55,56) (D 0,1,1)
 0 1 6 1595 2071 6 (D 0,1,1) (S 58,22,31) (S 52,31,40) (S 33,40,41) (S 40,40,32) (D 0,1,1)
 0 1 7 1589 2040 6 (D 0,1,1) (S 96,29,38) (S 36,38,46) (S 87,46,47) (S 84,47,54) (D 0,1,1)
 0 1 8 1633 2028 5 (D 0,1,1) (S 32,36,37) (S 34,37,46) (S 15,46,52) (D 0,1,1)
 0 1 9 1615 2028 6 (D 0,1,1) (S 82,43,44) (S 46,44,51) (S 68,51,52) (S 39,50,51) (D 0,1,1)
 0 1 10 1636 2051 6 (D 0,1,1) (S 67,35,44) (S 25,44,45) (S 44,45,52) (S 74,52,53) (D 0,1,1)
 0 1 11 1642 2205 8 (D 0,1,1) (S 21,27,36) (S 99,37,38) (S 91,38,47) (S 94,47,48) (S 81,48,55) (S 80,39,30) (D 0,1,1)
 0 1 12 1595 2012 7 (D 0,1,1) (S 72,4,12) (S 4,12,12) (S 88,12,22) (S 5,22,13) (S 106,22,21) (D 0,1,1)
 0 1 13 1617 2195 7 (D 0,1,1) (S 101,19,20) (S 92,39,40) (S 42,40,48) (S 77,48,49) (S 55,49,56) (D 0,1,1)
 0 1 14 1522 1876 6 (D 0,1,1) (S 35,4,5) (S 73,6,13) (S 86,13,14) (S 100,14,6) (D 0,1,1)
 0 1 15 1622 2006 6 (D 0,1,1) (S 54,26,35) (S 11,35,36) (S 41,36,45) (S 12,28,27) (D 0,1,1)
 0 1 16 1602 1972 6 (D 0,1,1) (S 62,4,11) (S 56,11,20) (S 61,20,21) (S 19,21,30) (D 0,1,1)
 0 1 17 1572 1878 5 (D 0,1,1) (S 85,18,19) (S 47,19,28) (S 76,28,29) (D 0,1,1)
 0 1 18 1491 1788 5 (D 0,1,1) (S 89,3,4) (S 28,5,12) (S 9,12,21) (D 0,1,1)
 0 1 19 1645 2266 8 (D 0,1,1) (S 107,10,11) (S 53,7,8) (S 104,7,14) (S 79,14,24) (S 98,8,15) (S 50,14,23) (D 0,1,1)
 0 1 20 1643 2065 7 (D 0,1,1) (S 38,17,26) (S 27,38,39) (S 95,31,30) (S 2,30,30) (S 51,30,29) (D 0,1,1)
 0 1 21 1581 1963 7 (D 0,1,1) (S 49,16,25) (S 24,25,34) (S 105,34,43) (S 17,43,50) (S 66,35,34) (D 0,1,1)
 0 1 22 1599 1983 7 (D 0,1,1) (S 43,2,3) (S 78,3,10) (S 45,10,20) (S 10,20,29) (S 13,37,28) (D 0,1,1)
 0 1 23 1614 1898 7 (D 0,1,1) (S 83,16,17) (S 1,25,25) (S 30,25,26) (S 102,26,27) (S 103,27,18) (D 0,1,1)
 0 1 24 1581 1940 5 (D 0,1,1) (S 7,5,6) (S 71,2,9) (S 20,9,18) (D 0,1,1)
 0 1 25 1447 1739 6 (D 0,1,1) (S 75,1,16) (S 8,17,18) (S 31,19,10) (S 26,10,9) (D 0,1,1)
 0 1 26 685 871 4 (D 0,1,1) (S 3,16,16) (S 6,1,2) (D 0,1,1)
