1653
22
155706900
1748278485
0 1 1 19 63 7 (D 1,1,1) (S 11,27,30) (S 27,27,35) (S 40,42,36) (S 85,42,42) (S 112,36,36) (D 1,1,1)
0 1 2 38 103 10 (D 1,1,1) (S 4,46,47) (S 5,40,47) (S 12,40,41) (S 39,35,36) (S 58,36,42) (S 62,50,44) (S 89,44,44) (S 98,37,37) (D 1,1,1)
0 1 3 16 63 6 (D 1,1,1) (S 2,41,49) (S 61,49,50) (S 100,50,50) (S 110,23,23) (D 1,1,1)
0 1 4 12 51 4 (D 1,1,1) (S 24,8,7) (S 67,3,4) (D 1,1,1)
0 1 5 17 62 6 (D 1,1,1) (S 7,3,9) (S 26,10,4) (S 97,4,4) (S 113,9,9) (D 1,1,1)
0 1 6 29 65 7 (D 1,1,1) (S 0,9,15) (S 30,15,16) (S 68,24,16) (S 77,16,16) (S 111,24,24) (D 1,1,1)
0 1 7 41 94 8 (D 1,1,1) (S 3,8,14) (S 8,25,28) (S 9,32,38) (S 20,32,31) (S 55,16,17) (S 93,17,17) (D 1,1,1)
0 1 8 59 122 12 (D 1,1,1) (S 10,33,46) (S 17,40,33) (S 22,33,40) (S 28,34,35) (S 31,42,43) (S 41,43,42) (S 45,50,45) (S 72,45,50) (S 81,43,43) (S 102,31,31) (D 1,1,1)
0 1 9 43 91 8 (D 1,1,1) (S 1,23,31) (S 13,31,37) (S 18,45,38) (S 34,43,37) (S 65,37,36) (S 79,28,28) (D 1,1,1)
0 1 10 21 58 5 (D 1,1,1) (S 16,33,39) (S 88,39,39) (S 99,20,20) (D 1,1,1)
0 1 11 34 72 8 (D 1,1,1) (S 6,20,21) (S 15,15,23) (S 23,22,14) (S 43,14,15) (S 51,24,32) (S 105,32,32) (D 1,1,1)
0 1 12 18 39 5 (D 1,1,1) (S 49,19,20) (S 57,20,12) (S 95,12,12) (D 1,1,1)
0 1 13 23 66 7 (D 1,1,1) (S 32,6,12) (S 54,50,49) (S 56,48,47) (S 106,40,40) (S 107,21,21) (D 1,1,1)
0 1 14 29 88 5 (D 1,1,1) (S 21,19,11) (S 71,14,22) (S 76,38,38) (D 1,1,1)
0 1 15 49 101 8 (D 1,1,1) (S 37,18,29) (S 47,30,34) (S 50,42,41) (S 84,41,41) (S 86,33,33) (S 94,18,18) (D 1,1,1)
0 1 16 33 63 5 (D 1,1,1) (S 44,24,23) (S 90,15,15) (S 109,22,22) (D 1,1,1)
0 1 17 36 89 10 (D 1,1,1) (S 29,10,9) (S 48,9,10) (S 53,10,17) (S 63,17,10) (S 69,26,18) (S 73,26,19) (S 101,19,19) (S 114,11,11) (D 1,1,1)
0 1 18 22 43 5 (D 1,1,1) (S 42,5,11) (S 46,1,5) (S 92,5,5) (D 1,1,1)
0 1 19 27 43 6 (D 1,1,1) (S 25,7,2) (S 52,2,7) (S 82,7,7) (S 91,13,13) (D 1,1,1)
0 1 20 62 116 11 (D 1,1,1) (S 59,12,6) (S 60,16,9) (S 64,18,26) (S 66,26,34) (S 70,35,27) (S 78,30,30) (S 80,26,26) (S 83,29,29) (S 87,27,27) (D 1,1,1)
0 1 21 45 88 10 (D 1,1,1) (S 14,1,6) (S 19,12,11) (S 33,11,12) (S 35,21,27) (S 36,44,49) (S 75,48,48) (S 103,49,49) (S 108,6,6) (D 1,1,1)
0 1 22 31 73 6 (D 1,1,1) (S 38,30,26) (S 74,26,30) (S 96,34,34) (S 104,2,2) (D 1,1,1)
