1189
12
23639100
1748278486
0 1 1 47 113 7 (D 1,1,1) (S 0,24,27) (S 7,27,28) (S 10,24,28) (S 48,28,28) (S 56,29,29) (D 1,1,1)
0 1 2 46 119 8 (D 1,1,1) (S 3,22,25) (S 27,25,29) (S 38,30,25) (S 39,22,21) (S 43,30,29) (S 57,21,21) (D 1,1,1)
0 1 3 52 122 10 (D 1,1,1) (S 2,26,30) (S 18,22,29) (S 28,21,29) (S 40,29,22) (S 46,25,25) (S 49,30,30) (S 54,26,26) (S 61,23,23) (D 1,1,1)
0 1 4 29 58 5 (D 1,1,1) (S 11,7,8) (S 19,8,14) (S 53,14,14) (D 1,1,1)
0 1 5 43 97 7 (D 1,1,1) (S 5,10,15) (S 6,15,19) (S 17,16,11) (S 41,11,16) (S 62,11,11) (D 1,1,1)
0 1 6 35 90 5 (D 1,1,1) (S 30,6,7) (S 42,6,11) (S 63,20,20) (D 1,1,1)
0 1 7 60 100 6 (D 1,1,1) (S 8,10,19) (S 25,17,13) (S 31,13,16) (S 59,16,16) (D 1,1,1)
0 1 8 29 58 8 (D 1,1,1) (S 13,1,2) (S 15,2,9) (S 23,9,2) (S 26,7,4) (S 45,7,7) (S 55,5,5) (D 1,1,1)
0 1 9 43 91 8 (D 1,1,1) (S 9,3,10) (S 20,3,2) (S 22,7,12) (S 29,12,11) (S 32,11,12) (S 64,12,12) (D 1,1,1)
0 1 10 55 105 8 (D 1,1,1) (S 4,5,8) (S 21,13,8) (S 33,8,13) (S 34,26,18) (S 58,18,18) (S 60,9,9) (D 1,1,1)
0 1 11 62 121 9 (D 1,1,1) (S 1,17,18) (S 12,17,22) (S 24,17,14) (S 36,14,17) (S 44,18,15) (S 51,2,2) (S 52,8,8) (D 1,1,1)
0 1 12 65 115 8 (D 1,1,1) (S 14,14,15) (S 16,9,15) (S 35,9,10) (S 37,10,9) (S 47,15,15) (S 50,4,4) (D 1,1,1)
