550
14
9940200
1748278478
0 1 1 19 41 3 (D 1,1,1) (S 38,14,14) (D 1,1,1)
0 1 2 20 28 3 (D 1,1,1) (S 40,4,4) (D 1,1,1)
0 1 3 16 44 4 (D 1,1,1) (S 18,21,23) (S 43,22,22) (D 1,1,1)
0 1 4 21 46 7 (D 1,1,1) (S 1,18,21) (S 7,21,25) (S 22,25,26) (S 31,23,26) (S 37,8,8) (D 1,1,1)
0 1 5 18 46 6 (D 1,1,1) (S 0,26,27) (S 19,8,27) (S 25,6,7) (S 42,7,7) (D 1,1,1)
0 1 6 13 32 5 (D 1,1,1) (S 2,23,24) (S 4,8,24) (S 41,24,24) (D 1,1,1)
0 1 7 24 55 7 (D 1,1,1) (S 8,10,11) (S 10,5,9) (S 21,6,8) (S 32,3,6) (S 36,6,6) (D 1,1,1)
0 1 8 22 48 8 (D 1,1,1) (S 15,4,10) (S 17,4,19) (S 23,12,13) (S 24,13,14) (S 29,18,25) (S 33,13,15) (D 1,1,1)
0 1 9 13 38 5 (D 1,1,1) (S 3,2,12) (S 14,14,16) (S 44,16,16) (D 1,1,1)
0 1 10 17 34 4 (D 1,1,1) (S 16,6,10) (S 27,5,6) (D 1,1,1)
0 1 11 15 33 4 (D 1,1,1) (S 28,15,17) (S 30,1,17) (D 1,1,1)
0 1 12 25 32 5 (D 1,1,1) (S 5,1,3) (S 9,3,8) (S 11,24,27) (D 1,1,1)
0 1 13 21 44 7 (D 1,1,1) (S 6,1,27) (S 12,1,15) (S 20,15,20) (S 39,20,20) (S 45,21,21) (D 1,1,1)
0 1 14 14 29 6 (D 1,1,1) (S 13,1,19) (S 26,3,4) (S 34,12,19) (S 35,2,2) (D 1,1,1)
