1328
17
39322200
1748278481
0 1 1 20 82 4 (D 1,1,1) (S 6,24,27) (S 74,27,27) (D 1,1,1)
0 1 2 29 85 6 (D 1,1,1) (S 1,21,28) (S 45,28,29) (S 50,29,21) (S 66,21,21) (D 1,1,1)
0 1 3 18 77 5 (D 1,1,1) (S 0,26,30) (S 24,22,29) (S 69,29,29) (D 1,1,1)
0 1 4 36 88 6 (D 1,1,1) (S 4,11,20) (S 14,20,27) (S 65,24,24) (S 73,20,20) (D 1,1,1)
0 1 5 10 50 4 (D 1,1,1) (S 7,12,13) (S 51,12,16) (D 1,1,1)
0 1 6 40 103 8 (D 1,1,1) (S 10,16,17) (S 15,16,21) (S 33,21,22) (S 49,22,21) (S 53,11,16) (S 58,16,16) (D 1,1,1)
0 1 7 23 61 5 (D 1,1,1) (S 28,13,8) (S 44,14,17) (S 64,17,17) (D 1,1,1)
0 1 8 43 115 7 (D 1,1,1) (S 26,20,16) (S 35,21,29) (S 52,29,22) (S 54,30,29) (S 61,26,26) (D 1,1,1)
0 1 9 15 37 4 (D 1,1,1) (S 13,7,8) (S 63,8,8) (D 1,1,1)
0 1 10 59 121 9 (D 1,1,1) (S 30,17,13) (S 32,16,13) (S 38,13,16) (S 41,23,22) (S 48,30,23) (S 55,23,18) (S 59,18,18) (D 1,1,1)
0 1 11 59 101 9 (D 1,1,1) (S 2,5,8) (S 8,17,22) (S 16,22,25) (S 34,25,29) (S 47,30,25) (S 68,25,25) (S 72,15,15) (D 1,1,1)
0 1 12 29 39 6 (D 1,1,1) (S 5,1,2) (S 19,2,9) (S 29,9,2) (S 57,3,3) (D 1,1,1)
0 1 13 41 62 7 (D 1,1,1) (S 3,10,15) (S 20,15,9) (S 43,9,10) (S 46,10,9) (S 60,9,9) (D 1,1,1)
0 1 14 45 111 8 (D 1,1,1) (S 9,14,15) (S 12,10,19) (S 27,16,12) (S 36,12,11) (S 62,11,11) (S 67,7,7) (D 1,1,1)
0 1 15 38 61 9 (D 1,1,1) (S 18,1,8) (S 23,4,7) (S 31,7,4) (S 37,6,7) (S 56,7,6) (S 70,6,6) (S 71,4,4) (D 1,1,1)
0 1 16 32 74 7 (D 1,1,1) (S 11,1,5) (S 22,2,3) (S 25,3,2) (S 39,14,13) (S 40,4,5) (D 1,1,1)
0 1 17 29 61 5 (D 1,1,1) (S 17,8,9) (S 21,14,8) (S 42,8,13) (D 1,1,1)
