1521
18
42457500
1748278485
0 1 1 31 94 5 (D 1,1,1) (S 0,28,33) (S 37,34,24) (S 67,22,22) (D 1,1,1)
0 1 2 30 99 6 (D 1,1,1) (S 11,27,28) (S 18,24,34) (S 27,34,33) (S 73,33,33) (D 1,1,1)
0 1 3 34 81 6 (D 1,1,1) (S 9,19,20) (S 20,20,26) (S 26,26,31) (S 68,31,31) (D 1,1,1)
0 1 4 29 71 6 (D 1,1,1) (S 3,9,10) (S 23,10,16) (S 43,16,10) (S 54,10,10) (D 1,1,1)
0 1 5 30 77 8 (D 1,1,1) (S 24,20,14) (S 30,14,20) (S 31,26,20) (S 60,21,21) (S 74,14,14) (S 77,15,15) (D 1,1,1)
0 1 6 35 91 7 (D 1,1,1) (S 1,13,14) (S 2,20,21) (S 12,26,27) (S 62,32,32) (S 76,27,27) (D 1,1,1)
0 1 7 27 74 7 (D 1,1,1) (S 14,12,18) (S 32,19,25) (S 46,25,26) (S 47,27,26) (S 72,26,26) (D 1,1,1)
0 1 8 39 106 7 (D 1,1,1) (S 4,8,9) (S 5,16,17) (S 19,24,23) (S 45,23,24) (S 65,16,16) (D 1,1,1)
0 1 9 56 112 6 (D 1,1,1) (S 7,4,11) (S 8,4,5) (S 40,5,11) (S 66,11,11) (D 1,1,1)
0 1 10 16 50 4 (D 1,1,1) (S 39,19,12) (S 70,18,18) (D 1,1,1)
0 1 11 24 63 5 (D 1,1,1) (S 35,16,15) (S 61,8,8) (S 63,13,13) (D 1,1,1)
0 1 12 21 68 6 (D 1,1,1) (S 25,9,15) (S 48,15,21) (S 52,19,19) (S 57,7,7) (D 1,1,1)
0 1 13 18 76 5 (D 1,1,1) (S 15,18,12) (S 17,30,29) (S 71,29,29) (D 1,1,1)
0 1 14 48 106 7 (D 1,1,1) (S 16,19,18) (S 21,18,29) (S 50,30,25) (S 55,30,30) (S 75,25,25) (D 1,1,1)
0 1 15 40 74 6 (D 1,1,1) (S 13,8,2) (S 41,2,8) (S 51,13,2) (S 59,2,2) (D 1,1,1)
0 1 16 59 126 11 (D 1,1,1) (S 6,1,7) (S 10,21,22) (S 28,22,28) (S 34,22,23) (S 36,23,28) (S 38,28,23) (S 44,23,22) (S 53,28,28) (S 69,17,17) (D 1,1,1)
0 1 17 28 71 6 (D 1,1,1) (S 29,6,1) (S 33,9,3) (S 56,4,4) (S 64,3,3) (D 1,1,1)
0 1 18 49 82 6 (D 1,1,1) (S 22,12,6) (S 42,1,6) (S 49,2,1) (S 58,6,6) (D 1,1,1)
