246342
117
20166246900
1748277264
0 1 1 808 1778 3 (D 365,1,1) (S 285,564,565) (D 365,1,1)
0 1 2 349 3033 6 (D 365,1,1) (S 179,185,194) (S 381,186,186) (S 567,187,187) (S 589,188,188) (D 365,1,1)
0 1 3 348 2894 7 (D 365,1,1) (S 142,190,700) (S 386,327,327) (S 457,184,184) (S 537,328,328) (S 646,185,185) (D 365,1,1)
0 1 4 369 2828 10 (D 365,1,1) (S 152,693,694) (S 155,694,695) (S 387,180,180) (S 414,255,255) (S 525,245,245) (S 542,248,248) (S 582,259,259) (S 651,335,335) (D 365,1,1)
0 1 5 463 2755 8 (D 365,1,1) (S 41,195,704) (S 54,199,705) (S 382,197,197) (S 472,331,331) (S 622,199,199) (S 650,330,330) (D 365,1,1)
0 1 6 367 3184 6 (D 365,1,1) (S 53,180,693) (S 422,260,260) (S 601,247,247) (S 624,322,322) (D 365,1,1)
0 1 7 381 3269 8 (D 365,1,1) (S 28,719,720) (S 70,731,733) (S 78,254,729) (S 519,253,253) (S 628,254,254) (S 640,243,243) (D 365,1,1)
0 1 8 942 3302 9 (D 365,1,1) (S 154,698,699) (S 264,687,688) (S 375,169,169) (S 432,225,225) (S 522,190,190) (S 561,191,191) (S 566,216,216) (D 365,1,1)
0 1 9 823 2930 9 (D 365,1,1) (S 174,668,669) (S 241,726,727) (S 268,707,708) (S 353,670,671) (S 461,324,324) (S 539,212,212) (S 654,167,167) (D 365,1,1)
0 1 10 480 2048 11 (D 365,1,1) (S 8,680,683) (S 42,170,728) (S 135,681,682) (S 245,680,716) (S 363,680,681) (S 442,235,235) (S 502,234,234) (S 658,170,170) (S 666,164,164) (D 365,1,1)
0 1 11 479 2131 5 (D 365,1,1) (S 178,673,674) (S 322,673,675) (S 447,325,325) (D 365,1,1)
0 1 12 329 1897 6 (D 365,1,1) (S 22,620,621) (S 90,147,636) (S 483,147,147) (S 568,146,146) (D 365,1,1)
0 1 13 605 2267 11 (D 365,1,1) (S 6,657,658) (S 109,658,659) (S 216,659,660) (S 507,162,162) (S 515,239,239) (S 549,232,232) (S 623,231,231) (S 682,238,238) (S 687,168,168) (D 365,1,1)
0 1 14 264 1974 9 (D 365,1,1) (S 58,298,521) (S 415,310,310) (S 430,299,299) (S 436,101,101) (S 437,122,122) (S 558,123,123) (S 683,143,143) (D 365,1,1)
0 1 15 374 1830 6 (D 365,1,1) (S 111,683,684) (S 139,170,326) (S 491,214,214) (S 615,321,321) (D 365,1,1)
0 1 16 669 2289 8 (D 365,1,1) (S 35,238,663) (S 145,658,672) (S 169,241,725) (S 222,672,721) (S 663,237,237) (S 698,241,241) (D 365,1,1)
0 1 17 763 2335 8 (D 365,1,1) (S 12,679,714) (S 65,679,715) (S 204,677,678) (S 307,201,723) (S 374,292,292) (S 613,130,130) (D 365,1,1)
0 1 18 229 1511 6 (D 365,1,1) (S 37,372,436) (S 97,370,371) (S 367,46,46) (S 664,15,15) (D 365,1,1)
0 1 19 326 1894 6 (D 365,1,1) (S 140,610,611) (S 490,215,215) (S 508,173,173) (S 586,139,139) (D 365,1,1)
0 1 20 413 1956 8 (D 365,1,1) (S 59,529,599) (S 203,522,594) (S 443,314,314) (S 449,148,148) (S 488,138,138) (S 559,105,105) (D 365,1,1)
0 1 21 564 2430 7 (D 365,1,1) (S 88,601,602) (S 89,643,644) (S 159,676,718) (S 478,156,156) (S 580,166,166) (D 365,1,1)
0 1 22 605 1975 7 (D 365,1,1) (S 51,652,653) (S 73,652,654) (S 74,480,648) (S 117,649,650) (S 643,317,317) (D 365,1,1)
0 1 23 576 2504 8 (D 365,1,1) (S 107,678,679) (S 166,157,676) (S 171,158,159) (S 403,157,157) (S 517,158,158) (S 541,159,159) (D 365,1,1)
0 1 24 929 4152 12 (D 365,1,1) (S 209,162,664) (S 221,660,661) (S 308,662,667) (S 347,702,703) (S 385,227,227) (S 395,246,246) (S 419,251,251) (S 513,334,334) (S 617,250,250) (S 671,128,128) (D 365,1,1)
0 1 25 385 1569 9 (D 365,1,1) (S 63,571,597) (S 72,597,598) (S 366,137,137) (S 423,296,296) (S 470,19,19) (S 610,20,20) (S 645,29,29) (D 365,1,1)
0 1 26 192 1466 7 (D 365,1,1) (S 16,102,511) (S 438,135,135) (S 448,103,103) (S 652,102,102) (S 670,99,99) (D 365,1,1)
0 1 27 904 2428 10 (D 365,1,1) (S 76,23,368) (S 134,379,380) (S 424,10,10) (S 529,8,8) (S 592,269,269) (S 597,34,34) (S 635,270,270) (S 639,289,289) (D 365,1,1)
0 1 28 195 1045 6 (D 365,1,1) (S 3,126,127) (S 533,127,127) (S 585,126,126) (S 587,121,121) (D 365,1,1)
0 1 29 672 2086 5 (D 365,1,1) (S 161,513,569) (S 213,513,514) (S 351,530,531) (D 365,1,1)
0 1 30 506 1762 8 (D 365,1,1) (S 61,20,393) (S 67,296,368) (S 68,10,381) (S 371,79,79) (S 476,6,6) (S 678,283,283) (D 365,1,1)
0 1 31 498 1765 8 (D 365,1,1) (S 19,393,394) (S 30,9,295) (S 368,92,92) (S 402,23,23) (S 445,9,9) (S 485,290,290) (D 365,1,1)
0 1 32 537 1894 7 (D 365,1,1) (S 92,381,388) (S 263,9,369) (S 428,295,295) (S 473,294,294) (S 547,133,133) (D 365,1,1)
0 1 33 320 2091 9 (D 365,1,1) (S 43,104,516) (S 183,589,607) (S 369,131,131) (S 551,132,132) (S 565,223,223) (S 591,228,228) (S 675,90,90) (D 365,1,1)
0 1 34 1108 3186 12 (D 365,1,1) (S 23,557,558) (S 40,608,609) (S 136,619,625) (S 228,620,626) (S 254,146,632) (S 294,627,628) (S 380,315,315) (S 393,153,153) (S 459,320,320) (S 528,300,300) (D 365,1,1)
0 1 35 430 3308 10 (D 365,1,1) (S 1,506,534) (S 5,506,538) (S 48,730,731) (S 81,731,732) (S 535,252,252) (S 576,217,217) (S 598,224,224) (S 620,329,329) (D 365,1,1)
0 1 36 414 1248 7 (D 365,1,1) (S 50,106,506) (S 83,507,622) (S 333,98,507) (S 578,98,98) (S 641,309,309) (D 365,1,1)
0 1 37 428 3230 8 (D 365,1,1) (S 26,515,516) (S 184,709,710) (S 226,200,706) (S 468,195,195) (S 596,196,196) (S 616,198,198) (D 365,1,1)
0 1 38 158 804 5 (D 365,1,1) (S 14,405,406) (S 287,464,465) (S 680,77,77) (D 365,1,1)
0 1 39 217 851 5 (D 365,1,1) (S 34,302,545) (S 520,110,110) (S 669,302,302) (D 365,1,1)
0 1 40 1006 2536 12 (D 365,1,1) (S 115,340,367) (S 147,342,343) (S 173,341,342) (S 195,344,345) (S 206,344,370) (S 355,372,373) (S 364,13,13) (S 407,30,30) (S 611,31,31) (S 627,280,280) (D 365,1,1)
0 1 41 269 983 6 (D 365,1,1) (S 38,494,517) (S 271,539,581) (S 555,297,297) (S 686,120,120) (D 365,1,1)
0 1 42 339 2713 6 (D 365,1,1) (S 25,524,551) (S 75,696,697) (S 511,323,323) (S 655,181,181) (D 365,1,1)
0 1 43 1054 3803 9 (D 365,1,1) (S 131,292,474) (S 225,474,601) (S 247,673,725) (S 284,646,647) (S 348,645,646) (S 446,165,165) (S 676,160,160) (D 365,1,1)
0 1 44 883 2647 6 (D 365,1,1) (S 141,492,541) (S 191,541,542) (S 313,557,598) (S 324,618,619) (D 365,1,1)
0 1 45 375 1064 7 (D 365,1,1) (S 119,112,550) (S 234,616,617) (S 603,141,141) (S 637,112,112) (S 681,305,305) (D 365,1,1)
0 1 46 174 834 6 (D 365,1,1) (S 105,86,548) (S 220,573,606) (S 563,85,85) (S 662,301,301) (D 365,1,1)
0 1 47 256 851 7 (D 365,1,1) (S 121,305,486) (S 267,89,615) (S 280,484,485) (S 564,89,89) (S 625,93,93) (D 365,1,1)
0 1 48 1597 4014 12 (D 365,1,1) (S 77,480,481) (S 196,650,651) (S 249,648,652) (S 253,649,717) (S 275,655,656) (S 319,650,656) (S 359,668,676) (S 410,204,204) (S 440,203,203) (S 588,219,219) (D 365,1,1)
0 1 49 847 2532 8 (D 365,1,1) (S 172,586,587) (S 190,511,529) (S 341,298,523) (S 454,298,298) (S 464,129,129) (S 510,319,319) (D 365,1,1)
0 1 50 1060 2833 8 (D 365,1,1) (S 219,100,510) (S 224,449,600) (S 298,150,633) (S 377,150,150) (S 572,149,149) (S 574,136,136) (D 365,1,1)
0 1 51 334 1794 7 (D 365,1,1) (S 44,524,525) (S 79,498,499) (S 413,221,221) (S 609,230,230) (S 691,213,213) (D 365,1,1)
0 1 52 218 798 5 (D 365,1,1) (S 55,109,477) (S 86,477,478) (S 538,312,312) (D 365,1,1)
0 1 53 518 3169 8 (D 365,1,1) (S 102,516,552) (S 120,191,701) (S 416,183,183) (S 573,194,194) (S 612,182,182) (S 633,229,229) (D 365,1,1)
0 1 54 483 1157 7 (D 365,1,1) (S 114,546,547) (S 243,114,305) (S 312,113,612) (S 372,293,293) (S 509,111,111) (D 365,1,1)
0 1 55 822 2456 5 (D 365,1,1) (S 130,522,523) (S 352,623,624) (S 462,311,311) (D 365,1,1)
0 1 56 637 1511 8 (D 365,1,1) (S 133,506,507) (S 164,104,533) (S 420,104,104) (S 427,106,106) (S 471,96,96) (S 477,114,114) (D 365,1,1)
0 1 57 638 1653 9 (D 365,1,1) (S 7,96,97) (S 46,119,306) (S 194,503,504) (S 548,97,97) (S 600,118,118) (S 630,119,119) (S 693,306,306) (D 365,1,1)
0 1 58 121 463 5 (D 365,1,1) (S 39,403,404) (S 486,36,36) (S 575,2,2) (D 365,1,1)
0 1 59 476 1358 8 (D 365,1,1) (S 122,551,552) (S 151,125,476) (S 296,476,589) (S 469,125,125) (S 484,318,318) (S 499,271,271) (D 365,1,1)
0 1 60 647 3151 8 (D 365,1,1) (S 126,497,501) (S 200,499,500) (S 227,244,335) (S 421,249,249) (S 546,244,244) (S 665,155,155) (D 365,1,1)
0 1 61 552 1318 6 (D 365,1,1) (S 177,489,490) (S 277,302,582) (S 362,108,545) (S 557,303,303) (D 365,1,1)
0 1 62 293 1022 8 (D 365,1,1) (S 31,51,272) (S 33,360,422) (S 404,68,68) (S 460,69,69) (S 599,43,43) (S 647,39,39) (D 365,1,1)
0 1 63 221 837 7 (D 365,1,1) (S 9,386,387) (S 56,80,631) (S 606,75,75) (S 607,80,80) (S 697,54,54) (D 365,1,1)
0 1 64 1428 2672 10 (D 365,1,1) (S 153,567,568) (S 208,559,560) (S 215,501,502) (S 223,504,505) (S 283,504,576) (S 358,307,505) (S 392,307,307) (S 405,95,95) (D 365,1,1)
0 1 65 308 2069 8 (D 365,1,1) (S 29,521,528) (S 32,449,450) (S 503,53,53) (S 583,26,26) (S 657,25,25) (S 695,27,27) (D 365,1,1)
0 1 66 470 2045 9 (D 365,1,1) (S 64,262,397) (S 123,93,575) (S 187,482,483) (S 199,177,178) (S 391,178,178) (S 495,177,177) (S 694,175,175) (D 365,1,1)
0 1 67 889 1837 8 (D 365,1,1) (S 2,115,561) (S 57,560,561) (S 80,560,566) (S 398,115,115) (S 668,94,94) (S 685,145,145) (D 365,1,1)
0 1 68 449 1089 7 (D 365,1,1) (S 87,35,401) (S 157,425,426) (S 512,55,55) (S 569,291,291) (S 692,273,273) (D 365,1,1)
0 1 69 1051 2769 14 (D 365,1,1) (S 4,586,588) (S 93,492,572) (S 217,491,492) (S 238,295,363) (S 239,10,367) (S 329,8,366) (S 361,29,385) (S 433,63,63) (S 467,57,57) (S 608,58,58) (S 660,64,64) (S 672,45,45) (D 365,1,1)
0 1 70 474 1149 9 (D 365,1,1) (S 17,293,479) (S 62,555,640) (S 504,117,117) (S 532,116,116) (S 550,86,86) (S 614,76,76) (S 636,277,277) (D 365,1,1)
0 1 71 314 985 8 (D 365,1,1) (S 84,375,376) (S 132,352,353) (S 425,62,62) (S 487,47,47) (S 626,284,284) (S 679,288,288) (D 365,1,1)
0 1 72 704 1536 13 (D 365,1,1) (S 10,304,556) (S 112,554,555) (S 314,641,642) (S 394,304,304) (S 400,84,84) (S 408,113,113) (S 412,87,87) (S 545,88,88) (S 644,140,140) (S 661,262,262) (S 667,287,287) (D 365,1,1)
0 1 73 1410 3896 9 (D 365,1,1) (S 276,661,662) (S 289,166,644) (S 360,691,692) (S 397,220,220) (S 431,205,205) (S 474,236,236) (S 581,207,207) (D 365,1,1)
0 1 74 779 2557 9 (D 365,1,1) (S 13,512,513) (S 293,569,570) (S 300,577,578) (S 409,144,144) (S 417,142,142) (S 577,100,100) (S 629,267,267) (D 365,1,1)
0 1 75 1067 4061 11 (D 365,1,1) (S 0,501,535) (S 91,535,537) (S 266,535,536) (S 306,685,686) (S 379,172,172) (S 450,171,171) (S 475,257,257) (S 526,258,258) (S 634,261,261) (D 365,1,1)
0 1 76 125 869 6 (D 365,1,1) (S 20,348,349) (S 47,348,382) (S 383,78,78) (S 659,70,70) (D 365,1,1)
0 1 77 1014 2232 10 (D 365,1,1) (S 167,19,20) (S 188,340,341) (S 274,385,393) (S 305,385,395) (S 320,29,384) (S 506,28,28) (S 602,18,18) (S 632,285,285) (D 365,1,1)
0 1 78 953 3876 15 (D 365,1,1) (S 52,338,339) (S 66,486,593) (S 94,496,497) (S 116,502,562) (S 214,563,564) (S 242,562,584) (S 297,202,713) (S 493,256,256) (S 524,154,154) (S 594,333,333) (S 688,200,200) (S 689,211,211) (S 690,222,222) (D 365,1,1)
0 1 79 406 963 7 (D 365,1,1) (S 18,38,355) (S 36,339,355) (S 125,336,337) (S 590,38,38) (S 621,274,274) (D 365,1,1)
0 1 80 332 694 6 (D 365,1,1) (S 108,287,386) (S 165,44,423) (S 390,44,44) (S 540,37,37) (D 365,1,1)
0 1 81 511 1132 10 (D 365,1,1) (S 103,349,350) (S 118,346,411) (S 230,39,412) (S 295,456,457) (S 536,1,1) (S 553,61,61) (S 584,60,60) (S 605,52,52) (D 365,1,1)
0 1 82 952 1780 6 (D 365,1,1) (S 229,539,540) (S 273,518,519) (S 311,519,539) (S 356,494,495) (D 365,1,1)
0 1 83 1788 3398 6 (D 365,1,1) (S 232,367,368) (S 251,345,362) (S 270,512,569) (S 290,529,530) (D 365,1,1)
0 1 84 694 1578 6 (D 365,1,1) (S 170,38,441) (S 261,318,579) (S 357,579,580) (S 452,109,109) (D 365,1,1)
0 1 85 750 2176 6 (D 365,1,1) (S 160,64,420) (S 168,407,408) (S 338,32,392) (S 349,590,591) (D 365,1,1)
0 1 86 493 1187 6 (D 365,1,1) (S 45,39,416) (S 376,42,42) (S 435,263,263) (S 480,278,278) (D 365,1,1)
0 1 87 330 966 9 (D 365,1,1) (S 60,466,467) (S 98,27,285) (S 182,27,383) (S 373,41,41) (S 426,21,21) (S 496,66,66) (S 527,7,7) (D 365,1,1)
0 1 88 679 1903 8 (D 365,1,1) (S 144,410,447) (S 158,442,454) (S 176,91,152) (S 396,151,151) (S 604,152,152) (S 674,91,91) (D 365,1,1)
0 1 89 1095 3236 16 (D 365,1,1) (S 175,4,451) (S 202,484,543) (S 257,94,592) (S 309,515,551) (S 327,475,476) (S 384,242,242) (S 479,174,174) (S 482,176,176) (S 492,332,332) (S 494,226,226) (S 500,218,218) (S 516,83,83) (S 544,107,107) (S 653,108,108) (D 365,1,1)
0 1 90 789 2196 9 (D 365,1,1) (S 11,94,496) (S 82,603,604) (S 110,163,711) (S 303,164,665) (S 378,161,161) (S 554,163,163) (S 619,201,201) (D 365,1,1)
0 1 91 187 365 6 (D 365,1,1) (S 71,7,356) (S 255,279,390) (S 458,59,59) (S 518,12,12) (D 365,1,1)
0 1 92 652 1355 9 (D 365,1,1) (S 104,401,409) (S 106,468,470) (S 269,470,639) (S 453,71,71) (S 463,72,72) (S 481,74,74) (S 696,73,73) (D 365,1,1)
0 1 93 567 1158 8 (D 365,1,1) (S 124,349,419) (S 180,45,348) (S 210,264,432) (S 256,445,446) (S 331,443,444) (S 335,452,453) (D 365,1,1)
0 1 94 826 1406 7 (D 365,1,1) (S 197,425,473) (S 231,427,428) (S 250,439,440) (S 560,51,51) (S 593,272,272) (D 365,1,1)
0 1 95 1325 2211 10 (D 365,1,1) (S 127,40,412) (S 137,442,460) (S 237,281,442) (S 315,351,352) (S 316,16,437) (S 330,346,353) (S 370,67,67) (S 531,22,22) (D 365,1,1)
0 1 96 888 1870 8 (D 365,1,1) (S 21,301,605) (S 282,573,574) (S 340,96,106) (S 345,104,532) (S 354,551,606) (S 418,265,265) (D 365,1,1)
0 1 97 531 1213 8 (D 365,1,1) (S 150,375,413) (S 211,48,435) (S 406,276,276) (S 595,11,11) (S 673,56,56) (S 684,266,266) (D 365,1,1)
0 1 98 978 1784 8 (D 365,1,1) (S 15,273,396) (S 24,634,635) (S 49,431,508) (S 325,508,509) (S 514,124,124) (S 677,308,308) (D 365,1,1)
0 1 99 598 1040 10 (D 365,1,1) (S 181,27,417) (S 248,41,417) (S 318,417,448) (S 365,24,24) (S 411,81,81) (S 439,268,268) (S 530,82,82) (S 648,279,279) (D 365,1,1)
0 1 100 682 1208 10 (D 365,1,1) (S 138,356,357) (S 236,275,287) (S 260,404,418) (S 337,4,339) (S 339,287,418) (S 444,3,3) (S 571,4,4) (S 618,286,286) (D 365,1,1)
0 1 101 1063 1712 6 (D 365,1,1) (S 193,358,359) (S 235,352,354) (S 326,458,459) (S 466,49,49) (D 365,1,1)
0 1 102 559 2509 7 (D 365,1,1) (S 189,429,431) (S 205,202,712) (S 399,206,206) (S 401,208,208) (S 638,209,209) (D 365,1,1)
0 1 103 1400 2486 8 (D 365,1,1) (S 148,468,469) (S 162,396,429) (S 192,428,429) (S 321,471,472) (S 323,637,638) (S 343,517,544) (D 365,1,1)
0 1 104 567 1450 8 (D 365,1,1) (S 27,264,389) (S 85,281,358) (S 96,595,596) (S 301,526,527) (S 552,50,50) (S 649,48,48) (D 365,1,1)
0 1 105 728 1782 11 (D 365,1,1) (S 99,279,389) (S 113,526,596) (S 129,392,438) (S 451,33,33) (S 489,32,32) (S 505,17,17) (S 523,14,14) (S 579,134,134) (S 642,65,65) (D 365,1,1)
0 1 106 1161 3762 12 (D 365,1,1) (S 128,364,365) (S 146,93,493) (S 278,87,483) (S 302,550,583) (S 304,189,700) (S 388,189,189) (S 434,193,193) (S 501,210,210) (S 534,192,192) (S 556,202,202) (D 365,1,1)
0 1 107 1872 3635 7 (D 365,1,1) (S 69,373,391) (S 244,373,374) (S 286,377,378) (S 332,541,571) (S 346,341,399) (D 365,1,1)
0 1 108 1730 2827 6 (D 365,1,1) (S 207,502,563) (S 246,629,630) (S 252,496,505) (S 310,487,488) (D 365,1,1)
0 1 109 879 1456 6 (D 365,1,1) (S 279,67,267) (S 292,41,415) (S 317,364,390) (S 441,264,264) (D 365,1,1)
0 1 110 1472 2443 7 (D 365,1,1) (S 149,462,463) (S 265,360,421) (S 272,43,420) (S 334,433,434) (S 344,360,361) (D 365,1,1)
0 1 111 1214 2029 9 (D 365,1,1) (S 101,40,402) (S 186,35,402) (S 233,402,433) (S 429,35,35) (S 570,40,40) (S 631,16,16) (S 656,282,282) (D 365,1,1)
0 1 112 1270 2151 8 (D 365,1,1) (S 212,375,414) (S 240,86,553) (S 342,613,614) (S 389,316,316) (S 456,5,5) (S 498,275,275) (D 365,1,1)
0 1 113 1229 3002 9 (D 365,1,1) (S 185,21,424) (S 198,234,666) (S 201,321,722) (S 288,235,724) (S 455,240,240) (S 465,233,233) (S 521,326,326) (D 365,1,1)
0 1 114 1899 3189 8 (D 365,1,1) (S 259,376,415) (S 262,519,520) (S 281,38,423) (S 291,397,398) (S 328,548,549) (S 350,5,400) (D 365,1,1)
0 1 115 1607 3359 5 (D 365,1,1) (S 218,10,369) (S 258,572,585) (S 299,428,430) (D 365,1,1)
0 1 116 1968 4086 6 (D 365,1,1) (S 156,344,366) (S 163,689,690) (S 497,179,179) (S 562,313,313) (D 365,1,1)
0 1 117 1929 2607 7 (D 365,1,1) (S 95,346,347) (S 100,454,461) (S 143,454,455) (S 336,358,410) (S 543,281,281) (D 365,1,1)
