14490
6
832220061
1748194906
 0 1 1 1943 2555 11 (D 0,1,1) (S 5,4,4) (S 19,4,3) (S 21,3,4) (S 18,4,9) (S 13,9,3) (S 36,9,14) (S 20,12,22) (S 23,22,16) (S 33,16,10) (D 0,1,1)
 0 1 2 1832 2215 8 (D 0,1,1) (S 14,6,12) (S 31,11,10) (S 38,11,16) (S 2,16,16) (S 9,16,21) (S 41,20,10) (D 0,1,1)
 0 1 3 1869 2484 9 (D 0,1,1) (S 42,2,6) (S 6,10,10) (S 10,2,7) (S 7,7,7) (S 30,7,6) (S 26,12,13) (S 34,10,1) (D 0,1,1)
 0 1 4 1822 2349 5 (D 0,1,1) (S 12,15,9) (S 1,5,5) (S 11,15,14) (D 0,1,1)
 0 1 5 1929 2496 9 (D 0,1,1) (S 40,4,5) (S 32,14,18) (S 4,19,19) (S 37,25,24) (S 15,17,18) (S 3,18,18) (S 22,19,15) (D 0,1,1)
 0 1 6 1921 2391 7 (D 0,1,1) (S 16,20,21) (S 17,21,22) (S 8,22,23) (S 35,23,17) (S 25,17,13) (D 0,1,1)
