493
9
6253800
1748278478
0 1 1 10 34 5 (D 1,1,1) (S 2,5,7) (S 12,13,22) (S 27,2,2) (D 1,1,1)
0 1 2 18 55 6 (D 1,1,1) (S 0,2,4) (S 7,6,15) (S 34,15,15) (S 36,11,11) (D 1,1,1)
0 1 3 20 47 5 (D 1,1,1) (S 1,2,22) (S 4,2,7) (S 29,7,7) (D 1,1,1)
0 1 4 25 56 5 (D 1,1,1) (S 8,10,18) (S 30,10,10) (S 33,12,12) (D 1,1,1)
0 1 5 37 62 7 (D 1,1,1) (S 3,3,8) (S 16,8,20) (S 20,21,22) (S 23,13,14) (S 35,14,14) (D 1,1,1)
0 1 6 37 59 9 (D 1,1,1) (S 5,9,19) (S 6,1,11) (S 10,16,17) (S 11,17,18) (S 15,18,19) (S 18,19,20) (S 25,20,21) (D 1,1,1)
0 1 7 21 49 6 (D 1,1,1) (S 9,5,14) (S 17,5,6) (S 31,6,6) (S 32,4,4) (D 1,1,1)
0 1 8 20 57 7 (D 1,1,1) (S 13,4,1) (S 19,3,4) (S 21,3,21) (S 28,3,3) (S 37,9,9) (D 1,1,1)
0 1 9 36 74 6 (D 1,1,1) (S 14,5,1) (S 22,2,1) (S 24,9,10) (S 26,8,8) (D 1,1,1)
