7614
13
5253682800
5253682800
0 1 1 3877 540 16 (D 0,1,1) (S 1,7,1) (S 2,7,14) (S 3,21,20) (S 4,21,26) (S 5,26,27) (S 6,27,29) (S 7,28,29) (S 8,26,27) (S 9,27,23) (S 10,23,24) (S 11,23,24) (S 12,22,21) (S 13,14,21) (S 14,14,8) (S 15,8,7) (S 16,7,1) (D 0,1,1)
0 1 2 2324 294 10 (D 0,1,1) (S 17,1,2) (S 18,2,3) (S 19,4,5) (S 20,5,6) (S 21,13,19) (S 22,19,18) (S 23,18,10) (S 24,8,9) (S 25,8,7) (S 26,7,1) (D 0,1,1)
0 1 3 3309 523 16 (D 0,1,1) (S 27,1,2) (S 28,2,3) (S 29,4,10) (S 30,11,10) (S 31,11,18) (S 32,18,24) (S 33,29,30) (S 34,29,30) (S 35,31,30) (S 36,31,25) (S 37,24,25) (S 38,18,24) (S 39,18,10) (S 40,8,9) (S 41,8,7) (S 42,7,1) (D 0,1,1)
0 1 4 2199 219 9 (D 0,1,1) (S 43,1,2) (S 44,8,2) (S 45,20,15) (S 46,20,22) (S 47,22,21) (S 48,14,21) (S 49,14,8) (S 50,8,7) (S 51,7,1) (D 0,1,1)
0 1 5 4184 565 19 (D 0,1,1) (S 52,7,1) (S 53,7,14) (S 54,14,21) (S 55,21,26) (S 56,26,27) (S 57,27,23) (S 58,16,23) (S 59,17,18) (S 60,18,24) (S 61,31,30) (S 62,31,25) (S 63,25,19) (S 64,13,19) (S 65,12,13) (S 66,12,11) (S 67,11,10) (S 68,8,9) (S 69,8,7) (S 70,7,1) (D 0,1,1)
0 1 6 2589 254 10 (D 0,1,1) (S 71,1,2) (S 72,9,16) (S 73,15,16) (S 74,20,15) (S 75,20,22) (S 76,22,21) (S 77,14,21) (S 78,14,8) (S 79,8,7) (S 80,7,1) (D 0,1,1)
0 1 7 2860 279 11 (D 0,1,1) (S 81,1,2) (S 82,2,3) (S 83,4,5) (S 84,4,5) (S 85,4,10) (S 86,18,10) (S 87,17,18) (S 88,9,16) (S 89,8,9) (S 90,8,7) (S 91,7,1) (D 0,1,1)
0 1 8 2269 205 10 (D 0,1,1) (S 92,1,2) (S 93,2,3) (S 94,9,3) (S 95,9,16) (S 96,9,16) (S 97,8,9) (S 98,14,8) (S 99,14,8) (S 100,8,7) (S 101,7,1) (D 0,1,1)
0 1 9 2970 321 12 (D 0,1,1) (S 102,1,2) (S 103,2,3) (S 104,4,5) (S 105,5,6) (S 106,13,19) (S 107,19,12) (S 108,12,11) (S 109,11,18) (S 110,18,10) (S 111,8,9) (S 112,8,7) (S 113,7,1) (D 0,1,1)
0 1 10 1635 173 7 (D 0,1,1) (S 114,1,2) (S 115,2,3) (S 116,8,3) (S 117,14,15) (S 118,14,8) (S 119,8,7) (S 120,7,1) (D 0,1,1)
0 1 11 4014 460 16 (D 0,1,1) (S 121,1,2) (S 122,8,2) (S 123,11,18) (S 124,11,5) (S 125,5,6) (S 126,5,6) (S 127,4,5) (S 128,4,10) (S 129,10,3) (S 130,9,3) (S 131,9,16) (S 132,20,15) (S 133,14,15) (S 134,14,8) (S 135,8,7) (S 136,7,1) (D 0,1,1)
0 1 12 3307 331 12 (D 0,1,1) (S 137,7,1) (S 138,7,14) (S 139,14,21) (S 140,21,26) (S 141,26,27) (S 142,27,29) (S 143,28,29) (S 144,21,26) (S 145,14,21) (S 146,14,8) (S 147,8,7) (S 148,7,1) (D 0,1,1)
0 1 13 1424 153 6 (D 0,1,1) (S 149,1,2) (S 150,2,3) (S 151,4,10) (S 152,8,9) (S 153,8,7) (S 154,7,1) (D 0,1,1)
