1444
17
60024000
1748278481
0 1 1 15 72 4 (D 1,1,1) (S 0,30,31) (S 82,31,31) (D 1,1,1)
0 1 2 21 63 5 (D 1,1,1) (S 32,22,15) (S 53,15,14) (S 84,14,14) (D 1,1,1)
0 1 3 40 97 9 (D 1,1,1) (S 12,19,20) (S 13,21,22) (S 39,22,28) (S 54,28,23) (S 59,23,22) (S 60,28,22) (S 85,28,28) (D 1,1,1)
0 1 4 40 101 9 (D 1,1,1) (S 3,28,34) (S 19,33,34) (S 36,34,33) (S 55,33,32) (S 65,27,21) (S 68,15,15) (S 69,8,8) (D 1,1,1)
0 1 5 19 54 6 (D 1,1,1) (S 25,3,4) (S 41,4,3) (S 46,9,3) (S 74,3,3) (D 1,1,1)
0 1 6 22 71 5 (D 1,1,1) (S 31,25,19) (S 61,25,26) (S 71,20,20) (D 1,1,1)
0 1 7 30 85 8 (D 1,1,1) (S 1,13,14) (S 4,8,9) (S 20,17,11) (S 34,11,5) (S 56,5,11) (S 81,10,10) (D 1,1,1)
0 1 8 45 99 8 (D 1,1,1) (S 10,4,11) (S 17,4,10) (S 30,10,16) (S 57,16,10) (S 77,16,16) (S 78,4,4) (D 1,1,1)
0 1 9 57 119 9 (D 1,1,1) (S 11,16,23) (S 27,24,34) (S 35,32,33) (S 50,34,24) (S 67,24,24) (S 73,21,21) (S 75,13,13) (D 1,1,1)
0 1 10 55 118 7 (D 1,1,1) (S 2,9,10) (S 5,10,11) (S 38,11,17) (S 40,17,24) (S 72,11,11) (D 1,1,1)
0 1 11 52 117 9 (D 1,1,1) (S 15,31,26) (S 16,26,27) (S 37,26,31) (S 44,30,25) (S 52,25,30) (S 70,30,30) (S 76,19,19) (D 1,1,1)
0 1 12 16 33 4 (D 1,1,1) (S 29,12,6) (S 66,6,6) (D 1,1,1)
0 1 13 26 43 6 (D 1,1,1) (S 9,1,7) (S 26,7,13) (S 51,13,2) (S 64,2,8) (D 1,1,1)
0 1 14 46 108 7 (D 1,1,1) (S 23,19,18) (S 24,25,29) (S 48,29,25) (S 49,26,25) (S 83,18,18) (D 1,1,1)
0 1 15 25 49 7 (D 1,1,1) (S 8,2,3) (S 22,3,9) (S 33,9,15) (S 62,15,21) (S 63,2,1) (D 1,1,1)
0 1 16 54 117 9 (D 1,1,1) (S 7,6,7) (S 14,8,14) (S 42,14,20) (S 43,26,20) (S 45,22,23) (S 79,23,23) (S 80,27,27) (D 1,1,1)
0 1 17 51 98 8 (D 1,1,1) (S 6,6,18) (S 18,12,18) (S 21,18,12) (S 28,1,2) (S 47,16,15) (S 58,2,13) (D 1,1,1)
