242
7
4026900
1748278478
0 1 1 9 21 6 (D 1,1,1) (S 0,8,9) (S 5,2,5) (S 6,5,7) (S 29,7,7) (D 1,1,1)
0 1 2 18 33 7 (D 1,1,1) (S 1,4,8) (S 3,2,3) (S 12,3,8) (S 17,2,9) (S 19,1,5) (D 1,1,1)
0 1 3 18 27 5 (D 1,1,1) (S 9,5,8) (S 16,4,9) (S 27,6,6) (D 1,1,1)
0 1 4 21 37 7 (D 1,1,1) (S 4,5,9) (S 13,5,6) (S 20,6,8) (S 21,1,4) (S 25,4,4) (D 1,1,1)
0 1 5 24 41 8 (D 1,1,1) (S 2,3,6) (S 7,4,6) (S 11,1,6) (S 15,1,7) (S 22,7,8) (S 28,9,9) (D 1,1,1)
0 1 6 34 40 6 (D 1,1,1) (S 10,6,7) (S 18,2,6) (S 23,3,4) (S 24,2,2) (D 1,1,1)
0 1 7 29 43 5 (D 1,1,1) (S 8,1,3) (S 14,1,8) (S 26,3,3) (D 1,1,1)
