25717
39
7695772800
7695772800
0 1 1 7732 873 25 (D 0,1,1) (S 1,1,8) (S 2,8,10) (S 3,10,11) (S 4,11,18) (S 5,27,18) (S 6,27,28) (S 7,28,38) (S 8,38,39) (S 9,39,40) (S 10,40,49) (S 11,49,58) (S 12,58,59) (S 13,50,59) (S 14,41,50) (S 15,32,41) (S 16,32,33) (S 17,32,33) (S 18,31,32) (S 19,25,31) (S 20,25,20) (S 21,13,20) (S 22,12,13) (S 23,9,11) (S 24,2,9) (S 25,1,2) (D 0,1,1)
0 1 2 7697 798 22 (D 0,1,1) (S 26,1,8) (S 27,8,10) (S 28,10,11) (S 29,12,19) (S 30,19,28) (S 31,28,38) (S 32,38,39) (S 33,39,48) (S 34,48,57) (S 35,57,58) (S 36,58,59) (S 37,50,59) (S 38,41,50) (S 39,32,41) (S 40,31,32) (S 41,25,31) (S 42,25,20) (S 43,13,20) (S 44,12,13) (S 45,9,11) (S 46,2,9) (S 47,1,2) (D 0,1,1)
0 1 3 3259 302 10 (D 0,1,1) (S 48,1,8) (S 49,8,10) (S 50,10,17) (S 51,17,26) (S 52,26,27) (S 53,27,18) (S 54,11,18) (S 55,9,11) (S 56,2,9) (S 57,1,2) (D 0,1,1)
0 1 4 7961 571 22 (D 0,1,1) (S 58,1,8) (S 59,8,10) (S 60,10,17) (S 61,17,26) (S 62,26,34) (S 63,34,35) (S 64,35,37) (S 65,37,43) (S 66,43,46) (S 67,45,46) (S 68,45,52) (S 69,52,53) (S 70,46,53) (S 71,43,46) (S 72,37,43) (S 73,35,37) (S 74,35,27) (S 75,27,18) (S 76,11,18) (S 77,9,11) (S 78,2,9) (S 79,1,2) (D 0,1,1)
0 1 5 7385 731 20 (D 0,1,1) (S 80,1,2) (S 81,2,3) (S 82,3,4) (S 83,4,5) (S 84,5,6) (S 85,6,15) (S 86,15,23) (S 87,23,24) (S 88,33,24) (S 89,33,42) (S 90,41,42) (S 91,32,41) (S 92,31,32) (S 93,25,31) (S 94,25,20) (S 95,13,20) (S 96,12,13) (S 97,9,11) (S 98,2,9) (S 99,1,2) (D 0,1,1)
0 1 6 4927 557 15 (D 0,1,1) (S 100,1,8) (S 101,8,10) (S 102,10,11) (S 103,12,19) (S 104,19,28) (S 105,28,38) (S 106,38,44) (S 107,43,44) (S 108,37,43) (S 109,36,37) (S 110,27,18) (S 111,11,18) (S 112,9,11) (S 113,2,9) (S 114,1,2) (D 0,1,1)
0 1 7 5577 656 18 (D 0,1,1) (S 115,1,8) (S 116,8,10) (S 117,10,11) (S 118,12,19) (S 119,19,28) (S 120,28,38) (S 121,38,39) (S 122,39,48) (S 123,47,48) (S 124,47,48) (S 125,39,48) (S 126,39,29) (S 127,29,19) (S 128,18,19) (S 129,11,18) (S 130,9,11) (S 131,2,9) (S 132,1,2) (D 0,1,1)
0 1 8 6382 530 15 (D 0,1,1) (S 133,1,8) (S 134,8,10) (S 135,10,11) (S 136,12,19) (S 137,19,20) (S 138,20,21) (S 139,21,22) (S 140,14,22) (S 141,14,15) (S 142,6,15) (S 143,5,6) (S 144,4,5) (S 145,3,4) (S 146,2,3) (S 147,1,2) (D 0,1,1)
0 1 9 7982 656 21 (D 0,1,1) (S 148,1,8) (S 149,8,10) (S 150,10,17) (S 151,17,26) (S 152,26,34) (S 153,34,35) (S 154,35,37) (S 155,37,43) (S 156,43,44) (S 157,44,47) (S 158,47,56) (S 159,56,57) (S 160,48,57) (S 161,39,48) (S 162,39,29) (S 163,29,19) (S 164,18,19) (S 165,11,18) (S 166,9,11) (S 167,2,9) (S 168,1,2) (D 0,1,1)
0 1 10 5351 518 14 (D 0,1,1) (S 169,1,8) (S 170,8,10) (S 171,10,11) (S 172,12,13) (S 173,13,14) (S 174,14,22) (S 175,22,23) (S 176,22,23) (S 177,14,22) (S 178,13,14) (S 179,12,13) (S 180,9,11) (S 181,2,9) (S 182,1,2) (D 0,1,1)
0 1 11 2379 148 6 (D 0,1,1) (S 183,1,8) (S 184,8,10) (S 185,10,11) (S 186,9,11) (S 187,2,9) (S 188,1,2) (D 0,1,1)
0 1 12 6915 639 20 (D 0,1,1) (S 189,1,8) (S 190,8,10) (S 191,10,17) (S 192,17,26) (S 193,26,34) (S 194,36,34) (S 195,36,45) (S 196,45,52) (S 197,52,54) (S 198,53,55) (S 199,55,56) (S 200,47,56) (S 201,46,47) (S 202,43,46) (S 203,37,43) (S 204,35,37) (S 205,11,18) (S 206,9,11) (S 207,2,9) (S 208,1,2) (D 0,1,1)
0 1 13 5404 510 15 (D 0,1,1) (S 209,1,8) (S 210,8,10) (S 211,10,11) (S 212,12,19) (S 213,19,20) (S 214,20,29) (S 215,28,29) (S 216,28,38) (S 217,28,38) (S 218,27,28) (S 219,27,18) (S 220,11,18) (S 221,9,11) (S 222,2,9) (S 223,1,2) (D 0,1,1)
0 1 14 3990 378 10 (D 0,1,1) (S 224,1,2) (S 225,2,3) (S 226,3,4) (S 227,4,13) (S 228,12,13) (S 229,12,13) (S 230,4,13) (S 231,3,4) (S 232,2,3) (S 233,1,2) (D 0,1,1)
0 1 15 4062 428 12 (D 0,1,1) (S 234,1,8) (S 235,8,10) (S 236,10,11) (S 237,12,13) (S 238,13,19) (S 239,19,28) (S 240,27,28) (S 241,27,18) (S 242,11,18) (S 243,9,11) (S 244,2,9) (S 245,1,2) (D 0,1,1)
0 1 16 7800 700 20 (D 0,1,1) (S 246,1,8) (S 247,8,10) (S 248,10,11) (S 249,12,19) (S 250,19,20) (S 251,25,20) (S 252,25,31) (S 253,31,40) (S 254,40,49) (S 255,48,49) (S 256,48,49) (S 257,40,49) (S 258,31,40) (S 259,25,31) (S 260,25,20) (S 261,13,20) (S 262,12,13) (S 263,9,11) (S 264,2,9) (S 265,1,2) (D 0,1,1)
0 1 17 6392 512 19 (D 0,1,1) (S 266,1,8) (S 267,8,10) (S 268,10,17) (S 269,17,26) (S 270,26,34) (S 271,36,34) (S 272,36,45) (S 273,45,52) (S 274,52,54) (S 275,52,54) (S 276,45,52) (S 277,36,45) (S 278,36,34) (S 279,26,34) (S 280,18,26) (S 281,11,18) (S 282,9,11) (S 283,2,9) (S 284,1,2) (D 0,1,1)
0 1 18 3687 458 11 (D 0,1,1) (S 285,1,8) (S 286,8,10) (S 287,10,17) (S 288,18,19) (S 289,18,19) (S 290,11,18) (S 291,9,11) (S 292,2,9) (S 293,2,3) (S 294,2,3) (S 295,1,2) (D 0,1,1)
0 1 19 4746 450 12 (D 0,1,1) (S 296,1,2) (S 297,2,3) (S 298,3,4) (S 299,4,5) (S 300,5,14) (S 301,5,14) (S 302,5,6) (S 303,5,6) (S 304,4,5) (S 305,3,4) (S 306,2,3) (S 307,1,2) (D 0,1,1)
0 1 20 4007 412 10 (D 0,1,1) (S 308,1,8) (S 309,8,10) (S 310,10,11) (S 311,20,21) (S 312,20,21) (S 313,13,20) (S 314,12,13) (S 315,9,11) (S 316,2,9) (S 317,1,2) (D 0,1,1)
0 1 21 9528 928 26 (D 0,1,1) (S 318,1,8) (S 319,8,10) (S 320,10,11) (S 321,12,19) (S 322,19,20) (S 323,25,20) (S 324,25,31) (S 325,31,40) (S 326,40,49) (S 327,49,58) (S 328,58,59) (S 329,59,60) (S 330,59,60) (S 331,50,59) (S 332,50,51) (S 333,51,42) (S 334,41,42) (S 335,32,41) (S 336,31,32) (S 337,25,31) (S 338,25,20) (S 339,13,20) (S 340,12,13) (S 341,9,11) (S 342,2,9) (S 343,1,2) (D 0,1,1)
0 1 22 6002 660 16 (D 0,1,1) (S 344,1,8) (S 345,8,10) (S 346,10,11) (S 347,25,20) (S 348,25,31) (S 349,31,32) (S 350,23,32) (S 351,23,24) (S 352,24,16) (S 353,15,16) (S 354,14,15) (S 355,13,14) (S 356,12,13) (S 357,9,11) (S 358,2,9) (S 359,1,2) (D 0,1,1)
0 1 23 5608 600 18 (D 0,1,1) (S 360,1,8) (S 361,8,10) (S 362,10,11) (S 363,12,19) (S 364,19,28) (S 365,28,38) (S 366,38,39) (S 367,38,39) (S 368,38,44) (S 369,43,46) (S 370,37,43) (S 371,35,37) (S 372,35,27) (S 373,27,18) (S 374,11,18) (S 375,9,11) (S 376,2,9) (S 377,1,2) (D 0,1,1)
0 1 24 7382 611 21 (D 0,1,1) (S 378,1,8) (S 379,8,10) (S 380,10,17) (S 381,17,26) (S 382,26,34) (S 383,36,34) (S 384,36,45) (S 385,45,52) (S 386,52,54) (S 387,54,55) (S 388,53,55) (S 389,46,53) (S 390,46,47) (S 391,37,43) (S 392,35,37) (S 393,35,27) (S 394,27,18) (S 395,11,18) (S 396,9,11) (S 397,2,9) (S 398,1,2) (D 0,1,1)
0 1 25 6744 667 19 (D 0,1,1) (S 399,1,8) (S 400,8,10) (S 401,10,11) (S 402,12,19) (S 403,19,20) (S 404,20,21) (S 405,21,22) (S 406,31,22) (S 407,31,32) (S 408,32,33) (S 409,33,24) (S 410,23,24) (S 411,15,23) (S 412,14,15) (S 413,13,14) (S 414,12,13) (S 415,9,11) (S 416,2,9) (S 417,1,2) (D 0,1,1)
0 1 26 5450 623 17 (D 0,1,1) (S 418,1,8) (S 419,8,10) (S 420,10,11) (S 421,12,19) (S 422,19,20) (S 423,20,29) (S 424,29,19) (S 425,18,19) (S 426,18,26) (S 427,26,34) (S 428,36,34) (S 429,35,27) (S 430,27,18) (S 431,11,18) (S 432,9,11) (S 433,2,9) (S 434,1,2) (D 0,1,1)
0 1 27 8039 674 24 (D 0,1,1) (S 435,1,8) (S 436,8,10) (S 437,10,11) (S 438,12,19) (S 439,19,20) (S 440,20,21) (S 441,21,22) (S 442,31,22) (S 443,25,31) (S 444,25,30) (S 445,30,29) (S 446,28,29) (S 447,28,37) (S 448,37,43) (S 449,43,46) (S 450,43,46) (S 451,37,43) (S 452,35,37) (S 453,35,27) (S 454,27,18) (S 455,11,18) (S 456,9,11) (S 457,2,9) (S 458,1,2) (D 0,1,1)
0 1 28 2976 358 9 (D 0,1,1) (S 459,1,2) (S 460,2,3) (S 461,12,3) (S 462,10,11) (S 463,10,17) (S 464,17,11) (S 465,9,11) (S 466,2,9) (S 467,1,2) (D 0,1,1)
0 1 29 4781 600 14 (D 0,1,1) (S 468,1,2) (S 469,2,3) (S 470,3,4) (S 471,4,5) (S 472,5,6) (S 473,6,7) (S 474,7,16) (S 475,15,16) (S 476,15,23) (S 477,13,14) (S 478,12,13) (S 479,9,11) (S 480,2,9) (S 481,1,2) (D 0,1,1)
0 1 30 4947 631 16 (D 0,1,1) (S 482,1,8) (S 483,8,10) (S 484,10,11) (S 485,12,19) (S 486,19,20) (S 487,31,22) (S 488,31,40) (S 489,39,40) (S 490,39,29) (S 491,30,29) (S 492,25,30) (S 493,18,19) (S 494,11,18) (S 495,9,11) (S 496,2,9) (S 497,1,2) (D 0,1,1)
0 1 31 7856 706 20 (D 0,1,1) (S 498,1,8) (S 499,8,10) (S 500,10,11) (S 501,12,19) (S 502,19,20) (S 503,25,20) (S 504,25,31) (S 505,31,40) (S 506,40,49) (S 507,49,50) (S 508,41,50) (S 509,32,41) (S 510,31,32) (S 511,25,31) (S 512,25,20) (S 513,13,20) (S 514,12,13) (S 515,9,11) (S 516,2,9) (S 517,1,2) (D 0,1,1)
0 1 32 7206 622 18 (D 0,1,1) (S 518,1,8) (S 519,8,10) (S 520,10,11) (S 521,12,19) (S 522,19,20) (S 523,25,20) (S 524,25,31) (S 525,31,32) (S 526,32,41) (S 527,32,41) (S 528,31,32) (S 529,25,31) (S 530,25,20) (S 531,13,20) (S 532,12,13) (S 533,9,11) (S 534,2,9) (S 535,1,2) (D 0,1,1)
0 1 33 5106 494 14 (D 0,1,1) (S 536,1,8) (S 537,8,10) (S 538,10,11) (S 539,12,19) (S 540,19,20) (S 541,25,20) (S 542,25,31) (S 543,30,31) (S 544,30,29) (S 545,28,29) (S 546,11,18) (S 547,9,11) (S 548,2,9) (S 549,1,2) (D 0,1,1)
0 1 34 2040 116 4 (D 0,1,1) (S 550,1,8) (S 551,8,9) (S 552,2,9) (S 553,1,2) (D 0,1,1)
0 1 35 4054 380 10 (D 0,1,1) (S 554,1,2) (S 555,2,3) (S 556,3,4) (S 557,4,5) (S 558,5,6) (S 559,5,6) (S 560,4,5) (S 561,3,4) (S 562,2,3) (S 563,1,2) (D 0,1,1)
0 1 36 4331 347 12 (D 0,1,1) (S 564,1,8) (S 565,8,10) (S 566,10,17) (S 567,17,26) (S 568,26,34) (S 569,34,35) (S 570,35,27) (S 571,27,18) (S 572,11,18) (S 573,9,11) (S 574,2,9) (S 575,1,2) (D 0,1,1)
0 1 37 4799 428 12 (D 0,1,1) (S 576,1,8) (S 577,8,10) (S 578,10,17) (S 579,17,26) (S 580,18,26) (S 581,18,19) (S 582,19,20) (S 583,13,20) (S 584,12,13) (S 585,9,11) (S 586,2,9) (S 587,1,2) (D 0,1,1)
0 1 38 2379 148 6 (D 0,1,1) (S 588,1,8) (S 589,8,10) (S 590,10,11) (S 591,9,11) (S 592,2,9) (S 593,1,2) (D 0,1,1)
0 1 39 5155 385 14 (D 0,1,1) (S 594,1,8) (S 595,8,10) (S 596,10,17) (S 597,17,26) (S 598,26,34) (S 599,36,34) (S 600,36,37) (S 601,35,37) (S 602,35,27) (S 603,27,18) (S 604,11,18) (S 605,9,11) (S 606,2,9) (S 607,1,2) (D 0,1,1)
