22272
29
12841800
1748195716
0 1 1 130 722 7 (D 1,1,1) (S 1,76,76) (S 7,16,16) (S 88,13,16) (S 103,15,77) (S 127,7,8) (D 1,1,1)
0 1 2 121 511 6 (D 1,1,1) (S 2,45,45) (S 41,44,45) (S 15,44,44) (S 113,44,59) (D 1,1,1)
0 1 3 111 655 5 (D 1,1,1) (S 3,56,56) (S 67,56,67) (S 26,67,67) (D 1,1,1)
0 1 4 85 463 6 (D 1,1,1) (S 4,8,8) (S 55,8,9) (S 70,5,6) (S 39,5,7) (D 1,1,1)
0 1 5 107 630 6 (D 1,1,1) (S 5,53,53) (S 30,24,24) (S 8,51,51) (S 23,54,54) (D 1,1,1)
0 1 6 112 994 6 (D 1,1,1) (S 6,22,22) (S 47,23,31) (S 104,31,32) (S 37,22,24) (D 1,1,1)
0 1 7 129 746 11 (D 1,1,1) (S 9,48,48) (S 54,19,50) (S 92,52,54) (S 108,52,53) (S 71,51,53) (S 80,49,51) (S 89,49,50) (S 117,47,48) (S 115,47,49) (D 1,1,1)
0 1 8 119 772 8 (D 1,1,1) (S 10,13,13) (S 40,13,14) (S 77,14,15) (S 114,15,17) (S 98,13,77) (S 12,77,77) (D 1,1,1)
0 1 9 126 987 9 (D 1,1,1) (S 11,28,28) (S 90,28,29) (S 119,26,28) (S 100,26,27) (S 68,25,29) (S 102,23,26) (S 94,25,26) (D 1,1,1)
0 1 10 126 1272 7 (D 1,1,1) (S 13,34,34) (S 61,32,34) (S 49,32,33) (S 112,30,31) (S 65,37,38) (D 1,1,1)
0 1 11 123 753 6 (D 1,1,1) (S 14,62,62) (S 122,62,63) (S 111,62,66) (S 105,62,67) (D 1,1,1)
0 1 12 115 691 5 (D 1,1,1) (S 16,9,9) (S 48,10,11) (S 58,11,48) (D 1,1,1)
0 1 13 130 840 6 (D 1,1,1) (S 17,12,12) (S 51,18,19) (S 74,19,20) (S 107,76,77) (D 1,1,1)
0 1 14 126 814 7 (D 1,1,1) (S 18,65,65) (S 109,63,65) (S 78,63,64) (S 52,60,67) (S 38,60,62) (D 1,1,1)
0 1 15 123 813 10 (D 1,1,1) (S 19,40,40) (S 46,39,40) (S 42,40,41) (S 28,41,41) (S 43,35,41) (S 97,41,42) (S 32,42,56) (S 121,42,43) (D 1,1,1)
0 1 16 121 678 6 (D 1,1,1) (S 20,50,50) (S 79,19,21) (S 99,21,22) (S 27,46,46) (D 1,1,1)
0 1 17 126 1084 6 (D 1,1,1) (S 21,70,70) (S 81,70,71) (S 82,73,74) (S 73,71,73) (D 1,1,1)
0 1 18 129 672 7 (D 1,1,1) (S 22,43,43) (S 118,42,57) (S 24,57,57) (S 34,58,59) (S 29,59,59) (D 1,1,1)
0 1 19 125 749 5 (D 1,1,1) (S 25,68,68) (S 116,66,68) (S 69,58,60) (D 1,1,1)
0 1 20 121 518 5 (D 1,1,1) (S 31,58,69) (S 95,4,69) (S 45,2,3) (D 1,1,1)
0 1 21 130 1066 6 (D 1,1,1) (S 33,35,39) (S 36,33,36) (S 66,33,37) (S 120,37,39) (D 1,1,1)
0 1 22 88 386 4 (D 1,1,1) (S 35,1,2) (S 44,4,5) (D 1,1,1)
0 1 23 124 838 10 (D 1,1,1) (S 50,23,75) (S 72,25,75) (S 85,24,25) (S 75,22,75) (S 57,24,53) (S 64,21,51) (S 53,50,52) (S 60,45,46) (D 1,1,1)
0 1 24 128 712 5 (D 1,1,1) (S 56,57,58) (S 93,60,61) (S 101,59,69) (D 1,1,1)
0 1 25 128 1048 10 (D 1,1,1) (S 59,18,20) (S 124,12,16) (S 83,71,72) (S 96,72,73) (S 110,20,76) (S 63,12,76) (S 91,11,12) (S 84,9,10) (D 1,1,1)
0 1 26 130 954 4 (D 1,1,1) (S 62,15,18) (S 86,18,72) (D 1,1,1)
0 1 27 95 460 4 (D 1,1,1) (S 76,11,59) (S 125,2,4) (D 1,1,1)
0 1 28 124 666 5 (D 1,1,1) (S 87,43,44) (S 106,46,47) (S 123,44,46) (D 1,1,1)
0 1 29 92 778 4 (D 1,1,1) (S 126,32,35) (S 128,55,56) (D 1,1,1)
