598
8
2806800
1748278478
0 1 1 10 92 4 (D 1,1,1) (S 1,11,13) (S 17,9,9) (D 1,1,1)
0 1 2 29 88 4 (D 1,1,1) (S 7,10,11) (S 19,11,11) (D 1,1,1)
0 1 3 25 96 6 (D 1,1,1) (S 0,2,7) (S 3,7,9) (S 5,8,9) (S 12,8,12) (D 1,1,1)
0 1 4 30 93 4 (D 1,1,1) (S 2,6,10) (S 6,4,11) (D 1,1,1)
0 1 5 33 77 6 (D 1,1,1) (S 4,1,2) (S 8,2,6) (S 9,6,12) (S 11,12,13) (D 1,1,1)
0 1 6 15 22 4 (D 1,1,1) (S 10,1,3) (S 16,3,3) (D 1,1,1)
0 1 7 35 75 4 (D 1,1,1) (S 14,5,5) (S 18,4,4) (D 1,1,1)
0 1 8 35 55 4 (D 1,1,1) (S 13,1,4) (S 15,2,2) (D 1,1,1)
