338
10
6125400
1748278484
0 1 1 2 3 3 (D 1,1,1) (S 25,3,1) (D 1,1,1)
0 1 2 18 48 6 (D 1,1,1) (S 7,7,8) (S 10,8,14) (S 23,14,18) (S 29,18,18) (D 1,1,1)
0 1 3 14 39 6 (D 1,1,1) (S 2,5,11) (S 6,16,17) (S 16,17,13) (S 39,13,13) (D 1,1,1)
0 1 4 10 39 5 (D 1,1,1) (S 1,10,11) (S 9,6,12) (S 32,12,12) (D 1,1,1)
0 1 5 12 34 7 (D 1,1,1) (S 8,2,4) (S 15,3,9) (S 18,19,9) (S 27,19,19) (S 33,22,22) (D 1,1,1)
0 1 6 4 14 4 (D 1,1,1) (S 20,1,3) (S 28,9,9) (D 1,1,1)
0 1 7 13 28 5 (D 1,1,1) (S 5,10,20) (S 22,20,21) (S 35,15,15) (D 1,1,1)
0 1 8 11 37 6 (D 1,1,1) (S 13,14,8) (S 17,6,7) (S 31,7,7) (S 34,4,4) (D 1,1,1)
0 1 9 32 52 10 (D 1,1,1) (S 0,19,22) (S 3,20,23) (S 4,23,24) (S 14,21,24) (S 26,24,24) (S 36,21,21) (S 37,11,11) (S 38,5,5) (D 1,1,1)
0 1 10 21 44 8 (D 1,1,1) (S 11,3,4) (S 12,15,11) (S 19,11,12) (S 21,13,14) (S 24,5,4) (S 30,2,2) (D 1,1,1)
