505
7
2120100
1748278477
0 1 1 33 123 7 (D 1,1,1) (S 1,2,8) (S 4,8,9) (S 13,11,13) (S 18,9,9) (S 20,11,11) (D 1,1,1)
0 1 2 26 48 5 (D 1,1,1) (S 6,1,5) (S 9,5,10) (S 19,10,10) (D 1,1,1)
0 1 3 31 67 4 (D 1,1,1) (S 3,1,4) (S 5,4,11) (D 1,1,1)
0 1 4 30 53 5 (D 1,1,1) (S 8,2,3) (S 11,3,6) (S 14,6,10) (D 1,1,1)
0 1 5 23 54 4 (D 1,1,1) (S 0,4,5) (S 15,4,10) (D 1,1,1)
0 1 6 34 108 7 (D 1,1,1) (S 2,2,6) (S 7,6,12) (S 12,8,12) (S 16,12,12) (S 17,7,7) (D 1,1,1)
0 1 7 35 52 4 (D 1,1,1) (S 10,1,3) (S 21,2,2) (D 1,1,1)
