1593
18
57141900
1748278482
0 1 1 29 99 5 (D 1,1,1) (S 3,34,38) (S 39,38,39) (S 69,39,39) (D 1,1,1)
0 1 2 22 91 5 (D 1,1,1) (S 12,35,36) (S 35,40,36) (S 70,36,36) (D 1,1,1)
0 1 3 35 106 8 (D 1,1,1) (S 6,32,36) (S 20,37,41) (S 30,41,37) (S 49,37,36) (S 51,36,40) (S 82,40,40) (D 1,1,1)
0 1 4 21 72 4 (D 1,1,1) (S 4,21,22) (S 55,22,28) (D 1,1,1)
0 1 5 36 103 6 (D 1,1,1) (S 38,33,27) (S 44,27,28) (S 59,28,27) (S 79,20,20) (D 1,1,1)
0 1 6 31 77 4 (D 1,1,1) (S 10,23,29) (S 46,29,34) (D 1,1,1)
0 1 7 42 137 9 (D 1,1,1) (S 16,26,32) (S 25,27,26) (S 26,25,26) (S 52,26,25) (S 54,37,33) (S 71,33,33) (S 72,12,12) (D 1,1,1)
0 1 8 34 101 7 (D 1,1,1) (S 8,27,32) (S 15,21,27) (S 22,31,32) (S 68,32,32) (S 78,18,18) (D 1,1,1)
0 1 9 24 60 7 (D 1,1,1) (S 0,17,20) (S 36,20,27) (S 50,27,20) (S 60,11,11) (S 67,5,5) (D 1,1,1)
0 1 10 46 121 9 (D 1,1,1) (S 2,31,35) (S 17,35,39) (S 23,36,39) (S 31,40,39) (S 42,39,38) (S 77,34,34) (S 81,24,24) (D 1,1,1)
0 1 11 38 73 8 (D 1,1,1) (S 5,16,19) (S 33,19,26) (S 34,26,19) (S 37,11,17) (S 47,11,16) (S 62,16,16) (D 1,1,1)
0 1 12 43 102 8 (D 1,1,1) (S 13,8,9) (S 18,9,10) (S 29,10,11) (S 40,31,25) (S 63,25,25) (S 74,30,30) (D 1,1,1)
0 1 13 36 74 6 (D 1,1,1) (S 7,24,30) (S 48,30,29) (S 76,23,23) (S 83,13,13) (D 1,1,1)
0 1 14 32 55 8 (D 1,1,1) (S 11,2,3) (S 19,3,9) (S 24,9,14) (S 45,14,15) (S 53,14,9) (S 66,14,14) (D 1,1,1)
0 1 15 30 57 5 (D 1,1,1) (S 1,4,5) (S 75,4,4) (S 80,15,15) (D 1,1,1)
0 1 16 61 117 9 (D 1,1,1) (S 14,5,6) (S 21,12,6) (S 27,10,15) (S 41,15,16) (S 57,16,11) (S 58,13,7) (S 73,7,7) (D 1,1,1)
0 1 17 32 74 6 (D 1,1,1) (S 32,8,7) (S 56,13,14) (S 64,10,10) (S 65,3,3) (D 1,1,1)
0 1 18 35 74 6 (D 1,1,1) (S 9,17,18) (S 28,17,11) (S 43,11,12) (S 61,2,2) (D 1,1,1)
