621
11
11865600
1748278481
0 1 1 31 54 7 (D 1,1,1) (S 9,6,11) (S 18,12,11) (S 23,11,12) (S 47,12,12) (S 52,11,11) (D 1,1,1)
0 1 2 32 55 7 (D 1,1,1) (S 2,20,21) (S 11,23,24) (S 27,22,23) (S 30,23,22) (S 50,22,22) (D 1,1,1)
0 1 3 17 32 8 (D 1,1,1) (S 16,1,5) (S 19,5,11) (S 22,4,2) (S 34,2,4) (S 40,4,4) (S 43,2,2) (D 1,1,1)
0 1 4 37 72 7 (D 1,1,1) (S 3,14,18) (S 4,17,18) (S 10,13,17) (S 45,17,17) (S 51,15,15) (D 1,1,1)
0 1 5 26 60 6 (D 1,1,1) (S 17,15,20) (S 20,21,23) (S 36,23,21) (S 37,5,2) (D 1,1,1)
0 1 6 14 21 4 (D 1,1,1) (S 26,9,19) (S 49,19,19) (D 1,1,1)
0 1 7 54 96 8 (D 1,1,1) (S 6,5,6) (S 7,7,8) (S 8,6,7) (S 25,7,13) (S 38,14,14) (S 46,8,8) (D 1,1,1)
0 1 8 34 49 7 (D 1,1,1) (S 1,1,19) (S 24,19,22) (S 29,1,20) (S 31,20,1) (S 42,5,5) (D 1,1,1)
0 1 9 49 84 8 (D 1,1,1) (S 5,19,20) (S 12,21,24) (S 14,16,12) (S 33,12,16) (S 39,16,16) (S 41,13,13) (D 1,1,1)
0 1 10 39 54 8 (D 1,1,1) (S 0,1,9) (S 21,3,9) (S 32,9,3) (S 35,3,10) (S 44,10,10) (S 48,3,3) (D 1,1,1)
0 1 11 25 44 5 (D 1,1,1) (S 13,1,11) (S 15,6,12) (S 28,12,6) (D 1,1,1)
