1682
20
53804100
1748278484
0 1 1 22 99 5 (D 1,1,1) (S 2,28,34) (S 30,24,17) (S 59,17,17) (D 1,1,1)
0 1 2 21 97 6 (D 1,1,1) (S 1,9,10) (S 24,11,5) (S 48,5,11) (S 53,16,17) (D 1,1,1)
0 1 3 30 100 6 (D 1,1,1) (S 3,24,34) (S 52,28,22) (S 60,24,24) (S 73,22,22) (D 1,1,1)
0 1 4 10 48 5 (D 1,1,1) (S 14,3,9) (S 39,9,3) (S 82,3,3) (D 1,1,1)
0 1 5 35 87 10 (D 1,1,1) (S 9,8,14) (S 20,14,15) (S 21,21,22) (S 31,22,28) (S 44,23,28) (S 47,28,23) (S 79,23,23) (S 80,21,21) (D 1,1,1)
0 1 6 40 90 6 (D 1,1,1) (S 5,3,10) (S 6,10,11) (S 16,11,4) (S 42,4,5) (D 1,1,1)
0 1 7 32 89 5 (D 1,1,1) (S 4,20,26) (S 17,27,28) (S 64,33,33) (D 1,1,1)
0 1 8 22 68 6 (D 1,1,1) (S 22,20,14) (S 32,20,21) (S 40,21,15) (S 57,13,2) (D 1,1,1)
0 1 9 37 102 5 (D 1,1,1) (S 26,11,24) (S 38,17,11) (S 63,16,16) (D 1,1,1)
0 1 10 21 61 5 (D 1,1,1) (S 23,9,15) (S 55,15,21) (S 68,15,15) (D 1,1,1)
0 1 11 21 88 6 (D 1,1,1) (S 0,28,33) (S 27,34,33) (S 76,32,32) (S 77,13,13) (D 1,1,1)
0 1 12 23 88 6 (D 1,1,1) (S 12,13,7) (S 34,4,3) (S 74,10,10) (S 83,4,4) (D 1,1,1)
0 1 13 41 77 7 (D 1,1,1) (S 8,12,19) (S 15,19,18) (S 50,18,19) (S 54,25,26) (S 70,19,19) (D 1,1,1)
0 1 14 33 107 7 (D 1,1,1) (S 13,31,26) (S 35,27,32) (S 37,14,20) (S 71,20,20) (S 72,18,18) (D 1,1,1)
0 1 15 17 42 5 (D 1,1,1) (S 25,1,2) (S 29,3,2) (S 67,2,2) (D 1,1,1)
0 1 16 25 48 5 (D 1,1,1) (S 33,6,1) (S 51,2,13) (S 65,12,12) (D 1,1,1)
0 1 17 29 72 6 (D 1,1,1) (S 11,22,15) (S 41,15,22) (S 46,12,6) (S 78,6,6) (D 1,1,1)
0 1 18 50 132 7 (D 1,1,1) (S 28,16,23) (S 36,31,30) (S 56,30,25) (S 62,25,25) (S 69,29,29) (D 1,1,1)
0 1 19 57 102 9 (D 1,1,1) (S 7,6,18) (S 10,13,19) (S 18,19,25) (S 45,25,30) (S 66,30,30) (S 75,31,31) (S 81,26,26) (D 1,1,1)
0 1 20 48 85 7 (D 1,1,1) (S 19,6,12) (S 43,13,12) (S 49,2,8) (S 58,8,8) (S 61,7,7) (D 1,1,1)
