1251
22
80975100
1748278487
0 1 1 6 10 3 (D 1,1,1) (S 57,1,16) (D 1,1,1)
0 1 2 35 76 8 (D 1,1,1) (S 9,45,50) (S 20,50,49) (S 26,49,48) (S 68,48,48) (S 73,46,46) (S 99,36,36) (D 1,1,1)
0 1 3 25 55 8 (D 1,1,1) (S 38,44,37) (S 48,37,38) (S 53,37,29) (S 56,29,23) (S 66,27,27) (S 102,28,28) (D 1,1,1)
0 1 4 21 57 6 (D 1,1,1) (S 3,28,36) (S 24,49,50) (S 95,49,49) (S 101,44,44) (D 1,1,1)
0 1 5 43 85 8 (D 1,1,1) (S 14,33,41) (S 16,34,42) (S 17,42,43) (S 77,43,43) (S 79,41,41) (S 84,22,22) (D 1,1,1)
0 1 6 21 51 6 (D 1,1,1) (S 13,32,40) (S 64,32,31) (S 74,31,31) (S 86,30,30) (D 1,1,1)
0 1 7 33 76 5 (D 1,1,1) (S 36,48,43) (S 40,43,48) (S 88,45,45) (D 1,1,1)
0 1 8 22 46 6 (D 1,1,1) (S 8,3,6) (S 52,2,3) (S 83,3,3) (S 90,4,4) (D 1,1,1)
0 1 9 26 51 6 (D 1,1,1) (S 5,17,24) (S 11,17,18) (S 41,18,19) (S 81,11,11) (D 1,1,1)
0 1 10 24 40 5 (D 1,1,1) (S 34,22,13) (S 75,21,21) (S 80,13,13) (D 1,1,1)
0 1 11 26 44 5 (D 1,1,1) (S 18,20,21) (S 61,13,8) (S 65,8,8) (D 1,1,1)
0 1 12 30 50 6 (D 1,1,1) (S 2,23,28) (S 46,28,27) (S 50,27,35) (S 69,38,38) (D 1,1,1)
0 1 13 23 42 6 (D 1,1,1) (S 27,11,6) (S 39,11,12) (S 97,7,7) (S 100,6,6) (D 1,1,1)
0 1 14 24 41 8 (D 1,1,1) (S 15,1,15) (S 31,29,24) (S 42,23,29) (S 51,23,15) (S 55,23,24) (S 93,24,24) (D 1,1,1)
0 1 15 26 54 8 (D 1,1,1) (S 0,26,27) (S 22,26,25) (S 33,25,33) (S 82,33,33) (S 91,25,25) (S 98,14,14) (D 1,1,1)
0 1 16 24 34 7 (D 1,1,1) (S 10,9,14) (S 45,14,22) (S 58,22,14) (S 59,1,9) (S 78,9,9) (D 1,1,1)
0 1 17 26 42 6 (D 1,1,1) (S 23,16,1) (S 32,5,6) (S 71,2,2) (S 94,5,5) (D 1,1,1)
0 1 18 50 89 8 (D 1,1,1) (S 1,5,10) (S 30,10,17) (S 35,19,32) (S 37,47,40) (S 67,32,32) (S 76,12,12) (D 1,1,1)
0 1 19 40 72 9 (D 1,1,1) (S 7,26,34) (S 21,34,35) (S 47,35,43) (S 49,15,16) (S 63,16,15) (S 70,15,15) (S 85,16,16) (D 1,1,1)
0 1 20 37 69 5 (D 1,1,1) (S 29,47,39) (S 54,39,47) (S 96,39,39) (D 1,1,1)
0 1 21 42 84 10 (D 1,1,1) (S 6,13,21) (S 25,20,25) (S 28,33,34) (S 44,36,38) (S 60,46,45) (S 62,43,35) (S 72,35,35) (S 87,10,10) (D 1,1,1)
0 1 22 50 83 8 (D 1,1,1) (S 4,28,29) (S 12,30,38) (S 19,30,39) (S 43,31,39) (S 89,29,29) (S 92,17,17) (D 1,1,1)
