1583
18
54097200
1748278481
0 1 1 20 79 6 (D 1,1,1) (S 4,9,10) (S 13,4,11) (S 31,11,5) (S 84,5,5) (D 1,1,1)
0 1 2 23 62 5 (D 1,1,1) (S 7,20,26) (S 53,26,25) (S 64,25,26) (D 1,1,1)
0 1 3 13 47 4 (D 1,1,1) (S 14,8,2) (S 66,2,8) (D 1,1,1)
0 1 4 31 93 6 (D 1,1,1) (S 6,28,34) (S 22,33,32) (S 48,21,15) (S 65,15,21) (D 1,1,1)
0 1 5 24 85 7 (D 1,1,1) (S 2,28,33) (S 19,33,34) (S 35,34,33) (S 72,28,28) (S 81,15,15) (D 1,1,1)
0 1 6 39 89 7 (D 1,1,1) (S 8,3,10) (S 23,11,4) (S 40,4,3) (S 59,16,10) (S 67,10,10) (D 1,1,1)
0 1 7 41 108 7 (D 1,1,1) (S 12,19,13) (S 28,14,15) (S 36,17,24) (S 44,17,11) (S 69,11,11) (D 1,1,1)
0 1 8 33 75 7 (D 1,1,1) (S 3,13,14) (S 5,8,9) (S 30,9,15) (S 47,9,3) (S 85,3,3) (D 1,1,1)
0 1 9 41 108 7 (D 1,1,1) (S 16,22,15) (S 49,15,22) (S 61,22,21) (S 75,21,21) (S 77,4,4) (D 1,1,1)
0 1 10 59 130 8 (D 1,1,1) (S 9,12,19) (S 18,31,32) (S 24,27,28) (S 25,24,23) (S 63,23,24) (S 79,24,24) (D 1,1,1)
0 1 11 12 31 4 (D 1,1,1) (S 29,7,6) (S 57,6,7) (D 1,1,1)
0 1 12 38 98 8 (D 1,1,1) (S 10,21,27) (S 17,32,27) (S 43,27,32) (S 46,14,20) (S 76,20,20) (S 80,13,13) (D 1,1,1)
0 1 13 50 91 9 (D 1,1,1) (S 11,13,19) (S 27,19,25) (S 37,25,29) (S 45,30,25) (S 54,25,30) (S 60,18,19) (S 68,19,19) (D 1,1,1)
0 1 14 52 131 8 (D 1,1,1) (S 21,31,26) (S 33,26,27) (S 55,15,14) (S 70,8,8) (S 74,16,16) (S 82,2,2) (D 1,1,1)
0 1 15 34 94 8 (D 1,1,1) (S 0,12,18) (S 1,22,23) (S 52,23,28) (S 56,28,23) (S 83,22,22) (S 86,7,7) (D 1,1,1)
0 1 16 42 116 8 (D 1,1,1) (S 26,6,12) (S 34,16,23) (S 41,20,19) (S 42,31,30) (S 50,30,31) (S 78,29,29) (D 1,1,1)
0 1 17 28 89 7 (D 1,1,1) (S 32,29,18) (S 38,18,29) (S 39,6,1) (S 58,1,6) (S 62,2,13) (D 1,1,1)
0 1 18 34 57 7 (D 1,1,1) (S 15,12,13) (S 20,13,7) (S 51,13,12) (S 71,12,12) (S 73,6,6) (D 1,1,1)
