1574
24
171113700
1748278480
0 1 1 13 48 5 (D 1,1,1) (S 3,25,28) (S 8,28,32) (S 111,32,32) (D 1,1,1)
0 1 2 15 51 5 (D 1,1,1) (S 5,31,37) (S 19,43,45) (S 106,45,45) (D 1,1,1)
0 1 3 21 69 6 (D 1,1,1) (S 2,3,9) (S 59,9,10) (S 74,4,10) (S 126,17,17) (D 1,1,1)
0 1 4 29 76 7 (D 1,1,1) (S 21,26,29) (S 33,27,35) (S 45,44,49) (S 95,48,49) (S 97,49,49) (D 1,1,1)
0 1 5 64 143 15 (D 1,1,1) (S 12,33,39) (S 16,33,46) (S 17,40,47) (S 23,40,33) (S 29,33,40) (S 32,34,35) (S 34,36,35) (S 37,42,43) (S 50,43,42) (S 54,50,45) (S 93,45,50) (S 101,31,31) (S 107,28,28) (D 1,1,1)
0 1 6 45 84 9 (D 1,1,1) (S 13,9,15) (S 27,16,24) (S 47,24,25) (S 55,17,16) (S 67,16,17) (S 77,17,10) (S 96,10,10) (D 1,1,1)
0 1 7 23 63 7 (D 1,1,1) (S 14,8,14) (S 22,37,32) (S 24,32,37) (S 80,37,38) (S 112,38,38) (D 1,1,1)
0 1 8 10 27 5 (D 1,1,1) (S 31,7,2) (S 36,7,8) (S 109,8,8) (D 1,1,1)
0 1 9 16 50 6 (D 1,1,1) (S 58,18,19) (S 94,26,19) (S 99,30,30) (S 110,5,5) (D 1,1,1)
0 1 10 34 75 9 (D 1,1,1) (S 35,38,43) (S 40,43,37) (S 66,37,43) (S 79,37,36) (S 87,34,26) (S 88,26,18) (S 124,11,11) (D 1,1,1)
0 1 11 19 42 5 (D 1,1,1) (S 26,22,21) (S 43,21,13) (S 75,13,14) (D 1,1,1)
0 1 12 32 68 9 (D 1,1,1) (S 28,30,20) (S 41,21,27) (S 44,27,21) (S 62,20,30) (S 63,33,29) (S 113,29,29) (S 119,20,20) (D 1,1,1)
0 1 13 45 97 9 (D 1,1,1) (S 0,27,36) (S 1,41,48) (S 18,41,49) (S 38,41,35) (S 69,44,50) (S 108,50,50) (S 115,15,15) (D 1,1,1)
0 1 14 9 24 5 (D 1,1,1) (S 51,5,11) (S 72,13,12) (S 117,12,12) (D 1,1,1)
0 1 15 37 69 7 (D 1,1,1) (S 53,24,23) (S 85,22,23) (S 92,14,22) (S 98,22,22) (S 100,23,23) (D 1,1,1)
0 1 16 17 30 6 (D 1,1,1) (S 7,5,6) (S 25,12,11) (S 42,11,12) (S 81,12,13) (D 1,1,1)
0 1 17 29 65 9 (D 1,1,1) (S 9,20,21) (S 11,27,30) (S 48,30,26) (S 49,42,36) (S 71,36,42) (S 89,35,27) (S 103,13,13) (D 1,1,1)
0 1 18 34 75 8 (D 1,1,1) (S 46,39,29) (S 91,29,33) (S 114,33,33) (S 116,40,40) (S 118,26,26) (S 125,6,6) (D 1,1,1)
0 1 19 44 80 10 (D 1,1,1) (S 20,6,13) (S 30,22,14) (S 52,14,15) (S 61,24,32) (S 78,32,24) (S 86,24,16) (S 122,9,9) (S 123,3,3) (D 1,1,1)
0 1 20 25 55 5 (D 1,1,1) (S 70,12,6) (S 73,16,9) (S 83,31,27) (D 1,1,1)
0 1 21 34 79 6 (D 1,1,1) (S 65,50,49) (S 90,40,34) (S 104,35,35) (S 105,19,19) (D 1,1,1)
0 1 22 32 41 6 (D 1,1,1) (S 10,1,2) (S 15,2,3) (S 64,2,7) (S 84,7,13) (D 1,1,1)
0 1 23 33 83 8 (D 1,1,1) (S 6,1,6) (S 39,6,12) (S 56,1,5) (S 60,42,41) (S 68,48,47) (S 121,46,46) (D 1,1,1)
0 1 24 44 80 8 (D 1,1,1) (S 4,32,38) (S 57,38,45) (S 76,43,50) (S 82,50,44) (S 102,42,42) (S 120,18,18) (D 1,1,1)
