1578
26
112142100
1748278486
0 1 1 10 24 3 (D 1,1,1) (S 67,7,7) (D 1,1,1)
0 1 2 24 74 9 (D 1,1,1) (S 1,41,49) (S 3,41,48) (S 11,41,42) (S 25,42,43) (S 36,42,44) (S 79,42,42) (S 106,36,36) (D 1,1,1)
0 1 3 16 65 6 (D 1,1,1) (S 4,44,49) (S 26,41,40) (S 27,40,47) (S 75,47,47) (D 1,1,1)
0 1 4 24 71 5 (D 1,1,1) (S 8,33,40) (S 10,33,46) (S 107,46,46) (D 1,1,1)
0 1 5 19 61 5 (D 1,1,1) (S 41,38,37) (S 51,32,31) (S 101,31,31) (D 1,1,1)
0 1 6 18 72 6 (D 1,1,1) (S 30,43,37) (S 53,32,28) (S 97,28,28) (S 102,23,23) (D 1,1,1)
0 1 7 20 64 5 (D 1,1,1) (S 20,10,4) (S 81,10,10) (S 86,4,4) (D 1,1,1)
0 1 8 28 86 7 (D 1,1,1) (S 2,38,45) (S 5,43,45) (S 40,50,45) (S 104,45,45) (S 109,17,17) (D 1,1,1)
0 1 9 26 64 6 (D 1,1,1) (S 7,16,24) (S 33,24,25) (S 50,32,24) (S 87,25,25) (D 1,1,1)
0 1 10 32 69 7 (D 1,1,1) (S 12,34,35) (S 14,35,36) (S 34,36,37) (S 91,37,37) (S 99,24,24) (D 1,1,1)
0 1 11 9 26 4 (D 1,1,1) (S 45,11,5) (S 93,5,5) (D 1,1,1)
0 1 12 26 39 9 (D 1,1,1) (S 23,13,14) (S 39,14,15) (S 56,15,16) (S 58,16,15) (S 61,15,9) (S 62,9,15) (S 105,15,15) (D 1,1,1)
0 1 13 49 102 8 (D 1,1,1) (S 13,7,8) (S 18,22,31) (S 21,27,35) (S 72,35,35) (S 82,44,44) (S 100,49,49) (D 1,1,1)
0 1 14 21 57 7 (D 1,1,1) (S 17,12,11) (S 19,34,33) (S 55,33,34) (S 77,40,40) (S 103,34,34) (D 1,1,1)
0 1 15 48 107 8 (D 1,1,1) (S 28,17,10) (S 38,3,9) (S 43,24,32) (S 48,28,38) (S 89,38,38) (S 98,43,43) (D 1,1,1)
0 1 16 19 56 5 (D 1,1,1) (S 15,33,39) (S 74,39,39) (S 95,20,20) (D 1,1,1)
0 1 17 33 52 6 (D 1,1,1) (S 31,11,19) (S 52,18,29) (S 60,26,18) (S 69,18,18) (D 1,1,1)
0 1 18 28 57 7 (D 1,1,1) (S 24,21,22) (S 54,22,21) (S 57,15,14) (S 83,14,14) (S 85,16,16) (D 1,1,1)
0 1 19 14 21 5 (D 1,1,1) (S 46,6,13) (S 68,13,13) (S 80,12,12) (D 1,1,1)
0 1 20 33 51 6 (D 1,1,1) (S 6,6,7) (S 22,2,3) (S 90,3,3) (S 94,9,9) (D 1,1,1)
0 1 21 27 66 4 (D 1,1,1) (S 66,32,32) (S 76,22,22) (D 1,1,1)
0 1 22 29 68 6 (D 1,1,1) (S 35,31,27) (S 63,35,27) (S 78,21,21) (S 88,8,8) (D 1,1,1)
0 1 23 20 32 6 (D 1,1,1) (S 9,1,2) (S 44,2,7) (S 47,13,12) (S 84,11,11) (D 1,1,1)
0 1 24 54 72 9 (D 1,1,1) (S 16,1,5) (S 29,5,18) (S 32,26,29) (S 64,29,26) (S 65,34,30) (S 92,30,30) (S 96,27,27) (D 1,1,1)
0 1 25 37 68 6 (D 1,1,1) (S 49,20,30) (S 59,33,29) (S 71,29,29) (S 108,26,26) (D 1,1,1)
0 1 26 40 54 7 (D 1,1,1) (S 0,12,20) (S 37,20,19) (S 42,18,19) (S 70,19,19) (S 73,6,6) (D 1,1,1)
