332
9
7080900
1748278481
0 1 1 8 45 6 (D 1,1,1) (S 11,8,14) (S 21,18,17) (S 26,13,12) (S 36,12,12) (D 1,1,1)
0 1 2 10 37 5 (D 1,1,1) (S 8,5,6) (S 19,6,7) (S 27,6,12) (D 1,1,1)
0 1 3 6 23 4 (D 1,1,1) (S 1,5,10) (S 38,9,9) (D 1,1,1)
0 1 4 22 52 7 (D 1,1,1) (S 4,23,24) (S 9,15,21) (S 13,15,16) (S 25,18,14) (S 37,14,14) (D 1,1,1)
0 1 5 11 28 5 (D 1,1,1) (S 0,19,22) (S 10,19,20) (S 23,20,21) (D 1,1,1)
0 1 6 33 58 10 (D 1,1,1) (S 3,5,11) (S 5,12,16) (S 7,16,17) (S 14,17,13) (S 29,13,14) (S 30,7,6) (S 32,7,7) (S 35,5,5) (D 1,1,1)
0 1 7 22 43 8 (D 1,1,1) (S 16,1,3) (S 18,15,11) (S 20,24,21) (S 33,21,21) (S 39,11,11) (S 40,10,10) (D 1,1,1)
0 1 8 19 35 9 (D 1,1,1) (S 2,1,2) (S 6,2,4) (S 12,3,9) (S 15,19,9) (S 22,9,19) (S 24,22,23) (S 34,20,20) (D 1,1,1)
0 1 9 6 11 5 (D 1,1,1) (S 17,3,1) (S 28,4,3) (S 31,3,3) (D 1,1,1)
