613
9
9997800
1748278485
0 1 1 45 79 11 (D 1,1,1) (S 3,15,21) (S 10,15,16) (S 11,16,12) (S 13,12,17) (S 15,17,12) (S 26,12,16) (S 32,16,16) (S 35,17,17) (S 39,11,11) (D 1,1,1)
0 1 2 42 77 7 (D 1,1,1) (S 16,15,20) (S 19,21,23) (S 29,23,21) (S 45,23,23) (S 46,21,21) (D 1,1,1)
0 1 3 45 81 7 (D 1,1,1) (S 0,20,21) (S 7,13,14) (S 12,14,8) (S 37,8,8) (S 38,7,7) (D 1,1,1)
0 1 4 31 49 5 (D 1,1,1) (S 1,19,20) (S 21,19,22) (S 36,22,22) (D 1,1,1)
0 1 5 43 68 7 (D 1,1,1) (S 2,5,6) (S 4,6,7) (S 8,13,17) (S 18,13,7) (S 43,6,6) (D 1,1,1)
0 1 6 20 33 5 (D 1,1,1) (S 23,1,20) (S 24,20,1) (S 28,3,10) (D 1,1,1)
0 1 7 33 51 8 (D 1,1,1) (S 9,1,11) (S 25,5,1) (S 27,9,3) (S 30,3,3) (S 34,10,10) (S 42,5,5) (D 1,1,1)
0 1 8 56 103 7 (D 1,1,1) (S 5,6,11) (S 17,12,11) (S 22,12,6) (S 31,14,14) (S 41,19,19) (D 1,1,1)
0 1 9 43 72 8 (D 1,1,1) (S 6,3,4) (S 14,1,5) (S 20,4,2) (S 33,4,4) (S 40,2,2) (S 44,9,9) (D 1,1,1)
