1710
21
83807400
1748278482
0 1 1 9 79 4 (D 1,1,1) (S 33,37,33) (S 95,33,33) (D 1,1,1)
0 1 2 25 95 6 (D 1,1,1) (S 1,36,40) (S 56,40,41) (S 70,41,41) (S 93,21,21) (D 1,1,1)
0 1 3 32 91 7 (D 1,1,1) (S 9,25,31) (S 13,35,39) (S 16,36,35) (S 41,35,34) (S 76,34,34) (D 1,1,1)
0 1 4 31 105 5 (D 1,1,1) (S 8,30,31) (S 40,38,39) (S 94,39,39) (D 1,1,1)
0 1 5 27 93 7 (D 1,1,1) (S 5,27,32) (S 14,27,21) (S 32,20,27) (S 62,28,22) (S 85,22,22) (D 1,1,1)
0 1 6 17 59 6 (D 1,1,1) (S 30,12,11) (S 45,11,12) (S 71,6,6) (S 81,12,12) (D 1,1,1)
0 1 7 24 56 6 (D 1,1,1) (S 20,23,14) (S 50,14,24) (S 64,24,23) (S 92,23,23) (D 1,1,1)
0 1 8 10 43 9 (D 1,1,1) (S 2,3,9) (S 23,10,15) (S 43,19,16) (S 47,16,19) (S 59,20,19) (S 65,20,17) (S 88,17,17) (D 1,1,1)
0 1 9 35 126 6 (D 1,1,1) (S 18,39,36) (S 53,37,36) (S 77,36,36) (S 82,18,18) (D 1,1,1)
0 1 10 44 106 8 (D 1,1,1) (S 3,11,17) (S 6,17,18) (S 12,20,21) (S 19,27,26) (S 55,26,25) (S 87,31,31) (D 1,1,1)
0 1 11 17 42 4 (D 1,1,1) (S 60,13,7) (S 83,8,8) (D 1,1,1)
0 1 12 36 92 8 (D 1,1,1) (S 22,29,23) (S 37,29,30) (S 54,29,34) (S 58,34,29) (S 84,30,30) (S 90,9,9) (D 1,1,1)
0 1 13 41 77 8 (D 1,1,1) (S 0,9,14) (S 4,24,25) (S 21,25,26) (S 68,26,26) (S 69,19,19) (S 75,14,14) (D 1,1,1)
0 1 14 32 57 5 (D 1,1,1) (S 7,16,17) (S 38,11,5) (S 86,4,4) (D 1,1,1)
0 1 15 52 142 10 (D 1,1,1) (S 10,11,16) (S 15,37,41) (S 34,40,39) (S 36,39,40) (S 44,39,38) (S 57,36,32) (S 74,27,27) (S 78,5,5) (D 1,1,1)
0 1 16 33 98 6 (D 1,1,1) (S 11,15,25) (S 27,38,34) (S 52,34,35) (S 91,35,35) (D 1,1,1)
0 1 17 25 44 5 (D 1,1,1) (S 39,1,2) (S 48,14,13) (S 89,13,13) (D 1,1,1)
0 1 18 14 24 6 (D 1,1,1) (S 24,2,8) (S 29,8,7) (S 51,7,8) (S 79,2,2) (D 1,1,1)
0 1 19 34 44 7 (D 1,1,1) (S 25,8,2) (S 31,3,4) (S 46,4,3) (S 66,3,3) (S 80,7,7) (D 1,1,1)
0 1 20 60 129 9 (D 1,1,1) (S 17,28,27) (S 28,32,26) (S 49,26,32) (S 61,16,15) (S 67,15,15) (S 72,10,10) (S 73,24,24) (D 1,1,1)
0 1 21 29 108 6 (D 1,1,1) (S 26,23,13) (S 35,31,32) (S 42,32,36) (S 63,1,7) (D 1,1,1)
