227
7
3138000
1748278478
0 1 1 17 19 7 (D 1,1,1) (S 0,2,3) (S 6,1,3) (S 13,3,10) (S 21,8,8) (S 24,10,10) (D 1,1,1)
0 1 2 20 33 6 (D 1,1,1) (S 4,5,7) (S 16,7,8) (S 20,3,3) (S 25,4,4) (D 1,1,1)
0 1 3 22 31 7 (D 1,1,1) (S 1,1,2) (S 10,4,7) (S 19,7,7) (S 22,5,5) (S 27,2,2) (D 1,1,1)
0 1 4 19 24 5 (D 1,1,1) (S 8,7,10) (S 11,1,8) (S 17,3,11) (D 1,1,1)
0 1 5 24 32 5 (D 1,1,1) (S 5,1,11) (S 7,2,8) (S 9,3,5) (D 1,1,1)
0 1 6 25 40 6 (D 1,1,1) (S 3,7,11) (S 12,1,7) (S 15,6,7) (S 23,6,6) (D 1,1,1)
0 1 7 27 48 6 (D 1,1,1) (S 2,4,9) (S 14,6,11) (S 18,2,5) (S 26,9,9) (D 1,1,1)
