1143
16
41841300
1748278483
0 1 1 20 50 5 (D 1,1,1) (S 19,27,28) (S 22,28,27) (S 78,27,27) (D 1,1,1)
0 1 2 13 41 6 (D 1,1,1) (S 0,4,38) (S 28,37,31) (S 38,31,37) (S 70,30,30) (D 1,1,1)
0 1 3 40 75 8 (D 1,1,1) (S 3,17,18) (S 6,18,22) (S 21,22,25) (S 52,21,20) (S 73,20,20) (S 75,23,23) (D 1,1,1)
0 1 4 25 53 4 (D 1,1,1) (S 13,30,31) (S 63,31,31) (D 1,1,1)
0 1 5 28 50 5 (D 1,1,1) (S 23,30,29) (S 57,29,36) (S 69,36,36) (D 1,1,1)
0 1 6 22 68 6 (D 1,1,1) (S 2,7,13) (S 15,13,18) (S 65,21,21) (S 66,37,37) (D 1,1,1)
0 1 7 26 61 8 (D 1,1,1) (S 4,13,17) (S 5,3,37) (S 8,37,38) (S 39,39,32) (S 43,39,5) (S 77,5,5) (D 1,1,1)
0 1 8 30 67 5 (D 1,1,1) (S 25,26,34) (S 53,26,27) (S 76,26,26) (D 1,1,1)
0 1 9 60 97 10 (D 1,1,1) (S 7,1,35) (S 17,35,36) (S 32,36,37) (S 34,3,2) (S 36,2,3) (S 48,39,38) (S 60,4,4) (S 67,32,32) (D 1,1,1)
0 1 10 30 50 7 (D 1,1,1) (S 9,13,19) (S 16,13,12) (S 55,6,7) (S 56,7,6) (S 74,2,2) (D 1,1,1)
0 1 11 46 74 9 (D 1,1,1) (S 10,1,8) (S 24,9,10) (S 30,10,9) (S 51,9,15) (S 58,15,15) (S 59,10,10) (S 72,11,11) (D 1,1,1)
0 1 12 30 72 6 (D 1,1,1) (S 1,21,24) (S 54,24,25) (S 68,25,25) (S 71,12,12) (D 1,1,1)
0 1 13 48 85 8 (D 1,1,1) (S 11,15,16) (S 18,15,14) (S 26,14,8) (S 29,8,9) (S 35,6,1) (S 50,1,11) (D 1,1,1)
0 1 14 58 129 10 (D 1,1,1) (S 20,33,1) (S 27,8,14) (S 33,8,40) (S 37,1,6) (S 40,6,2) (S 44,2,36) (S 45,33,34) (S 62,34,34) (D 1,1,1)
0 1 15 34 80 6 (D 1,1,1) (S 42,18,19) (S 46,20,17) (S 47,4,3) (S 64,3,3) (D 1,1,1)
0 1 16 49 91 8 (D 1,1,1) (S 12,1,10) (S 14,6,12) (S 31,35,28) (S 41,28,35) (S 49,35,34) (S 61,40,40) (D 1,1,1)
