1088
17
50141700
1748278480
0 1 1 16 46 5 (D 1,1,1) (S 11,31,37) (S 52,31,38) (S 77,38,38) (D 1,1,1)
0 1 2 31 70 9 (D 1,1,1) (S 3,12,17) (S 6,23,24) (S 13,20,21) (S 21,21,22) (S 32,25,22) (S 70,22,22) (S 75,20,20) (D 1,1,1)
0 1 3 24 42 5 (D 1,1,1) (S 9,29,30) (S 50,30,37) (S 65,37,37) (D 1,1,1)
0 1 4 28 55 6 (D 1,1,1) (S 19,27,34) (S 46,27,26) (S 67,26,26) (S 83,27,27) (D 1,1,1)
0 1 5 44 87 11 (D 1,1,1) (S 18,38,39) (S 23,3,37) (S 25,3,4) (S 31,4,38) (S 39,38,4) (S 53,38,37) (S 63,31,30) (S 71,30,30) (S 73,36,36) (D 1,1,1)
0 1 6 30 73 5 (D 1,1,1) (S 16,17,18) (S 24,20,23) (S 54,18,19) (D 1,1,1)
0 1 7 39 62 9 (D 1,1,1) (S 1,2,6) (S 12,13,18) (S 14,7,13) (S 60,13,17) (S 62,17,13) (S 66,13,13) (S 74,18,18) (D 1,1,1)
0 1 8 22 58 6 (D 1,1,1) (S 43,32,39) (S 76,5,5) (S 79,3,3) (S 82,6,6) (D 1,1,1)
0 1 9 44 57 7 (D 1,1,1) (S 0,26,33) (S 20,33,34) (S 26,34,35) (S 28,35,36) (S 58,36,35) (D 1,1,1)
0 1 10 28 55 7 (D 1,1,1) (S 10,8,40) (S 22,1,2) (S 29,12,6) (S 40,12,11) (S 72,11,11) (D 1,1,1)
0 1 11 39 85 8 (D 1,1,1) (S 4,5,39) (S 36,4,5) (S 44,3,2) (S 49,2,3) (S 64,31,31) (S 68,29,29) (D 1,1,1)
0 1 12 26 41 5 (D 1,1,1) (S 5,1,10) (S 47,9,8) (S 57,1,6) (D 1,1,1)
0 1 13 40 65 6 (D 1,1,1) (S 8,1,33) (S 38,26,34) (S 42,34,26) (S 81,28,28) (D 1,1,1)
0 1 14 41 98 9 (D 1,1,1) (S 2,21,24) (S 27,24,25) (S 30,25,24) (S 35,17,20) (S 41,1,35) (S 48,35,1) (S 56,1,11) (D 1,1,1)
0 1 15 34 72 7 (D 1,1,1) (S 33,19,13) (S 34,12,13) (S 45,6,12) (S 51,11,12) (S 69,2,2) (D 1,1,1)
0 1 16 34 58 7 (D 1,1,1) (S 7,1,40) (S 15,14,15) (S 55,15,9) (S 59,9,15) (S 78,15,15) (D 1,1,1)
0 1 17 39 64 6 (D 1,1,1) (S 17,9,10) (S 37,10,16) (S 61,16,10) (S 80,8,8) (D 1,1,1)
