1483
18
54299400
1748278479
0 1 1 13 57 4 (D 1,1,1) (S 33,22,15) (S 55,14,20) (D 1,1,1)
0 1 2 29 94 6 (D 1,1,1) (S 1,15,21) (S 14,22,23) (S 39,21,22) (S 49,21,27) (D 1,1,1)
0 1 3 15 55 4 (D 1,1,1) (S 46,29,18) (S 52,18,29) (D 1,1,1)
0 1 4 27 84 7 (D 1,1,1) (S 18,9,15) (S 29,21,20) (S 32,27,28) (S 64,22,21) (S 80,20,20) (D 1,1,1)
0 1 5 46 99 6 (D 1,1,1) (S 6,4,11) (S 7,5,11) (S 60,11,24) (S 70,24,24) (D 1,1,1)
0 1 6 33 82 7 (D 1,1,1) (S 23,3,10) (S 28,9,10) (S 35,17,11) (S 50,11,17) (S 71,17,17) (D 1,1,1)
0 1 7 23 73 7 (D 1,1,1) (S 22,10,16) (S 42,17,16) (S 53,16,17) (S 58,9,3) (S 77,10,10) (D 1,1,1)
0 1 8 43 100 7 (D 1,1,1) (S 9,15,16) (S 48,16,23) (S 51,24,11) (S 68,4,4) (S 76,3,3) (D 1,1,1)
0 1 9 30 72 6 (D 1,1,1) (S 5,2,3) (S 17,4,5) (S 27,11,10) (S 57,10,11) (D 1,1,1)
0 1 10 37 74 6 (D 1,1,1) (S 13,19,20) (S 41,20,14) (S 59,26,25) (S 79,25,25) (D 1,1,1)
0 1 11 49 123 10 (D 1,1,1) (S 2,22,28) (S 3,33,34) (S 15,28,34) (S 21,32,33) (S 34,32,31) (S 56,31,32) (S 73,29,29) (S 74,18,18) (D 1,1,1)
0 1 12 17 45 6 (D 1,1,1) (S 38,7,6) (S 40,12,19) (S 72,19,19) (S 75,6,6) (D 1,1,1)
0 1 13 32 53 7 (D 1,1,1) (S 16,1,7) (S 25,7,13) (S 37,8,14) (S 78,14,14) (S 83,12,12) (D 1,1,1)
0 1 14 39 88 6 (D 1,1,1) (S 11,1,2) (S 12,23,28) (S 82,28,28) (S 84,23,23) (D 1,1,1)
0 1 15 48 85 9 (D 1,1,1) (S 20,18,19) (S 43,15,14) (S 45,8,9) (S 61,9,8) (S 63,14,13) (S 67,13,2) (S 69,2,2) (D 1,1,1)
0 1 16 80 159 12 (D 1,1,1) (S 4,6,18) (S 8,19,25) (S 10,29,30) (S 24,25,30) (S 31,28,27) (S 36,27,32) (S 44,27,26) (S 65,20,21) (S 81,15,15) (S 85,13,13) (D 1,1,1)
0 1 17 24 51 5 (D 1,1,1) (S 19,6,12) (S 30,8,2) (S 66,2,8) (D 1,1,1)
0 1 18 29 89 7 (D 1,1,1) (S 0,30,31) (S 26,31,26) (S 47,26,31) (S 54,6,1) (S 62,6,7) (D 1,1,1)
