251
8
1834500
1748278477
0 1 1 6 27 5 (D 1,1,1) (S 0,5,6) (S 1,6,11) (S 19,11,11) (D 1,1,1)
0 1 2 4 31 5 (D 1,1,1) (S 6,2,5) (S 10,7,2) (S 21,2,2) (D 1,1,1)
0 1 3 6 20 5 (D 1,1,1) (S 2,1,10) (S 11,10,12) (S 20,8,8) (D 1,1,1)
0 1 4 3 29 4 (D 1,1,1) (S 3,3,9) (S 17,3,3) (D 1,1,1)
0 1 5 4 23 4 (D 1,1,1) (S 8,2,1) (S 18,9,9) (D 1,1,1)
0 1 6 5 38 5 (D 1,1,1) (S 5,5,1) (S 7,3,8) (S 12,8,12) (D 1,1,1)
0 1 7 2 32 4 (D 1,1,1) (S 9,4,1) (S 16,7,5) (D 1,1,1)
0 1 8 7 51 6 (D 1,1,1) (S 4,2,4) (S 13,4,11) (S 14,7,4) (S 15,4,6) (D 1,1,1)
