3321
8
5032059000
5032059000
0 1 1 6788 1203 30 (D 0,1,1) (S 1,21,17) (S 2,17,16) (S 3,12,13) (S 4,13,15) (S 5,20,21) (S 6,21,17) (S 7,17,18) (S 8,18,19) (S 9,19,10) (S 10,10,4) (S 11,4,5) (S 12,5,11) (S 13,11,10) (S 14,10,9) (S 15,9,8) (S 16,8,7) (S 17,7,6) (S 18,6,1) (S 19,2,3) (S 20,4,5) (S 21,5,11) (S 22,11,10) (S 23,10,4) (S 24,4,5) (S 25,5,11) (S 26,11,10) (S 27,10,9) (S 28,17,16) (S 29,16,15) (S 30,20,21) (D 0,1,1)
0 1 2 6845 940 28 (D 0,1,1) (S 31,21,22) (S 32,33,32) (S 33,32,24) (S 34,24,25) (S 35,25,21) (S 36,21,22) (S 37,27,26) (S 38,26,25) (S 39,25,21) (S 40,21,17) (S 41,17,16) (S 42,16,8) (S 43,8,7) (S 44,7,6) (S 45,6,1) (S 46,9,8) (S 47,8,7) (S 48,7,13) (S 49,13,15) (S 50,20,21) (S 51,21,22) (S 52,27,26) (S 53,26,34) (S 54,34,35) (S 55,35,27) (S 56,27,26) (S 57,26,25) (S 58,25,21) (D 0,1,1)
0 1 3 5908 764 24 (D 0,1,1) (S 59,21,17) (S 60,17,16) (S 61,16,15) (S 62,12,13) (S 63,13,15) (S 64,20,21) (S 65,21,22) (S 66,27,26) (S 67,26,25) (S 68,25,33) (S 69,33,32) (S 70,32,24) (S 71,24,25) (S 72,25,21) (S 73,21,22) (S 74,31,27) (S 75,31,27) (S 76,27,26) (S 77,26,25) (S 78,25,33) (S 79,33,32) (S 80,32,24) (S 81,24,25) (S 82,25,21) (D 0,1,1)
0 1 4 5426 665 22 (D 0,1,1) (S 83,21,17) (S 84,17,16) (S 85,16,8) (S 86,8,7) (S 87,7,6) (S 88,6,12) (S 89,12,13) (S 90,13,15) (S 91,20,21) (S 92,21,17) (S 93,17,16) (S 94,16,15) (S 95,20,21) (S 96,21,17) (S 97,17,18) (S 98,18,19) (S 99,19,30) (S 100,29,23) (S 101,23,22) (S 102,27,26) (S 103,26,25) (S 104,25,21) (D 0,1,1)
0 1 5 3964 617 19 (D 0,1,1) (S 105,21,22) (S 106,27,26) (S 107,26,34) (S 108,34,35) (S 109,31,28) (S 110,28,29) (S 111,29,23) (S 112,23,22) (S 113,27,26) (S 114,26,34) (S 115,34,35) (S 116,35,36) (S 117,36,37) (S 118,38,30) (S 119,29,23) (S 120,23,22) (S 121,27,26) (S 122,26,25) (S 123,25,21) (D 0,1,1)
0 1 6 3602 301 12 (D 0,1,1) (S 124,21,22) (S 125,27,26) (S 126,26,25) (S 127,25,20) (S 128,20,21) (S 129,21,17) (S 130,17,18) (S 131,18,23) (S 132,23,22) (S 133,27,26) (S 134,26,25) (S 135,25,21) (D 0,1,1)
0 1 7 4787 553 18 (D 0,1,1) (S 136,21,17) (S 137,17,16) (S 138,16,8) (S 139,8,7) (S 140,7,13) (S 141,13,15) (S 142,20,21) (S 143,21,17) (S 144,17,18) (S 145,18,23) (S 146,23,22) (S 147,17,22) (S 148,17,18) (S 149,18,10) (S 150,10,9) (S 151,17,16) (S 152,16,15) (S 153,20,21) (D 0,1,1)
0 1 8 0 0 0 (D 0,1,1) (D 0,1,1)
