621
9
15178500
1748278482
0 1 1 11 24 4 (D 1,1,1) (S 14,11,5) (S 34,5,2) (D 1,1,1)
0 1 2 42 85 6 (D 1,1,1) (S 3,7,8) (S 6,6,7) (S 7,13,14) (S 36,14,14) (D 1,1,1)
0 1 3 39 68 6 (D 1,1,1) (S 4,15,21) (S 22,21,23) (S 43,22,22) (S 44,23,23) (D 1,1,1)
0 1 4 39 73 9 (D 1,1,1) (S 5,6,11) (S 8,16,17) (S 10,13,17) (S 21,13,7) (S 25,7,13) (S 38,16,16) (S 40,20,20) (D 1,1,1)
0 1 5 25 62 6 (D 1,1,1) (S 0,20,21) (S 2,17,18) (S 15,14,8) (S 39,8,8) (D 1,1,1)
0 1 6 46 72 9 (D 1,1,1) (S 9,1,11) (S 12,15,16) (S 16,12,17) (S 19,17,12) (S 31,12,16) (S 37,15,15) (S 46,21,21) (D 1,1,1)
0 1 7 34 41 6 (D 1,1,1) (S 11,1,9) (S 23,3,9) (S 32,9,3) (S 41,3,3) (D 1,1,1)
0 1 8 67 101 10 (D 1,1,1) (S 1,1,19) (S 17,1,5) (S 18,2,5) (S 20,12,11) (S 24,11,12) (S 26,9,19) (S 30,22,19) (S 42,19,19) (D 1,1,1)
0 1 9 55 95 9 (D 1,1,1) (S 13,6,12) (S 27,12,6) (S 28,20,1) (S 29,10,2) (S 33,2,4) (S 35,4,4) (S 45,5,5) (D 1,1,1)
