253
7
1838700
1748278478
0 1 1 2 42 4 (D 1,1,1) (S 7,5,6) (S 9,12,11) (D 1,1,1)
0 1 2 2 32 4 (D 1,1,1) (S 0,2,4) (S 16,4,4) (D 1,1,1)
0 1 3 4 57 6 (D 1,1,1) (S 1,3,11) (S 4,2,3) (S 14,3,3) (S 21,5,5) (D 1,1,1)
0 1 4 2 30 4 (D 1,1,1) (S 6,6,12) (S 10,1,4) (D 1,1,1)
0 1 5 4 44 6 (D 1,1,1) (S 5,9,10) (S 8,8,10) (S 17,10,10) (S 19,7,7) (D 1,1,1)
0 1 6 4 53 6 (D 1,1,1) (S 2,3,5) (S 3,5,11) (S 11,2,9) (S 20,2,2) (D 1,1,1)
0 1 7 4 -5 6 (D 1,1,1) (S 12,1,7) (S 13,7,12) (S 15,6,6) (S 18,12,12) (D 1,1,1)
