1760
23
81645600
1748278482
0 1 1 22 103 5 (D 1,1,1) (S 5,38,39) (S 17,36,39) (S 89,39,39) (D 1,1,1)
0 1 2 31 101 7 (D 1,1,1) (S 0,35,39) (S 8,40,41) (S 14,33,37) (S 56,37,33) (S 85,37,37) (D 1,1,1)
0 1 3 21 100 5 (D 1,1,1) (S 29,38,34) (S 42,34,38) (S 92,34,34) (D 1,1,1)
0 1 4 17 69 5 (D 1,1,1) (S 3,27,32) (S 38,32,31) (S 90,31,31) (D 1,1,1)
0 1 5 14 55 6 (D 1,1,1) (S 4,17,18) (S 52,17,20) (S 61,20,19) (S 86,19,19) (D 1,1,1)
0 1 6 22 80 6 (D 1,1,1) (S 21,29,23) (S 22,25,26) (S 33,32,26) (S 88,25,25) (D 1,1,1)
0 1 7 47 122 8 (D 1,1,1) (S 6,27,28) (S 27,37,36) (S 57,36,32) (S 74,32,32) (S 78,17,17) (S 82,12,12) (D 1,1,1)
0 1 8 13 57 4 (D 1,1,1) (S 40,16,15) (S 59,23,29) (D 1,1,1)
0 1 9 36 91 6 (D 1,1,1) (S 13,21,20) (S 50,20,21) (S 66,22,22) (S 84,18,18) (D 1,1,1)
0 1 10 14 44 4 (D 1,1,1) (S 31,23,13) (S 58,13,23) (D 1,1,1)
0 1 11 58 133 9 (D 1,1,1) (S 9,30,31) (S 11,25,31) (S 18,36,35) (S 32,35,36) (S 34,36,40) (S 64,33,27) (S 87,27,27) (D 1,1,1)
0 1 12 18 50 4 (D 1,1,1) (S 23,6,5) (S 75,4,4) (D 1,1,1)
0 1 13 47 91 5 (D 1,1,1) (S 7,16,17) (S 45,19,26) (S 69,26,26) (D 1,1,1)
0 1 14 16 54 5 (D 1,1,1) (S 20,6,12) (S 54,12,6) (S 79,5,5) (D 1,1,1)
0 1 15 24 62 6 (D 1,1,1) (S 1,23,24) (S 39,24,30) (S 70,30,30) (S 76,14,14) (D 1,1,1)
0 1 16 33 137 9 (D 1,1,1) (S 2,21,22) (S 10,21,27) (S 36,31,35) (S 37,34,35) (S 71,35,35) (S 80,24,24) (S 91,13,13) (D 1,1,1)
0 1 17 28 66 9 (D 1,1,1) (S 19,10,9) (S 25,10,15) (S 28,10,11) (S 43,11,12) (S 47,16,19) (S 62,16,11) (S 77,11,11) (D 1,1,1)
0 1 18 10 36 5 (D 1,1,1) (S 26,10,4) (S 49,14,15) (S 83,15,15) (D 1,1,1)
0 1 19 37 85 8 (D 1,1,1) (S 16,25,15) (S 24,15,14) (S 46,23,14) (S 65,14,23) (S 68,9,9) (S 72,7,7) (D 1,1,1)
0 1 20 17 35 5 (D 1,1,1) (S 12,2,3) (S 15,7,13) (S 60,13,14) (D 1,1,1)
0 1 21 44 103 8 (D 1,1,1) (S 35,24,14) (S 51,14,24) (S 53,30,29) (S 55,29,34) (S 73,20,20) (S 81,3,3) (D 1,1,1)
0 1 22 28 49 6 (D 1,1,1) (S 30,8,9) (S 41,9,14) (S 44,4,3) (S 63,1,7) (D 1,1,1)
0 1 23 30 37 4 (D 1,1,1) (S 48,7,1) (S 67,2,2) (D 1,1,1)
