16721
7
3442200
1748195717
0 1 1 1758 2538 9 (D 1,1,1) (S 1,21,21) (S 46,21,20) (S 5,17,17) (S 26,17,14) (S 14,13,14) (S 33,14,10) (S 32,13,12) (D 1,1,1)
0 1 2 1779 2366 10 (D 1,1,1) (S 2,4,4) (S 4,5,5) (S 28,5,10) (S 12,5,4) (S 43,4,5) (S 21,3,8) (S 18,3,4) (S 25,4,3) (D 1,1,1)
0 1 3 1777 2470 9 (D 1,1,1) (S 3,8,8) (S 22,8,13) (S 6,10,10) (S 30,10,9) (S 29,10,5) (S 47,14,13) (S 39,9,8) (D 1,1,1)
0 1 4 1785 2452 9 (D 1,1,1) (S 7,16,16) (S 45,16,17) (S 20,13,16) (S 35,16,15) (S 40,20,19) (S 48,18,19) (S 41,8,7) (D 1,1,1)
0 1 5 1761 2500 9 (D 1,1,1) (S 8,19,19) (S 37,19,20) (S 16,19,15) (S 19,15,16) (S 34,15,19) (S 24,19,18) (S 44,15,12) (D 1,1,1)
0 1 6 1678 2284 8 (D 1,1,1) (S 9,15,15) (S 31,11,12) (S 38,12,11) (S 42,12,7) (S 23,7,12) (S 36,18,11) (D 1,1,1)
0 1 7 1618 2111 8 (D 1,1,1) (S 10,2,2) (S 11,11,11) (S 15,6,2) (S 13,7,2) (S 27,2,6) (S 17,2,1) (D 1,1,1)
