1642
21
66011400
1748278481
0 1 1 18 85 6 (D 1,1,1) (S 6,37,41) (S 16,33,37) (S 63,37,33) (S 97,33,33) (D 1,1,1)
0 1 2 21 100 5 (D 1,1,1) (S 35,38,34) (S 47,34,38) (S 95,34,34) (D 1,1,1)
0 1 3 13 60 4 (D 1,1,1) (S 41,30,24) (S 65,23,29) (D 1,1,1)
0 1 4 14 79 5 (D 1,1,1) (S 39,34,35) (S 72,35,35) (S 90,24,24) (D 1,1,1)
0 1 5 21 59 5 (D 1,1,1) (S 25,6,12) (S 61,12,6) (S 93,6,6) (D 1,1,1)
0 1 6 37 116 7 (D 1,1,1) (S 7,27,28) (S 14,21,20) (S 40,32,31) (S 74,31,31) (S 81,26,26) (D 1,1,1)
0 1 7 42 107 7 (D 1,1,1) (S 2,21,22) (S 12,21,27) (S 60,27,33) (S 71,22,22) (S 86,18,18) (D 1,1,1)
0 1 8 43 82 9 (D 1,1,1) (S 3,23,24) (S 24,24,25) (S 27,25,26) (S 56,26,32) (S 75,32,32) (S 76,27,27) (S 87,17,17) (D 1,1,1)
0 1 9 55 117 8 (D 1,1,1) (S 8,16,17) (S 9,20,27) (S 17,31,32) (S 45,32,36) (S 49,39,36) (S 92,36,36) (D 1,1,1)
0 1 10 55 127 7 (D 1,1,1) (S 10,30,31) (S 13,25,31) (S 34,35,36) (S 36,36,40) (S 80,37,37) (D 1,1,1)
0 1 11 27 71 6 (D 1,1,1) (S 37,24,14) (S 55,14,24) (S 59,30,29) (S 83,29,29) (D 1,1,1)
0 1 12 39 120 7 (D 1,1,1) (S 1,35,39) (S 4,38,39) (S 18,39,40) (S 91,40,40) (S 96,4,4) (D 1,1,1)
0 1 13 18 59 5 (D 1,1,1) (S 26,29,23) (S 85,23,23) (S 94,13,13) (D 1,1,1)
0 1 14 28 75 7 (D 1,1,1) (S 38,12,11) (S 48,11,12) (S 50,19,26) (S 62,26,25) (S 88,25,25) (D 1,1,1)
0 1 15 35 82 9 (D 1,1,1) (S 20,25,15) (S 21,15,10) (S 31,10,11) (S 46,19,20) (S 57,17,20) (S 70,20,17) (S 89,20,20) (D 1,1,1)
0 1 16 30 57 7 (D 1,1,1) (S 0,4,5) (S 5,5,11) (S 58,11,16) (S 68,16,11) (S 77,14,14) (D 1,1,1)
0 1 17 27 58 9 (D 1,1,1) (S 32,8,9) (S 44,9,14) (S 52,14,15) (S 53,16,19) (S 67,20,19) (S 69,19,16) (S 84,16,16) (D 1,1,1)
0 1 18 11 32 6 (D 1,1,1) (S 22,11,10) (S 29,10,15) (S 78,10,10) (S 82,2,2) (D 1,1,1)
0 1 19 15 30 4 (D 1,1,1) (S 19,7,13) (S 66,13,14) (D 1,1,1)
0 1 20 16 43 8 (D 1,1,1) (S 23,10,9) (S 42,9,3) (S 43,2,1) (S 51,1,2) (S 54,4,10) (S 79,3,3) (D 1,1,1)
0 1 21 62 83 9 (D 1,1,1) (S 11,2,8) (S 15,9,10) (S 28,15,14) (S 30,14,23) (S 33,23,13) (S 64,13,23) (S 73,7,7) (D 1,1,1)
