272
8
1822200
1748278478
0 1 1 4 29 4 (D 1,1,1) (S 7,7,2) (S 17,2,2) (D 1,1,1)
0 1 2 6 27 5 (D 1,1,1) (S 1,5,6) (S 10,6,11) (S 16,11,11) (D 1,1,1)
0 1 3 4 28 4 (D 1,1,1) (S 0,8,12) (S 20,10,10) (D 1,1,1)
0 1 4 4 34 4 (D 1,1,1) (S 2,2,5) (S 21,7,7) (D 1,1,1)
0 1 5 4 23 4 (D 1,1,1) (S 3,3,8) (S 14,8,8) (D 1,1,1)
0 1 6 2 24 4 (D 1,1,1) (S 6,4,1) (S 9,9,10) (D 1,1,1)
0 1 7 8 59 7 (D 1,1,1) (S 4,3,4) (S 11,4,6) (S 13,3,3) (S 18,4,4) (S 19,9,9) (D 1,1,1)
0 1 8 5 48 6 (D 1,1,1) (S 5,2,1) (S 8,1,8) (S 12,7,5) (S 15,5,5) (D 1,1,1)
