291
8
2214000
1748278478
0 1 1 1 2 3 (D 1,1,1) (S 11,1,4) (D 1,1,1)
0 1 2 2 57 4 (D 1,1,1) (S 4,3,4) (S 14,9,11) (D 1,1,1)
0 1 3 5 41 5 (D 1,1,1) (S 7,9,10) (S 18,8,8) (S 19,10,10) (D 1,1,1)
0 1 4 4 34 5 (D 1,1,1) (S 5,5,12) (S 12,1,2) (S 16,2,2) (D 1,1,1)
0 1 5 3 42 5 (D 1,1,1) (S 0,5,11) (S 3,2,4) (S 20,4,4) (D 1,1,1)
0 1 6 2 9 4 (D 1,1,1) (S 10,1,12) (S 15,1,7) (D 1,1,1)
0 1 7 5 63 6 (D 1,1,1) (S 2,3,5) (S 6,7,10) (S 17,6,6) (S 21,7,7) (D 1,1,1)
0 1 8 4 43 6 (D 1,1,1) (S 1,5,6) (S 8,6,8) (S 9,6,12) (S 13,1,9) (D 1,1,1)
