342
10
6819600
1748278482
0 1 1 17 50 6 (D 1,1,1) (S 6,7,8) (S 12,8,14) (S 24,14,18) (S 39,17,17) (D 1,1,1)
0 1 2 10 35 6 (D 1,1,1) (S 7,5,6) (S 10,6,12) (S 13,13,12) (S 38,12,12) (D 1,1,1)
0 1 3 18 45 7 (D 1,1,1) (S 2,5,11) (S 18,11,12) (S 20,12,13) (S 22,13,14) (S 32,18,18) (D 1,1,1)
0 1 4 18 54 8 (D 1,1,1) (S 0,5,10) (S 5,16,17) (S 14,14,8) (S 16,6,7) (S 27,7,6) (S 36,9,9) (D 1,1,1)
0 1 5 19 37 9 (D 1,1,1) (S 1,9,10) (S 4,10,20) (S 9,19,20) (S 23,20,21) (S 26,11,15) (S 28,24,24) (S 40,23,23) (D 1,1,1)
0 1 6 12 30 6 (D 1,1,1) (S 3,2,4) (S 15,3,9) (S 17,22,23) (S 35,20,20) (D 1,1,1)
0 1 7 16 36 5 (D 1,1,1) (S 8,15,21) (S 33,21,21) (S 37,19,19) (D 1,1,1)
0 1 8 6 8 5 (D 1,1,1) (S 11,3,4) (S 21,4,3) (S 29,3,3) (D 1,1,1)
0 1 9 11 28 5 (D 1,1,1) (S 19,1,3) (S 30,15,15) (S 31,10,10) (D 1,1,1)
0 1 10 10 19 4 (D 1,1,1) (S 25,5,4) (S 34,2,2) (D 1,1,1)
