8580
17
30948803700
1750779241
0 1 1 851 185 9 (D 72,1,1) (S 5,59,60) (S 60,61,74) (S 109,74,74) (S 18,87,88) (S 110,88,88) (S 73,88,75) (S 28,74,73) (D 72,1,1)
0 1 2 1390 431 12 (D 72,1,1) (S 31,84,71) (S 74,70,83) (S 19,98,97) (S 7,97,96) (S 101,80,80) (S 66,80,81) (S 103,81,81) (S 27,81,82) (S 47,82,83) (S 50,83,84) (D 72,1,1)
0 1 3 1765 1145 18 (D 72,1,1) (S 64,81,94) (S 121,105,105) (S 93,107,107) (S 45,107,108) (S 90,108,108) (S 104,109,109) (S 67,110,111) (S 105,92,92) (S 81,92,79) (S 84,79,80) (S 42,21,20) (S 98,8,8) (S 63,13,26) (S 34,25,24) (S 37,24,37) (S 80,37,38) (D 72,1,1)
0 1 4 1783 796 13 (D 72,1,1) (S 91,104,104) (S 57,104,103) (S 56,116,117) (S 12,117,104) (S 92,77,77) (S 24,76,63) (S 3,22,9) (S 22,10,11) (S 118,12,12) (S 54,26,25) (S 48,25,38) (D 72,1,1)
0 1 5 1765 1188 20 (D 72,1,1) (S 88,18,18) (S 114,16,16) (S 116,27,27) (S 72,27,40) (S 106,40,40) (S 123,56,56) (S 107,57,57) (S 23,85,98) (S 35,97,110) (S 61,111,112) (S 2,113,114) (S 94,114,114) (S 14,102,101) (S 120,101,101) (S 126,99,99) (S 108,1,1) (S 49,2,15) (S 43,58,59) (D 72,1,1)
0 1 6 1670 783 10 (D 72,1,1) (S 75,61,62) (S 59,77,76) (S 8,76,89) (S 58,90,91) (S 70,115,116) (S 122,116,116) (S 51,97,84) (S 69,93,80) (D 72,1,1)
0 1 7 1065 660 10 (D 72,1,1) (S 83,33,20) (S 1,3,4) (S 102,6,6) (S 40,6,7) (S 119,10,10) (S 117,39,39) (S 20,52,51) (S 113,62,62) (D 72,1,1)
0 1 8 1779 616 15 (D 72,1,1) (S 96,43,43) (S 33,43,30) (S 79,27,28) (S 65,28,29) (S 111,29,29) (S 112,30,30) (S 68,30,31) (S 87,31,32) (S 95,35,35) (S 0,36,37) (S 13,65,78) (S 21,78,77) (S 25,76,75) (D 72,1,1)
0 1 9 1346 413 10 (D 72,1,1) (S 10,45,44) (S 62,43,42) (S 115,42,42) (S 4,42,41) (S 89,41,41) (S 55,54,67) (S 29,67,66) (S 44,57,70) (D 72,1,1)
0 1 10 615 150 4 (D 72,1,1) (S 52,61,48) (S 36,47,60) (D 72,1,1)
0 1 11 1004 415 7 (D 72,1,1) (S 85,88,89) (S 30,90,77) (S 76,65,52) (S 26,49,62) (S 77,62,75) (D 72,1,1)
0 1 12 996 337 7 (D 72,1,1) (S 99,63,63) (S 6,63,64) (S 38,64,51) (S 71,47,46) (S 53,45,58) (D 72,1,1)
0 1 13 128 260 3 (D 72,1,1) (S 15,83,96) (D 72,1,1)
0 1 14 920 677 9 (D 72,1,1) (S 125,69,69) (S 39,69,68) (S 86,55,68) (S 41,68,67) (S 17,54,41) (S 78,42,29) (S 124,33,33) (D 72,1,1)
0 1 15 1023 347 8 (D 72,1,1) (S 11,69,56) (S 82,57,44) (S 46,44,43) (S 16,58,71) (S 9,85,86) (S 97,73,73) (D 72,1,1)
0 1 16 66 106 3 (D 72,1,1) (S 32,60,61) (D 72,1,1)
0 1 17 1 71 3 (D 72,1,1) (S 100,59,59) (D 72,1,1)
