269
8
2669100
1748278477
0 1 1 16 27 3 (D 1,1,1) (S 7,1,9) (D 1,1,1)
0 1 2 24 53 5 (D 1,1,1) (S 2,2,5) (S 5,5,9) (S 8,1,8) (D 1,1,1)
0 1 3 35 -31 6 (D 1,1,1) (S 4,2,3) (S 11,3,8) (S 17,8,10) (S 21,7,7) (D 1,1,1)
0 1 4 26 60 5 (D 1,1,1) (S 9,8,9) (S 10,9,10) (S 15,7,10) (D 1,1,1)
0 1 5 28 -14 6 (D 1,1,1) (S 0,5,7) (S 3,7,9) (S 16,4,2) (S 19,3,3) (D 1,1,1)
0 1 6 41 51 6 (D 1,1,1) (S 1,1,6) (S 13,3,6) (S 18,6,6) (S 22,5,5) (D 1,1,1)
0 1 7 35 53 4 (D 1,1,1) (S 14,4,1) (S 23,4,4) (D 1,1,1)
0 1 8 40 70 5 (D 1,1,1) (S 6,3,7) (S 12,7,8) (S 20,2,2) (D 1,1,1)
