37607
48
44550300
1748195716
0 1 1 129 601 6 (D 1,1,1) (S 1,60,60) (S 17,66,66) (S 132,66,62) (S 2,58,58) (D 1,1,1)
0 1 2 121 697 8 (D 1,1,1) (S 3,52,52) (S 46,21,19) (S 5,54,54) (S 35,52,50) (S 44,50,49) (S 19,44,44) (D 1,1,1)
0 1 3 126 1073 6 (D 1,1,1) (S 4,32,32) (S 95,32,34) (S 73,32,33) (S 65,35,41) (D 1,1,1)
0 1 4 125 790 7 (D 1,1,1) (S 6,75,75) (S 63,75,25) (S 144,24,25) (S 124,22,75) (S 195,75,22) (D 1,1,1)
0 1 5 125 701 5 (D 1,1,1) (S 7,9,9) (S 72,10,11) (S 88,11,48) (D 1,1,1)
0 1 6 122 991 5 (D 1,1,1) (S 8,34,34) (S 211,34,32) (S 9,39,39) (D 1,1,1)
0 1 7 87 439 4 (D 1,1,1) (S 10,46,46) (S 25,59,59) (D 1,1,1)
0 1 8 110 756 7 (D 1,1,1) (S 11,65,65) (S 128,65,63) (S 183,63,65) (S 38,64,63) (S 127,63,64) (D 1,1,1)
0 1 9 128 1024 8 (D 1,1,1) (S 12,22,22) (S 21,23,23) (S 81,31,30) (S 170,31,32) (S 187,30,31) (S 31,51,49) (D 1,1,1)
0 1 10 128 726 4 (D 1,1,1) (S 13,50,50) (S 194,48,11) (D 1,1,1)
0 1 11 117 814 9 (D 1,1,1) (S 14,20,20) (S 41,18,15) (S 54,13,14) (S 147,13,16) (S 156,11,12) (S 112,5,6) (S 53,5,7) (D 1,1,1)
0 1 12 129 962 5 (D 1,1,1) (S 15,40,40) (S 43,39,35) (S 116,35,32) (D 1,1,1)
0 1 13 101 791 8 (D 1,1,1) (S 16,43,43) (S 27,42,56) (S 79,56,55) (S 32,56,42) (S 94,42,41) (S 155,57,42) (D 1,1,1)
0 1 14 127 449 5 (D 1,1,1) (S 18,2,2) (S 66,4,5) (S 122,5,4) (D 1,1,1)
0 1 15 123 978 9 (D 1,1,1) (S 20,27,27) (S 28,27,26) (S 108,25,29) (S 129,26,23) (S 109,26,25) (S 160,25,26) (S 118,25,75) (D 1,1,1)
0 1 16 124 1051 8 (D 1,1,1) (S 22,41,41) (S 33,35,39) (S 39,33,36) (S 151,36,33) (S 142,33,32) (S 62,40,41) (D 1,1,1)
0 1 17 109 544 4 (D 1,1,1) (S 23,5,5) (S 161,4,69) (D 1,1,1)
0 1 18 104 930 8 (D 1,1,1) (S 24,72,72) (S 49,72,71) (S 119,71,73) (S 135,73,74) (S 180,74,73) (S 213,73,72) (D 1,1,1)
0 1 19 128 712 7 (D 1,1,1) (S 26,58,69) (S 83,69,58) (S 74,69,59) (S 188,61,60) (S 67,2,3) (D 1,1,1)
0 1 20 114 689 6 (D 1,1,1) (S 29,67,60) (S 80,60,67) (S 42,60,62) (S 143,60,58) (D 1,1,1)
0 1 21 64 192 4 (D 1,1,1) (S 30,2,1) (S 36,1,2) (D 1,1,1)
0 1 22 128 728 5 (D 1,1,1) (S 34,58,59) (S 52,59,11) (S 59,59,58) (D 1,1,1)
0 1 23 129 999 8 (D 1,1,1) (S 37,31,23) (S 69,23,31) (S 200,26,28) (S 166,26,27) (S 168,23,26) (S 40,22,24) (D 1,1,1)
0 1 24 125 826 8 (D 1,1,1) (S 45,19,18) (S 77,18,19) (S 89,18,20) (S 120,76,20) (S 55,76,12) (S 100,12,76) (D 1,1,1)
0 1 25 121 793 15 (D 1,1,1) (S 47,22,21) (S 48,51,21) (S 103,21,51) (S 57,53,52) (S 76,53,51) (S 82,50,52) (S 51,54,52) (S 87,24,53) (S 150,53,24) (S 115,51,53) (S 71,48,47) (S 60,44,45) (S 102,45,44) (D 1,1,1)
0 1 26 128 694 8 (D 1,1,1) (S 50,10,9) (S 140,9,10) (S 56,9,8) (S 85,8,9) (S 110,8,7) (S 219,7,8) (D 1,1,1)
0 1 27 129 909 11 (D 1,1,1) (S 58,17,15) (S 193,15,17) (S 126,14,15) (S 169,15,77) (S 185,77,15) (S 91,14,13) (S 131,77,13) (S 164,13,77) (S 90,16,13) (D 1,1,1)
0 1 28 120 846 5 (D 1,1,1) (S 61,68,66) (S 197,66,68) (S 203,62,63) (D 1,1,1)
0 1 29 116 803 6 (D 1,1,1) (S 64,63,62) (S 186,62,66) (S 171,62,67) (S 158,60,61) (D 1,1,1)
0 1 30 125 1018 8 (D 1,1,1) (S 68,39,40) (S 70,39,37) (S 92,37,33) (S 104,37,38) (S 78,40,39) (S 105,43,42) (D 1,1,1)
0 1 31 111 885 8 (D 1,1,1) (S 75,23,75) (S 149,75,23) (S 153,28,29) (S 172,29,28) (S 191,28,26) (S 192,29,25) (D 1,1,1)
0 1 32 126 830 12 (D 1,1,1) (S 84,19,50) (S 205,50,19) (S 157,52,54) (S 178,52,53) (S 133,49,51) (S 148,49,50) (S 198,47,48) (S 101,49,47) (S 196,47,49) (S 93,45,46) (D 1,1,1)
0 1 33 122 622 5 (D 1,1,1) (S 86,57,58) (S 111,58,60) (S 167,59,69) (D 1,1,1)
0 1 34 118 764 5 (D 1,1,1) (S 96,62,60) (S 117,58,57) (S 98,4,2) (D 1,1,1)
0 1 35 130 954 4 (D 1,1,1) (S 97,15,18) (S 145,18,72) (D 1,1,1)
0 1 36 123 778 5 (D 1,1,1) (S 99,47,46) (S 154,44,43) (S 189,46,45) (D 1,1,1)
0 1 37 128 872 7 (D 1,1,1) (S 106,33,37) (S 175,38,37) (S 201,37,39) (S 113,41,35) (S 114,41,40) (D 1,1,1)
0 1 38 117 767 6 (D 1,1,1) (S 107,56,67) (S 176,67,56) (S 204,67,62) (S 121,3,2) (D 1,1,1)
0 1 39 127 856 8 (D 1,1,1) (S 123,19,20) (S 138,20,19) (S 174,76,77) (S 184,20,76) (S 141,11,10) (S 136,6,5) (D 1,1,1)
0 1 40 106 538 4 (D 1,1,1) (S 125,11,59) (S 159,59,44) (D 1,1,1)
0 1 41 127 756 8 (D 1,1,1) (S 130,19,21) (S 152,25,24) (S 181,24,22) (S 165,21,22) (S 217,46,44) (S 190,44,59) (D 1,1,1)
0 1 42 128 1084 7 (D 1,1,1) (S 134,70,71) (S 179,71,70) (S 182,73,71) (S 139,71,72) (S 162,72,73) (D 1,1,1)
0 1 43 92 282 4 (D 1,1,1) (S 137,69,4) (S 216,2,4) (D 1,1,1)
0 1 44 124 666 5 (D 1,1,1) (S 146,43,44) (S 173,46,47) (S 207,44,46) (D 1,1,1)
0 1 45 101 1005 6 (D 1,1,1) (S 163,41,42) (S 202,42,43) (S 199,42,57) (S 206,32,31) (D 1,1,1)
0 1 46 125 824 6 (D 1,1,1) (S 177,16,12) (S 210,12,11) (S 214,77,76) (S 215,12,16) (D 1,1,1)
0 1 47 126 820 6 (D 1,1,1) (S 208,72,18) (S 212,20,18) (S 209,15,14) (S 221,7,5) (D 1,1,1)
0 1 48 92 778 4 (D 1,1,1) (S 218,32,35) (S 220,55,56) (D 1,1,1)
