1134
17
43550100
1748278480
0 1 1 18 48 6 (D 1,1,1) (S 26,32,31) (S 46,31,32) (S 47,39,5) (S 81,5,5) (D 1,1,1)
0 1 2 26 52 9 (D 1,1,1) (S 8,3,37) (S 10,37,38) (S 14,4,38) (S 23,30,37) (S 31,37,31) (S 65,31,37) (S 72,37,37) (D 1,1,1)
0 1 3 19 47 4 (D 1,1,1) (S 16,30,31) (S 67,31,31) (D 1,1,1)
0 1 4 27 57 5 (D 1,1,1) (S 15,27,34) (S 22,27,28) (S 69,28,28) (D 1,1,1)
0 1 5 30 67 5 (D 1,1,1) (S 0,26,33) (S 48,33,34) (S 63,26,27) (D 1,1,1)
0 1 6 22 64 6 (D 1,1,1) (S 2,21,24) (S 68,24,24) (S 73,21,21) (S 80,13,13) (D 1,1,1)
0 1 7 21 43 5 (D 1,1,1) (S 27,30,29) (S 66,29,36) (S 71,36,36) (D 1,1,1)
0 1 8 17 38 4 (D 1,1,1) (S 29,14,8) (S 34,8,9) (D 1,1,1)
0 1 9 38 55 8 (D 1,1,1) (S 9,4,5) (S 43,39,32) (S 51,32,39) (S 56,39,38) (S 57,37,36) (S 60,36,35) (D 1,1,1)
0 1 10 22 49 7 (D 1,1,1) (S 4,7,13) (S 41,3,4) (S 58,4,3) (S 59,2,1) (S 61,1,11) (D 1,1,1)
0 1 11 50 87 10 (D 1,1,1) (S 11,1,35) (S 18,35,36) (S 37,36,37) (S 40,3,2) (S 42,2,3) (S 52,21,22) (S 74,7,7) (S 75,6,6) (D 1,1,1)
0 1 12 32 78 7 (D 1,1,1) (S 28,26,34) (S 35,34,26) (S 36,2,6) (S 44,6,2) (S 55,35,34) (D 1,1,1)
0 1 13 44 95 11 (D 1,1,1) (S 6,17,18) (S 7,23,24) (S 20,25,24) (S 21,25,22) (S 25,22,25) (S 50,23,20) (S 77,20,20) (S 78,3,3) (S 83,12,12) (D 1,1,1)
0 1 14 32 67 6 (D 1,1,1) (S 24,33,1) (S 30,8,14) (S 39,8,40) (S 76,40,40) (D 1,1,1)
0 1 15 22 54 6 (D 1,1,1) (S 13,1,8) (S 17,6,12) (S 32,1,2) (S 38,35,28) (D 1,1,1)
0 1 16 60 89 10 (D 1,1,1) (S 1,1,10) (S 3,11,16) (S 5,15,16) (S 53,15,9) (S 62,9,15) (S 70,9,9) (S 82,15,15) (S 84,10,10) (D 1,1,1)
0 1 17 79 144 10 (D 1,1,1) (S 12,13,19) (S 19,13,12) (S 33,12,11) (S 45,11,12) (S 49,2,36) (S 54,20,17) (S 64,6,7) (S 79,18,18) (D 1,1,1)
