530
13
10458000
1748278477
0 1 1 19 34 7 (D 1,1,1) (S 0,13,14) (S 1,14,20) (S 8,21,25) (S 26,25,26) (S 43,26,26) (D 1,1,1)
0 1 2 19 47 6 (D 1,1,1) (S 4,15,20) (S 22,20,21) (S 30,21,22) (S 33,18,25) (D 1,1,1)
0 1 3 19 53 5 (D 1,1,1) (S 6,21,23) (S 14,22,25) (S 25,14,18) (D 1,1,1)
0 1 4 18 58 5 (D 1,1,1) (S 9,18,21) (S 42,14,14) (S 46,16,16) (D 1,1,1)
0 1 5 16 38 6 (D 1,1,1) (S 5,3,4) (S 12,5,9) (S 24,6,8) (S 41,8,8) (D 1,1,1)
0 1 6 22 50 7 (D 1,1,1) (S 2,3,8) (S 13,8,9) (S 18,7,11) (S 21,4,19) (S 29,1,24) (D 1,1,1)
0 1 7 21 38 5 (D 1,1,1) (S 31,5,6) (S 35,3,6) (S 39,6,6) (D 1,1,1)
0 1 8 20 32 6 (D 1,1,1) (S 3,2,12) (S 11,4,12) (S 28,12,13) (S 36,13,15) (D 1,1,1)
0 1 9 21 44 7 (D 1,1,1) (S 20,6,9) (S 37,12,19) (S 38,2,2) (S 40,4,4) (S 44,10,10) (D 1,1,1)
0 1 10 25 38 6 (D 1,1,1) (S 15,1,27) (S 16,24,27) (S 17,1,15) (S 32,15,17) (D 1,1,1)
0 1 11 18 27 4 (D 1,1,1) (S 23,4,5) (S 27,4,6) (D 1,1,1)
0 1 12 15 21 4 (D 1,1,1) (S 19,1,19) (S 34,1,17) (D 1,1,1)
0 1 13 25 50 5 (D 1,1,1) (S 7,1,3) (S 10,22,23) (S 45,23,23) (D 1,1,1)
