208
9
5258700
1748278478
0 1 1 17 20 9 (D 1,1,1) (S 2,1,7) (S 4,7,10) (S 7,1,5) (S 16,6,9) (S 18,2,3) (S 19,3,5) (S 22,1,4) (D 1,1,1)
0 1 2 17 13 7 (D 1,1,1) (S 5,5,8) (S 6,8,9) (S 13,4,10) (S 29,3,3) (S 35,10,10) (D 1,1,1)
0 1 3 26 27 6 (D 1,1,1) (S 8,2,4) (S 11,1,3) (S 23,3,10) (S 26,3,11) (D 1,1,1)
0 1 4 24 25 7 (D 1,1,1) (S 3,3,7) (S 25,7,9) (S 27,6,7) (S 28,7,7) (S 32,5,5) (D 1,1,1)
0 1 5 24 20 5 (D 1,1,1) (S 9,3,9) (S 10,4,11) (S 12,5,11) (D 1,1,1)
0 1 6 22 18 5 (D 1,1,1) (S 14,2,5) (S 17,4,7) (S 24,1,8) (D 1,1,1)
0 1 7 21 21 4 (D 1,1,1) (S 15,4,6) (S 31,6,6) (D 1,1,1)
0 1 8 27 32 7 (D 1,1,1) (S 0,5,10) (S 1,6,10) (S 20,1,9) (S 21,1,11) (S 30,2,2) (D 1,1,1)
0 1 9 27 32 4 (D 1,1,1) (S 33,9,9) (S 34,4,4) (D 1,1,1)
