310
7
1793400
1748278478
0 1 1 3 72 5 (D 1,1,1) (S 0,5,11) (S 2,10,11) (S 12,9,11) (D 1,1,1)
0 1 2 3 40 5 (D 1,1,1) (S 5,9,10) (S 11,8,10) (S 20,10,10) (D 1,1,1)
0 1 3 5 48 5 (D 1,1,1) (S 14,3,5) (S 16,3,3) (S 19,5,5) (D 1,1,1)
0 1 4 4 34 5 (D 1,1,1) (S 7,7,8) (S 18,8,8) (S 21,7,7) (D 1,1,1)
0 1 5 5 42 6 (D 1,1,1) (S 1,1,4) (S 4,2,3) (S 8,3,13) (S 15,2,2) (D 1,1,1)
0 1 6 2 12 4 (D 1,1,1) (S 10,1,12) (S 17,6,6) (D 1,1,1)
0 1 7 4 62 6 (D 1,1,1) (S 3,2,4) (S 6,4,13) (S 9,6,12) (S 13,12,13) (D 1,1,1)
