4434
11
6592953900
1750779326
0 1 1 1579 675 20 (D 1,1,1) (S 9,11,12) (S 56,12,12) (S 72,21,21) (S 27,29,30) (S 71,30,30) (S 32,30,31) (S 0,22,31) (S 69,22,22) (S 14,22,23) (S 41,15,15) (S 2,15,14) (S 60,13,13) (S 18,20,28) (S 35,28,28) (S 58,29,29) (S 29,29,28) (S 16,37,28) (S 40,11,11) (D 1,1,1)
0 1 2 731 122 5 (D 1,1,1) (S 10,1,11) (S 5,11,20) (S 42,20,20) (D 1,1,1)
0 1 3 789 444 9 (D 1,1,1) (S 65,23,23) (S 63,24,24) (S 4,24,33) (S 30,33,32) (S 50,32,32) (S 53,31,31) (S 15,31,30) (D 1,1,1)
0 1 4 304 374 6 (D 1,1,1) (S 11,5,6) (S 45,6,6) (S 12,6,16) (S 48,5,5) (D 1,1,1)
0 1 5 967 524 10 (D 1,1,1) (S 20,15,16) (S 51,16,16) (S 46,17,17) (S 52,26,26) (S 23,26,18) (S 13,6,5) (S 28,5,4) (S 66,4,4) (D 1,1,1)
0 1 6 1584 764 18 (D 1,1,1) (S 55,25,25) (S 22,25,34) (S 8,25,26) (S 43,27,27) (S 33,27,19) (S 49,19,19) (S 21,19,18) (S 62,18,18) (S 38,36,36) (S 19,36,43) (S 47,43,43) (S 6,43,42) (S 31,41,40) (S 37,40,40) (S 67,39,39) (S 68,38,38) (D 1,1,1)
0 1 7 717 738 11 (D 1,1,1) (S 59,33,33) (S 17,33,34) (S 3,42,43) (S 24,43,36) (S 57,35,35) (S 44,42,42) (S 61,41,41) (S 26,41,33) (S 7,33,24) (D 1,1,1)
0 1 8 65 74 3 (D 1,1,1) (S 34,2,1) (D 1,1,1)
0 1 9 102 151 3 (D 1,1,1) (S 1,2,12) (D 1,1,1)
0 1 10 130 494 7 (D 1,1,1) (S 54,7,7) (S 36,8,8) (S 25,8,10) (S 64,10,10) (S 39,9,9) (D 1,1,1)
0 1 11 1 74 3 (D 1,1,1) (S 70,2,2) (D 1,1,1)
