724
10
7184100
1748278486
0 1 1 21 60 6 (D 1,1,1) (S 14,9,1) (S 29,5,5) (S 30,16,16) (S 34,17,17) (D 1,1,1)
0 1 2 23 46 4 (D 1,1,1) (S 0,19,22) (S 31,23,23) (D 1,1,1)
0 1 3 43 83 8 (D 1,1,1) (S 2,5,11) (S 7,18,14) (S 11,13,14) (S 28,14,14) (S 33,8,8) (S 40,7,7) (D 1,1,1)
0 1 4 13 44 6 (D 1,1,1) (S 3,4,5) (S 15,2,4) (S 20,16,15) (S 36,15,15) (D 1,1,1)
0 1 5 28 77 6 (D 1,1,1) (S 8,6,11) (S 9,1,5) (S 13,9,3) (S 37,10,10) (D 1,1,1)
0 1 6 34 58 6 (D 1,1,1) (S 4,2,10) (S 10,2,5) (S 22,5,2) (S 32,3,3) (D 1,1,1)
0 1 7 34 62 4 (D 1,1,1) (S 24,6,5) (S 27,12,12) (D 1,1,1)
0 1 8 49 92 8 (D 1,1,1) (S 5,21,24) (S 12,19,20) (S 16,15,21) (S 17,23,22) (S 39,22,22) (S 41,21,21) (D 1,1,1)
0 1 9 60 125 10 (D 1,1,1) (S 1,6,7) (S 6,14,13) (S 18,17,18) (S 19,13,7) (S 21,17,16) (S 23,16,17) (S 35,13,13) (S 38,19,19) (D 1,1,1)
0 1 10 53 77 4 (D 1,1,1) (S 25,20,20) (S 26,11,11) (D 1,1,1)
