847
15
20722800
1748278483
0 1 1 32 92 6 (D 1,1,1) (S 9,21,22) (S 18,21,18) (S 37,18,21) (S 57,20,20) (D 1,1,1)
0 1 2 20 43 6 (D 1,1,1) (S 20,10,5) (S 28,5,10) (S 29,14,10) (S 35,10,16) (D 1,1,1)
0 1 3 17 30 6 (D 1,1,1) (S 2,29,31) (S 15,6,5) (S 38,31,5) (S 51,5,5) (D 1,1,1)
0 1 4 30 51 6 (D 1,1,1) (S 1,23,25) (S 26,23,26) (S 39,26,28) (S 56,28,28) (D 1,1,1)
0 1 5 27 56 6 (D 1,1,1) (S 0,4,13) (S 24,12,13) (S 36,13,12) (S 45,10,10) (D 1,1,1)
0 1 6 38 67 7 (D 1,1,1) (S 5,24,27) (S 7,26,27) (S 44,27,27) (S 50,23,23) (S 53,25,25) (D 1,1,1)
0 1 7 30 66 7 (D 1,1,1) (S 8,6,31) (S 10,15,16) (S 31,15,14) (S 46,16,16) (S 59,17,17) (D 1,1,1)
0 1 8 13 21 4 (D 1,1,1) (S 12,1,31) (S 42,29,28) (D 1,1,1)
0 1 9 41 81 5 (D 1,1,1) (S 17,18,12) (S 40,12,18) (S 43,19,19) (D 1,1,1)
0 1 10 29 56 8 (D 1,1,1) (S 4,3,9) (S 13,9,13) (S 14,4,9) (S 27,9,4) (S 34,2,1) (S 55,7,7) (D 1,1,1)
0 1 11 24 48 6 (D 1,1,1) (S 11,3,4) (S 19,12,11) (S 48,11,11) (S 52,14,14) (D 1,1,1)
0 1 12 27 35 4 (D 1,1,1) (S 6,1,7) (S 32,7,8) (D 1,1,1)
0 1 13 29 52 6 (D 1,1,1) (S 23,3,2) (S 25,17,11) (S 41,11,6) (S 54,6,6) (D 1,1,1)
0 1 14 46 77 6 (D 1,1,1) (S 3,13,19) (S 21,19,18) (S 49,18,18) (S 58,2,2) (D 1,1,1)
0 1 15 48 72 7 (D 1,1,1) (S 16,30,1) (S 22,1,30) (S 30,30,29) (S 33,29,30) (S 47,8,8) (D 1,1,1)
