742
12
6764100
1748278486
0 1 1 34 48 3 (D 1,1,1) (S 31,19,19) (D 1,1,1)
0 1 2 24 30 3 (D 1,1,1) (S 33,5,5) (D 1,1,1)
0 1 3 11 54 5 (D 1,1,1) (S 0,14,18) (S 17,13,17) (S 39,18,18) (D 1,1,1)
0 1 4 25 73 6 (D 1,1,1) (S 3,13,14) (S 10,8,14) (S 28,14,14) (S 34,6,6) (D 1,1,1)
0 1 5 33 61 7 (D 1,1,1) (S 5,6,12) (S 7,12,16) (S 15,12,17) (S 24,16,17) (S 29,17,17) (D 1,1,1)
0 1 6 37 75 6 (D 1,1,1) (S 18,16,15) (S 22,15,21) (S 25,24,21) (S 37,21,21) (D 1,1,1)
0 1 7 28 51 6 (D 1,1,1) (S 1,3,10) (S 16,2,4) (S 35,4,4) (S 36,3,3) (D 1,1,1)
0 1 8 32 69 6 (D 1,1,1) (S 4,1,20) (S 6,23,24) (S 13,21,24) (S 26,22,22) (D 1,1,1)
0 1 9 24 46 4 (D 1,1,1) (S 21,6,5) (S 30,2,2) (D 1,1,1)
0 1 10 36 84 6 (D 1,1,1) (S 2,6,11) (S 14,1,11) (S 19,10,2) (S 32,9,9) (D 1,1,1)
0 1 11 34 77 5 (D 1,1,1) (S 11,12,11) (S 27,11,11) (S 38,7,7) (D 1,1,1)
0 1 12 40 74 7 (D 1,1,1) (S 8,20,21) (S 9,1,19) (S 12,9,19) (S 20,20,15) (S 23,15,20) (D 1,1,1)
