41731
24
385919546
1748194906
 0 1 1 0 0 2 (D 0,1,1)  (D 0,1,1)
 0 1 2 1335 2054 7 (D 0,1,1) (S 92,7,8) (S 87,9,8) (S 44,26,27) (S 37,27,40) (S 73,40,52) (D 0,1,1)
 0 1 3 1473 2129 6 (D 0,1,1) (S 52,50,51) (S 24,40,53) (S 46,53,41) (S 30,41,40) (D 0,1,1)
 0 1 4 1414 1986 6 (D 0,1,1) (S 63,5,6) (S 49,7,25) (S 78,26,39) (S 6,39,39) (D 0,1,1)
 0 1 5 1380 1955 7 (D 0,1,1) (S 12,25,38) (S 80,38,50) (S 94,50,49) (S 16,49,48) (S 11,47,46) (D 0,1,1)
 0 1 6 1470 1886 5 (D 0,1,1) (S 64,14,22) (S 35,22,36) (S 96,11,2) (D 0,1,1)
 0 1 7 1442 2040 7 (D 0,1,1) (S 89,21,22) (S 13,24,38) (S 17,38,39) (S 62,39,40) (S 88,40,26) (D 0,1,1)
 0 1 8 1389 1851 5 (D 0,1,1) (S 22,5,14) (S 76,36,37) (S 72,37,49) (D 0,1,1)
 0 1 9 1427 2179 8 (D 0,1,1) (S 42,4,5) (S 27,15,16) (S 38,16,9) (S 28,16,28) (S 60,28,41) (S 70,28,27) (D 0,1,1)
 0 1 10 1284 1689 6 (D 0,1,1) (S 54,44,45) (S 5,45,45) (S 14,46,34) (S 57,34,33) (D 0,1,1)
 0 1 11 1361 1881 7 (D 0,1,1) (S 66,19,20) (S 47,23,24) (S 43,24,37) (S 7,25,25) (S 86,25,24) (D 0,1,1)
 0 1 12 1235 1560 6 (D 0,1,1) (S 59,12,13) (S 32,13,20) (S 58,20,33) (S 8,33,33) (D 0,1,1)
 0 1 13 1411 1729 5 (D 0,1,1) (S 19,20,32) (S 79,32,44) (S 53,44,31) (D 0,1,1)
 0 1 14 1433 1903 6 (D 0,1,1) (S 21,19,31) (S 77,48,36) (S 85,36,23) (S 71,23,22) (D 0,1,1)
 0 1 15 1456 2155 9 (D 0,1,1) (S 41,18,19) (S 48,39,51) (S 25,51,52) (S 40,52,53) (S 82,51,38) (S 29,38,37) (S 69,36,35) (D 0,1,1)
 0 1 16 1473 2030 8 (D 0,1,1) (S 50,3,12) (S 23,12,19) (S 93,20,21) (S 67,36,49) (S 91,49,50) (S 3,50,50) (D 0,1,1)
 0 1 17 1367 1753 7 (D 0,1,1) (S 56,21,34) (S 51,34,35) (S 9,35,35) (S 95,35,22) (S 97,12,11) (D 0,1,1)
 0 1 18 1453 1800 7 (D 0,1,1) (S 15,11,18) (S 55,30,31) (S 2,32,32) (S 45,32,33) (S 20,33,45) (D 0,1,1)
 0 1 19 1277 1656 5 (D 0,1,1) (S 18,2,3) (S 26,6,7) (S 4,6,6) (D 0,1,1)
 0 1 20 1242 1420 5 (D 0,1,1) (S 65,17,29) (S 10,29,29) (S 39,17,18) (D 0,1,1)
 0 1 21 1367 1666 6 (D 0,1,1) (S 34,11,19) (S 75,44,43) (S 74,43,42) (S 31,42,29) (D 0,1,1)
 0 1 22 1281 1523 3 (D 0,1,1) (S 83,3,4) (D 0,1,1)
 0 1 23 1102 1345 5 (D 0,1,1) (S 61,1,10) (S 81,29,30) (S 36,30,43) (D 0,1,1)
 0 1 24 1385 1541 5 (D 0,1,1) (S 33,1,11) (S 68,10,17) (S 1,17,17) (D 0,1,1)
