23011
13
284240472
1748194908
 0 1 1 634 751 3 (D 0,1,1) (S 35,1,2) (D 0,1,1)
 0 1 2 1455 2129 6 (D 0,1,1) (S 8,21,28) (S 42,28,29) (S 41,29,22) (S 4,22,22) (D 0,1,1)
 0 1 3 1445 2020 7 (D 0,1,1) (S 17,12,16) (S 15,19,20) (S 27,20,27) (S 18,27,26) (S 48,26,25) (D 0,1,1)
 0 1 4 1442 1988 7 (D 0,1,1) (S 39,8,9) (S 16,9,14) (S 12,14,15) (S 3,15,15) (S 26,15,22) (D 0,1,1)
 0 1 5 1476 2037 7 (D 0,1,1) (S 9,11,18) (S 38,23,24) (S 6,24,24) (S 31,24,26) (S 30,27,28) (D 0,1,1)
 0 1 6 1487 1941 6 (D 0,1,1) (S 50,11,12) (S 22,16,19) (S 37,20,21) (S 49,21,17) (D 0,1,1)
 0 1 7 913 1324 4 (D 0,1,1) (S 28,18,19) (S 47,12,7) (D 0,1,1)
 0 1 8 1478 1946 6 (D 0,1,1) (S 43,7,8) (S 46,8,13) (S 44,13,17) (S 40,17,16) (D 0,1,1)
 0 1 9 1493 1973 6 (D 0,1,1) (S 20,3,4) (S 45,4,9) (S 33,9,10) (S 10,10,15) (D 0,1,1)
 0 1 10 1246 1663 7 (D 0,1,1) (S 32,6,11) (S 5,11,11) (S 19,12,13) (S 24,13,14) (S 1,14,14) (D 0,1,1)
 0 1 11 1047 1435 5 (D 0,1,1) (S 14,2,3) (S 29,4,5) (S 13,5,10) (D 0,1,1)
 0 1 12 1483 1950 5 (D 0,1,1) (S 11,2,7) (S 23,18,23) (S 25,23,25) (D 0,1,1)
 0 1 13 1494 1854 6 (D 0,1,1) (S 36,1,6) (S 7,6,7) (S 34,8,3) (S 2,3,3) (D 0,1,1)
