1331
15
37207500
1748278485
0 1 1 28 96 8 (D 1,1,1) (S 0,30,31) (S 1,33,34) (S 25,32,31) (S 39,31,32) (S 40,29,25) (S 69,25,25) (D 1,1,1)
0 1 2 49 106 6 (D 1,1,1) (S 3,4,11) (S 54,11,11) (S 55,5,5) (S 64,17,17) (D 1,1,1)
0 1 3 36 93 7 (D 1,1,1) (S 6,13,19) (S 7,23,24) (S 10,22,23) (S 59,22,22) (S 72,21,21) (D 1,1,1)
0 1 4 54 112 6 (D 1,1,1) (S 5,15,16) (S 35,16,23) (S 53,23,23) (S 71,28,28) (D 1,1,1)
0 1 5 57 106 9 (D 1,1,1) (S 4,19,25) (S 18,25,30) (S 19,31,26) (S 34,26,31) (S 41,26,25) (S 46,25,26) (S 68,14,14) (D 1,1,1)
0 1 6 68 136 9 (D 1,1,1) (S 2,2,3) (S 12,4,5) (S 16,10,16) (S 33,17,16) (S 37,16,17) (S 42,11,24) (S 60,24,24) (D 1,1,1)
0 1 7 21 48 4 (D 1,1,1) (S 22,8,2) (S 73,2,2) (D 1,1,1)
0 1 8 24 71 6 (D 1,1,1) (S 24,22,15) (S 50,8,8) (S 51,13,13) (S 61,7,7) (D 1,1,1)
0 1 9 45 120 7 (D 1,1,1) (S 8,29,30) (S 15,32,33) (S 28,27,32) (S 58,29,29) (S 63,18,18) (D 1,1,1)
0 1 10 45 103 11 (D 1,1,1) (S 14,6,12) (S 17,20,26) (S 21,21,20) (S 23,20,21) (S 31,21,22) (S 45,22,21) (S 47,27,28) (S 62,27,27) (S 70,20,20) (D 1,1,1)
0 1 11 35 58 6 (D 1,1,1) (S 9,1,2) (S 13,3,4) (S 49,4,4) (S 74,3,3) (D 1,1,1)
0 1 12 33 59 6 (D 1,1,1) (S 29,19,12) (S 32,12,19) (S 57,19,19) (S 67,12,12) (D 1,1,1)
0 1 13 20 43 5 (D 1,1,1) (S 30,7,6) (S 43,6,7) (S 48,13,2) (D 1,1,1)
0 1 14 63 108 8 (D 1,1,1) (S 11,1,7) (S 20,9,10) (S 27,10,9) (S 52,10,10) (S 65,9,9) (S 66,15,15) (D 1,1,1)
0 1 15 36 72 7 (D 1,1,1) (S 26,18,12) (S 36,18,29) (S 38,6,1) (S 44,1,6) (S 56,6,6) (D 1,1,1)
