299
8
1938600
1748278478
0 1 1 31 49 3 (D 1,1,1) (S 20,2,2) (D 1,1,1)
0 1 2 15 51 4 (D 1,1,1) (S 0,6,9) (S 6,1,8) (D 1,1,1)
0 1 3 25 25 5 (D 1,1,1) (S 3,3,4) (S 14,4,2) (S 17,5,5) (D 1,1,1)
0 1 4 31 9 5 (D 1,1,1) (S 4,1,5) (S 11,5,7) (S 12,7,10) (D 1,1,1)
0 1 5 40 70 6 (D 1,1,1) (S 1,2,8) (S 7,8,9) (S 8,9,10) (S 19,4,4) (D 1,1,1)
0 1 6 36 -7 6 (D 1,1,1) (S 2,7,8) (S 15,8,10) (S 18,7,7) (S 22,9,9) (D 1,1,1)
0 1 7 38 59 6 (D 1,1,1) (S 5,1,7) (S 9,3,6) (S 16,3,3) (S 21,6,6) (D 1,1,1)
0 1 8 29 43 4 (D 1,1,1) (S 10,4,1) (S 13,3,1) (D 1,1,1)
