925
8
7580700
1748278479
0 1 1 38 118 7 (D 1,1,1) (S 4,8,14) (S 16,8,7) (S 22,7,8) (S 29,7,6) (S 37,12,12) (D 1,1,1)
0 1 2 46 110 7 (D 1,1,1) (S 0,19,22) (S 3,22,23) (S 14,20,23) (S 26,23,20) (S 39,20,20) (D 1,1,1)
0 1 3 23 95 7 (D 1,1,1) (S 2,13,14) (S 7,13,17) (S 18,16,17) (S 19,5,4) (S 27,4,5) (D 1,1,1)
0 1 4 26 99 6 (D 1,1,1) (S 1,10,11) (S 5,15,21) (S 31,24,21) (S 34,21,21) (D 1,1,1)
0 1 5 59 151 7 (D 1,1,1) (S 9,5,10) (S 17,15,11) (S 23,10,20) (S 30,19,20) (S 32,23,24) (D 1,1,1)
0 1 6 46 105 7 (D 1,1,1) (S 6,3,9) (S 8,9,10) (S 11,17,18) (S 24,18,14) (S 36,15,15) (D 1,1,1)
0 1 7 22 75 5 (D 1,1,1) (S 15,16,12) (S 20,11,5) (S 35,2,2) (D 1,1,1)
0 1 8 50 172 10 (D 1,1,1) (S 10,3,4) (S 12,3,1) (S 13,12,6) (S 21,6,12) (S 25,17,16) (S 28,5,11) (S 33,19,19) (S 38,3,3) (D 1,1,1)
