18932
8
2268600
1748195717
0 1 1 1805 2851 9 (D 21,1,1) (S 1,24,24) (S 5,18,19) (S 23,19,30) (S 27,19,10) (S 22,17,18) (S 32,18,10) (S 12,21,22) (D 21,1,1)
0 1 2 1473 2598 9 (D 21,1,1) (S 2,6,1) (S 48,2,3) (S 13,7,6) (S 14,6,12) (S 19,8,7) (S 33,7,13) (S 21,14,24) (D 21,1,1)
0 1 3 1372 1947 7 (D 21,1,1) (S 3,34,33) (S 11,33,32) (S 10,18,23) (S 15,17,22) (S 16,17,16) (D 21,1,1)
0 1 4 1224 2035 9 (D 21,1,1) (S 4,31,27) (S 6,31,28) (S 7,36,37) (S 37,38,30) (S 8,26,34) (S 9,29,23) (S 41,23,22) (D 21,1,1)
0 1 5 1474 2075 8 (D 21,1,1) (S 17,36,31) (S 49,28,29) (S 18,27,26) (S 25,35,36) (S 28,25,21) (S 29,22,17) (D 21,1,1)
0 1 6 1792 2643 10 (D 21,1,1) (S 20,5,11) (S 42,10,4) (S 30,4,5) (S 34,11,10) (S 43,10,18) (S 52,10,9) (S 31,9,8) (S 40,16,8) (D 21,1,1)
0 1 7 1786 2417 9 (D 21,1,1) (S 24,12,13) (S 26,13,15) (S 47,20,21) (S 36,35,27) (S 38,27,31) (S 50,34,35) (S 51,26,25) (D 21,1,1)
0 1 8 1632 2366 8 (D 21,1,1) (S 35,32,24) (S 39,24,25) (S 46,25,33) (S 44,21,17) (S 45,25,20) (S 53,16,15) (D 21,1,1)
