1515
17
46280400
1748278487
0 1 1 31 140 8 (D 1,1,1) (S 16,33,37) (S 18,36,39) (S 26,40,39) (S 35,39,36) (S 72,40,40) (S 74,26,26) (D 1,1,1)
0 1 2 35 83 6 (D 1,1,1) (S 3,13,23) (S 20,24,25) (S 29,25,31) (S 65,31,31) (D 1,1,1)
0 1 3 34 91 5 (D 1,1,1) (S 2,21,22) (S 40,22,28) (S 49,32,32) (D 1,1,1)
0 1 4 30 111 5 (D 1,1,1) (S 33,33,27) (S 50,28,28) (S 66,20,20) (D 1,1,1)
0 1 5 52 126 10 (D 1,1,1) (S 6,17,18) (S 14,18,22) (S 31,36,37) (S 41,37,33) (S 59,41,41) (S 63,37,37) (S 67,17,17) (S 70,11,11) (D 1,1,1)
0 1 6 25 99 7 (D 1,1,1) (S 4,34,35) (S 13,35,39) (S 30,40,36) (S 76,36,36) (S 77,15,15) (D 1,1,1)
0 1 7 34 80 10 (D 1,1,1) (S 5,8,9) (S 22,10,15) (S 23,10,4) (S 37,11,16) (S 43,20,19) (S 46,16,15) (S 51,4,4) (S 60,5,5) (D 1,1,1)
0 1 8 21 44 5 (D 1,1,1) (S 24,24,14) (S 39,14,9) (S 57,9,9) (D 1,1,1)
0 1 9 58 128 6 (D 1,1,1) (S 0,34,38) (S 34,38,39) (S 61,39,39) (S 64,27,27) (D 1,1,1)
0 1 10 31 73 6 (D 1,1,1) (S 19,10,9) (S 21,9,14) (S 38,30,29) (S 47,29,29) (D 1,1,1)
0 1 11 54 94 6 (D 1,1,1) (S 7,15,25) (S 44,25,24) (S 53,24,24) (S 62,30,30) (D 1,1,1)
0 1 12 31 67 5 (D 1,1,1) (S 28,26,19) (S 58,19,19) (S 73,16,16) (D 1,1,1)
0 1 13 35 77 7 (D 1,1,1) (S 11,5,6) (S 15,15,10) (S 25,10,11) (S 36,11,12) (S 56,12,12) (D 1,1,1)
0 1 14 55 131 9 (D 1,1,1) (S 1,17,20) (S 12,21,27) (S 17,31,32) (S 32,32,31) (S 54,35,35) (S 69,13,13) (S 71,14,14) (D 1,1,1)
0 1 15 18 41 4 (D 1,1,1) (S 45,13,7) (S 48,2,2) (D 1,1,1)
0 1 16 44 87 7 (D 1,1,1) (S 8,1,7) (S 9,16,19) (S 42,26,25) (S 68,25,25) (S 75,23,23) (D 1,1,1)
0 1 17 39 43 6 (D 1,1,1) (S 10,2,8) (S 27,8,7) (S 52,7,7) (S 55,3,3) (D 1,1,1)
