323
9
5897100
1748278487
0 1 1 16 40 6 (D 1,1,1) (S 1,8,14) (S 4,14,18) (S 10,18,17) (S 33,17,17) (D 1,1,1)
0 1 2 12 29 5 (D 1,1,1) (S 7,9,19) (S 20,19,20) (S 31,23,23) (D 1,1,1)
0 1 3 16 40 5 (D 1,1,1) (S 22,16,16) (S 24,11,11) (S 27,13,13) (D 1,1,1)
0 1 4 18 44 6 (D 1,1,1) (S 8,22,23) (S 19,20,23) (S 25,15,15) (S 28,21,21) (D 1,1,1)
0 1 5 20 40 9 (D 1,1,1) (S 0,5,10) (S 9,12,6) (S 13,6,12) (S 15,12,11) (S 17,11,12) (S 34,12,12) (S 35,5,5) (D 1,1,1)
0 1 6 15 34 6 (D 1,1,1) (S 2,1,2) (S 3,6,7) (S 16,8,7) (S 29,7,7) (D 1,1,1)
0 1 7 7 10 5 (D 1,1,1) (S 6,3,4) (S 12,4,2) (S 30,2,2) (D 1,1,1)
0 1 8 18 38 6 (D 1,1,1) (S 14,22,19) (S 23,9,9) (S 26,10,10) (S 32,3,3) (D 1,1,1)
0 1 9 15 48 6 (D 1,1,1) (S 5,10,20) (S 11,16,12) (S 18,13,14) (S 21,4,4) (D 1,1,1)
