1298
18
56407800
1748278484
0 1 1 17 74 5 (D 1,1,1) (S 43,27,20) (S 44,20,21) (S 78,21,21) (D 1,1,1)
0 1 2 19 71 6 (D 1,1,1) (S 0,26,30) (S 42,30,25) (S 59,25,25) (S 70,26,26) (D 1,1,1)
0 1 3 34 72 7 (D 1,1,1) (S 10,13,16) (S 19,16,21) (S 33,21,29) (S 74,29,29) (S 75,23,23) (D 1,1,1)
0 1 4 8 34 5 (D 1,1,1) (S 18,4,7) (S 27,7,4) (S 49,4,6) (D 1,1,1)
0 1 5 29 71 6 (D 1,1,1) (S 4,18,23) (S 17,18,26) (S 38,22,17) (S 71,17,17) (D 1,1,1)
0 1 6 9 29 4 (D 1,1,1) (S 39,10,3) (S 76,3,3) (D 1,1,1)
0 1 7 32 53 7 (D 1,1,1) (S 16,2,3) (S 20,3,10) (S 28,10,19) (S 58,19,19) (S 69,15,15) (D 1,1,1)
0 1 8 48 74 9 (D 1,1,1) (S 2,8,14) (S 11,14,17) (S 25,14,13) (S 31,13,14) (S 35,14,15) (S 40,15,18) (S 73,18,18) (D 1,1,1)
0 1 9 36 83 5 (D 1,1,1) (S 46,11,20) (S 60,20,20) (S 61,11,11) (D 1,1,1)
0 1 10 27 76 7 (D 1,1,1) (S 15,10,9) (S 24,9,2) (S 30,4,5) (S 36,6,7) (S 51,7,12) (D 1,1,1)
0 1 11 18 43 4 (D 1,1,1) (S 48,8,1) (S 62,5,5) (D 1,1,1)
0 1 12 59 133 8 (D 1,1,1) (S 1,22,25) (S 9,25,29) (S 29,24,20) (S 45,24,21) (S 57,28,28) (S 63,22,22) (D 1,1,1)
0 1 13 38 86 7 (D 1,1,1) (S 6,28,29) (S 26,29,30) (S 55,30,29) (S 56,19,10) (S 66,2,2) (D 1,1,1)
0 1 14 39 93 8 (D 1,1,1) (S 3,5,8) (S 5,16,20) (S 12,20,24) (S 52,24,27) (S 72,27,27) (S 79,7,7) (D 1,1,1)
0 1 15 19 51 5 (D 1,1,1) (S 37,1,8) (S 47,6,4) (S 68,6,6) (D 1,1,1)
0 1 16 37 96 7 (D 1,1,1) (S 8,8,15) (S 41,21,16) (S 54,27,24) (S 64,24,24) (S 77,12,12) (D 1,1,1)
0 1 17 60 80 11 (D 1,1,1) (S 7,1,9) (S 13,2,9) (S 14,9,15) (S 21,15,19) (S 23,19,18) (S 32,17,16) (S 34,16,17) (S 50,17,13) (S 67,13,13) (D 1,1,1)
0 1 18 37 79 5 (D 1,1,1) (S 22,16,12) (S 53,12,16) (S 65,8,8) (D 1,1,1)
