1192
15
32224800
1748278486
0 1 1 25 76 8 (D 1,1,1) (S 6,18,19) (S 15,18,26) (S 19,30,23) (S 39,30,25) (S 50,25,25) (S 68,26,26) (D 1,1,1)
0 1 2 12 45 5 (D 1,1,1) (S 4,10,15) (S 26,18,23) (S 71,23,23) (D 1,1,1)
0 1 3 22 59 5 (D 1,1,1) (S 13,14,15) (S 37,10,3) (S 58,3,3) (D 1,1,1)
0 1 4 56 116 10 (D 1,1,1) (S 2,4,7) (S 10,6,11) (S 22,16,20) (S 25,20,27) (S 40,27,20) (S 41,20,21) (S 42,25,22) (S 61,21,21) (D 1,1,1)
0 1 5 45 97 6 (D 1,1,1) (S 1,26,30) (S 44,25,29) (S 60,29,29) (S 62,22,22) (D 1,1,1)
0 1 6 16 31 4 (D 1,1,1) (S 7,4,5) (S 38,5,8) (D 1,1,1)
0 1 7 7 13 4 (D 1,1,1) (S 36,5,1) (S 47,1,5) (D 1,1,1)
0 1 8 74 144 10 (D 1,1,1) (S 0,13,14) (S 12,16,21) (S 17,24,28) (S 35,28,21) (S 49,28,28) (S 51,20,20) (S 52,13,13) (S 53,14,14) (D 1,1,1)
0 1 9 45 94 8 (D 1,1,1) (S 3,8,9) (S 5,23,26) (S 18,24,21) (S 24,21,22) (S 46,22,17) (S 70,17,17) (D 1,1,1)
0 1 10 41 78 7 (D 1,1,1) (S 14,8,5) (S 32,2,3) (S 56,10,10) (S 59,15,15) (S 64,9,9) (D 1,1,1)
0 1 11 46 95 6 (D 1,1,1) (S 9,10,19) (S 23,16,13) (S 34,13,16) (S 54,16,16) (D 1,1,1)
0 1 12 22 57 5 (D 1,1,1) (S 21,15,8) (S 29,6,7) (S 48,7,6) (D 1,1,1)
0 1 13 33 63 6 (D 1,1,1) (S 8,15,19) (S 30,23,18) (S 65,18,18) (S 66,2,2) (D 1,1,1)
0 1 14 82 144 10 (D 1,1,1) (S 11,7,12) (S 27,27,24) (S 31,28,27) (S 33,20,16) (S 43,12,16) (S 45,11,16) (S 55,12,12) (S 63,8,8) (D 1,1,1)
0 1 15 40 80 8 (D 1,1,1) (S 16,1,9) (S 20,13,8) (S 28,12,11) (S 57,11,11) (S 67,7,7) (S 69,4,4) (D 1,1,1)
