1380
25
87750600
1748278487
0 1 1 14 42 6 (D 1,1,1) (S 7,21,26) (S 25,20,25) (S 27,20,21) (S 95,13,13) (D 1,1,1)
0 1 2 31 81 7 (D 1,1,1) (S 13,43,44) (S 41,45,46) (S 49,38,36) (S 53,50,49) (S 80,44,44) (D 1,1,1)
0 1 3 27 67 6 (D 1,1,1) (S 0,35,36) (S 4,45,50) (S 26,49,48) (S 83,48,48) (D 1,1,1)
0 1 4 29 64 5 (D 1,1,1) (S 5,39,40) (S 90,40,40) (S 94,47,47) (D 1,1,1)
0 1 5 33 60 7 (D 1,1,1) (S 8,35,43) (S 21,43,42) (S 51,41,42) (S 81,42,42) (S 98,34,34) (D 1,1,1)
0 1 6 15 34 5 (D 1,1,1) (S 23,17,24) (S 33,23,22) (S 96,22,22) (D 1,1,1)
0 1 7 14 31 5 (D 1,1,1) (S 22,22,23) (S 43,23,29) (S 74,29,29) (D 1,1,1)
0 1 8 31 64 7 (D 1,1,1) (S 1,25,33) (S 39,33,41) (S 70,41,41) (S 88,25,25) (S 100,21,21) (D 1,1,1)
0 1 9 8 17 5 (D 1,1,1) (S 45,16,15) (S 46,15,23) (S 104,23,23) (D 1,1,1)
0 1 10 29 54 7 (D 1,1,1) (S 2,23,24) (S 17,24,30) (S 32,29,30) (S 67,37,37) (S 73,36,36) (D 1,1,1)
0 1 11 30 49 8 (D 1,1,1) (S 9,23,28) (S 10,28,36) (S 34,46,38) (S 64,38,30) (S 78,30,30) (S 97,24,24) (D 1,1,1)
0 1 12 13 32 6 (D 1,1,1) (S 18,22,28) (S 42,26,27) (S 44,27,28) (S 93,28,28) (D 1,1,1)
0 1 13 26 68 6 (D 1,1,1) (S 15,28,29) (S 40,50,46) (S 86,46,46) (S 87,43,43) (D 1,1,1)
0 1 14 18 36 5 (D 1,1,1) (S 3,6,11) (S 16,10,5) (S 103,6,6) (D 1,1,1)
0 1 15 23 46 5 (D 1,1,1) (S 11,8,9) (S 60,9,14) (S 62,1,5) (D 1,1,1)
0 1 16 35 68 8 (D 1,1,1) (S 20,16,1) (S 31,1,15) (S 54,15,24) (S 65,24,17) (S 66,4,4) (S 102,3,3) (D 1,1,1)
0 1 17 28 70 5 (D 1,1,1) (S 14,17,30) (S 24,49,45) (S 58,45,48) (D 1,1,1)
0 1 18 23 60 6 (D 1,1,1) (S 30,4,7) (S 56,2,3) (S 69,2,2) (S 84,7,7) (D 1,1,1)
0 1 19 28 56 7 (D 1,1,1) (S 6,11,18) (S 75,18,18) (S 82,11,11) (S 91,5,5) (S 99,12,12) (D 1,1,1)
0 1 20 20 28 5 (D 1,1,1) (S 37,9,1) (S 61,1,9) (S 77,14,14) (D 1,1,1)
0 1 21 27 53 6 (D 1,1,1) (S 29,33,34) (S 57,35,27) (S 79,27,27) (S 85,16,16) (D 1,1,1)
0 1 22 33 60 7 (D 1,1,1) (S 36,10,1) (S 38,9,13) (S 50,15,16) (S 55,14,15) (S 101,15,15) (D 1,1,1)
0 1 23 39 82 7 (D 1,1,1) (S 12,26,34) (S 28,34,35) (S 48,35,34) (S 72,38,38) (S 76,39,39) (D 1,1,1)
0 1 24 29 65 6 (D 1,1,1) (S 35,14,9) (S 47,8,13) (S 63,13,8) (S 68,19,19) (D 1,1,1)
0 1 25 51 93 8 (D 1,1,1) (S 19,17,31) (S 52,18,17) (S 59,31,32) (S 71,32,32) (S 89,31,31) (S 92,10,10) (D 1,1,1)
