1357
23
112359900
1748278480
0 1 1 12 18 3 (D 1,1,1) (S 60,5,1) (D 1,1,1)
0 1 2 9 57 4 (D 1,1,1) (S 1,45,46) (S 63,38,37) (D 1,1,1)
0 1 3 14 53 4 (D 1,1,1) (S 9,35,36) (S 78,36,44) (D 1,1,1)
0 1 4 8 34 5 (D 1,1,1) (S 0,26,27) (S 65,27,28) (S 73,28,27) (D 1,1,1)
0 1 5 9 27 5 (D 1,1,1) (S 46,13,22) (S 82,22,21) (S 109,21,21) (D 1,1,1)
0 1 6 23 60 6 (D 1,1,1) (S 10,31,32) (S 21,32,40) (S 92,39,39) (S 107,35,35) (D 1,1,1)
0 1 7 35 73 9 (D 1,1,1) (S 4,38,46) (S 25,46,50) (S 33,50,49) (S 34,45,44) (S 35,41,33) (S 79,33,34) (S 111,34,34) (D 1,1,1)
0 1 8 51 103 8 (D 1,1,1) (S 3,39,47) (S 18,40,47) (S 32,31,39) (S 40,30,29) (S 72,30,38) (S 96,45,45) (D 1,1,1)
0 1 9 32 54 10 (D 1,1,1) (S 38,22,23) (S 52,23,22) (S 55,22,13) (S 61,21,20) (S 71,13,21) (S 74,21,26) (S 75,26,25) (S 103,25,25) (D 1,1,1)
0 1 10 25 45 8 (D 1,1,1) (S 8,14,15) (S 12,15,23) (S 20,15,24) (S 41,24,29) (S 50,29,30) (S 68,29,28) (D 1,1,1)
0 1 11 17 51 5 (D 1,1,1) (S 2,14,22) (S 7,41,42) (S 108,42,42) (D 1,1,1)
0 1 12 21 40 5 (D 1,1,1) (S 47,13,8) (S 51,8,9) (S 77,9,8) (D 1,1,1)
0 1 13 22 35 7 (D 1,1,1) (S 24,14,23) (S 36,24,23) (S 83,23,24) (S 90,24,24) (S 98,23,23) (D 1,1,1)
0 1 14 24 52 7 (D 1,1,1) (S 26,6,11) (S 64,18,19) (S 66,31,17) (S 85,17,18) (S 104,18,18) (D 1,1,1)
0 1 15 45 86 9 (D 1,1,1) (S 23,16,17) (S 27,34,42) (S 49,43,35) (S 67,36,38) (S 76,38,36) (S 84,35,34) (S 106,26,26) (D 1,1,1)
0 1 16 20 28 6 (D 1,1,1) (S 37,16,1) (S 48,1,15) (S 56,15,1) (S 86,1,16) (D 1,1,1)
0 1 17 45 93 9 (D 1,1,1) (S 39,13,9) (S 43,21,13) (S 44,20,25) (S 57,33,41) (S 70,30,17) (S 80,17,30) (S 94,29,29) (D 1,1,1)
0 1 18 36 63 8 (D 1,1,1) (S 15,3,6) (S 22,3,4) (S 53,4,7) (S 62,7,4) (S 91,11,11) (S 95,10,10) (D 1,1,1)
0 1 19 27 53 6 (D 1,1,1) (S 11,7,12) (S 29,12,19) (S 89,6,5) (S 110,6,6) (D 1,1,1)
0 1 20 35 64 10 (D 1,1,1) (S 5,5,10) (S 19,10,11) (S 30,11,12) (S 54,5,6) (S 58,3,2) (S 81,2,3) (S 93,2,2) (S 97,9,9) (D 1,1,1)
0 1 21 33 66 6 (D 1,1,1) (S 14,19,32) (S 17,38,39) (S 87,39,40) (S 105,40,40) (D 1,1,1)
0 1 22 28 58 7 (D 1,1,1) (S 28,10,17) (S 45,20,21) (S 69,22,28) (S 88,28,22) (S 99,15,15) (D 1,1,1)
0 1 23 83 144 11 (D 1,1,1) (S 6,28,36) (S 13,37,44) (S 16,43,44) (S 31,43,48) (S 42,45,49) (S 59,50,45) (S 100,48,48) (S 101,49,49) (S 102,17,17) (D 1,1,1)
