1294
25
120388200
1748278480
0 1 1 27 58 6 (D 1,1,1) (S 3,41,42) (S 26,42,43) (S 93,43,44) (S 111,44,44) (D 1,1,1)
0 1 2 10 30 4 (D 1,1,1) (S 21,4,7) (S 79,7,12) (D 1,1,1)
0 1 3 41 79 9 (D 1,1,1) (S 1,38,46) (S 13,45,50) (S 23,46,50) (S 33,45,49) (S 39,49,48) (S 84,48,49) (S 113,49,49) (D 1,1,1)
0 1 4 14 38 5 (D 1,1,1) (S 70,8,13) (S 107,21,21) (S 115,22,22) (D 1,1,1)
0 1 5 53 107 9 (D 1,1,1) (S 19,33,41) (S 24,34,42) (S 51,48,43) (S 57,43,48) (S 85,49,45) (S 103,50,50) (S 110,45,45) (D 1,1,1)
0 1 6 14 37 6 (D 1,1,1) (S 36,4,3) (S 40,3,4) (S 43,12,11) (S 119,11,11) (D 1,1,1)
0 1 7 18 37 6 (D 1,1,1) (S 12,22,23) (S 63,27,28) (S 67,28,27) (S 105,27,27) (D 1,1,1)
0 1 8 8 23 4 (D 1,1,1) (S 16,2,5) (S 73,10,11) (D 1,1,1)
0 1 9 12 22 6 (D 1,1,1) (S 4,14,15) (S 68,15,23) (S 78,23,15) (S 108,23,23) (D 1,1,1)
0 1 10 26 64 7 (D 1,1,1) (S 17,36,44) (S 29,45,44) (S 66,37,38) (S 94,38,37) (S 98,30,30) (D 1,1,1)
0 1 11 34 59 8 (D 1,1,1) (S 9,13,21) (S 15,21,26) (S 28,34,35) (S 31,35,43) (S 92,43,35) (S 120,28,28) (D 1,1,1)
0 1 12 33 61 9 (D 1,1,1) (S 27,20,21) (S 37,25,20) (S 38,20,25) (S 41,25,26) (S 48,25,33) (S 112,33,33) (S 116,26,26) (D 1,1,1)
0 1 13 19 38 6 (D 1,1,1) (S 22,14,23) (S 60,14,22) (S 88,22,14) (S 91,13,8) (D 1,1,1)
0 1 14 7 13 4 (D 1,1,1) (S 52,9,1) (S 89,1,9) (D 1,1,1)
0 1 15 16 35 7 (D 1,1,1) (S 56,30,24) (S 59,23,29) (S 87,29,23) (S 106,24,24) (S 114,15,15) (D 1,1,1)
0 1 16 17 30 5 (D 1,1,1) (S 7,17,24) (S 32,24,23) (S 83,23,24) (D 1,1,1)
0 1 17 37 59 9 (D 1,1,1) (S 18,15,24) (S 34,24,29) (S 35,39,30) (S 62,29,37) (S 82,37,29) (S 101,29,29) (S 104,39,39) (D 1,1,1)
0 1 18 14 27 4 (D 1,1,1) (S 53,28,22) (S 95,13,9) (D 1,1,1)
0 1 19 36 66 9 (D 1,1,1) (S 2,5,10) (S 10,11,18) (S 14,17,18) (S 58,18,19) (S 65,30,17) (S 74,17,10) (S 86,1,16) (D 1,1,1)
0 1 20 27 46 7 (D 1,1,1) (S 30,16,1) (S 46,5,6) (S 47,5,1) (S 50,9,13) (S 97,13,13) (D 1,1,1)
0 1 21 36 67 8 (D 1,1,1) (S 11,3,6) (S 25,12,19) (S 45,12,7) (S 54,3,2) (S 81,2,3) (S 118,6,6) (D 1,1,1)
0 1 22 36 86 8 (D 1,1,1) (S 0,17,31) (S 8,35,36) (S 61,36,38) (S 71,38,36) (S 99,46,46) (S 117,47,47) (D 1,1,1)
0 1 23 18 34 5 (D 1,1,1) (S 55,1,5) (S 69,15,16) (S 80,16,17) (D 1,1,1)
0 1 24 41 70 8 (D 1,1,1) (S 44,47,39) (S 76,39,31) (S 90,31,32) (S 96,32,31) (S 100,17,17) (S 109,10,10) (D 1,1,1)
0 1 25 60 108 12 (D 1,1,1) (S 5,28,29) (S 6,29,30) (S 20,32,40) (S 42,32,19) (S 49,19,32) (S 64,31,39) (S 72,39,38) (S 75,16,15) (S 77,8,9) (S 102,9,9) (D 1,1,1)
