289
12
6047400
1748278478
0 1 1 20 24 3 (D 1,1,1) (S 31,9,9) (D 1,1,1)
0 1 2 17 19 3 (D 1,1,1) (S 34,8,8) (D 1,1,1)
0 1 3 25 27 3 (D 1,1,1) (S 35,4,4) (D 1,1,1)
0 1 4 24 26 3 (D 1,1,1) (S 36,2,2) (D 1,1,1)
0 1 5 15 12 7 (D 1,1,1) (S 0,8,10) (S 2,3,11) (S 11,1,3) (S 15,3,7) (S 29,7,10) (D 1,1,1)
0 1 6 21 18 6 (D 1,1,1) (S 13,5,9) (S 14,3,4) (S 28,6,11) (S 38,11,11) (D 1,1,1)
0 1 7 23 26 7 (D 1,1,1) (S 3,1,8) (S 12,7,11) (S 20,1,10) (S 22,10,11) (S 26,1,2) (D 1,1,1)
0 1 8 22 24 5 (D 1,1,1) (S 8,1,6) (S 16,6,7) (S 21,1,7) (D 1,1,1)
0 1 9 24 26 7 (D 1,1,1) (S 1,2,5) (S 7,3,6) (S 25,4,5) (S 32,5,5) (S 37,7,7) (D 1,1,1)
0 1 10 24 30 7 (D 1,1,1) (S 5,4,10) (S 6,2,3) (S 10,5,8) (S 17,1,9) (S 24,3,8) (D 1,1,1)
0 1 11 27 28 8 (D 1,1,1) (S 4,5,6) (S 18,4,9) (S 19,5,10) (S 23,4,6) (S 27,6,9) (S 30,3,3) (D 1,1,1)
0 1 12 24 29 4 (D 1,1,1) (S 9,1,5) (S 33,6,6) (D 1,1,1)
