539
12
10061100
1748278478
0 1 1 7 22 3 (D 1,1,1) (S 29,13,15) (D 1,1,1)
0 1 2 26 61 6 (D 1,1,1) (S 1,18,21) (S 2,14,20) (S 33,21,21) (S 34,20,20) (D 1,1,1)
0 1 3 17 41 4 (D 1,1,1) (S 20,14,18) (S 32,14,14) (D 1,1,1)
0 1 4 24 39 6 (D 1,1,1) (S 5,4,5) (S 8,5,9) (S 10,8,24) (S 13,24,27) (D 1,1,1)
0 1 5 21 57 5 (D 1,1,1) (S 14,23,24) (S 18,21,23) (S 39,22,22) (D 1,1,1)
0 1 6 20 25 5 (D 1,1,1) (S 3,1,15) (S 25,15,17) (S 42,17,17) (D 1,1,1)
0 1 7 24 47 7 (D 1,1,1) (S 7,3,8) (S 9,8,9) (S 15,6,9) (S 17,4,19) (S 22,1,24) (D 1,1,1)
0 1 8 25 58 7 (D 1,1,1) (S 4,22,25) (S 6,25,26) (S 31,8,8) (S 35,10,10) (S 36,6,6) (D 1,1,1)
0 1 9 24 41 5 (D 1,1,1) (S 12,1,27) (S 26,26,27) (S 30,3,3) (D 1,1,1)
0 1 10 26 69 9 (D 1,1,1) (S 11,16,17) (S 19,15,20) (S 23,21,22) (S 27,23,26) (S 28,3,6) (S 37,7,7) (S 41,2,2) (D 1,1,1)
0 1 11 19 34 6 (D 1,1,1) (S 16,1,19) (S 24,2,1) (S 43,12,12) (S 44,5,5) (D 1,1,1)
0 1 12 25 45 6 (D 1,1,1) (S 0,12,13) (S 21,13,14) (S 38,18,18) (S 40,4,4) (D 1,1,1)
