1636
26
142053900
1748278482
0 1 1 22 67 5 (D 1,1,1) (S 3,47,48) (S 18,41,49) (S 81,49,50) (D 1,1,1)
0 1 2 21 61 6 (D 1,1,1) (S 5,34,35) (S 17,35,36) (S 58,36,42) (S 113,44,44) (D 1,1,1)
0 1 3 12 47 4 (D 1,1,1) (S 26,4,3) (S 115,3,3) (D 1,1,1)
0 1 4 17 56 4 (D 1,1,1) (S 50,37,31) (S 95,31,31) (D 1,1,1)
0 1 5 30 77 6 (D 1,1,1) (S 19,38,45) (S 20,43,45) (S 96,43,43) (S 102,28,28) (D 1,1,1)
0 1 6 27 78 7 (D 1,1,1) (S 0,27,36) (S 9,44,49) (S 29,40,47) (S 87,47,47) (S 116,46,46) (D 1,1,1)
0 1 7 38 84 9 (D 1,1,1) (S 7,16,17) (S 10,17,25) (S 15,32,37) (S 21,43,37) (S 55,37,43) (S 64,32,28) (S 103,25,25) (D 1,1,1)
0 1 8 22 62 5 (D 1,1,1) (S 32,17,10) (S 89,10,10) (S 106,4,4) (D 1,1,1)
0 1 9 28 79 6 (D 1,1,1) (S 13,33,39) (S 16,33,40) (S 25,27,35) (S 101,35,35) (D 1,1,1)
0 1 10 29 87 6 (D 1,1,1) (S 36,27,21) (S 41,24,25) (S 93,32,32) (S 94,38,38) (D 1,1,1)
0 1 11 42 89 9 (D 1,1,1) (S 2,32,38) (S 6,38,43) (S 11,43,50) (S 47,50,45) (S 83,45,50) (S 108,36,36) (S 110,24,24) (D 1,1,1)
0 1 12 17 50 6 (D 1,1,1) (S 22,14,13) (S 53,24,32) (S 68,32,31) (S 117,22,22) (D 1,1,1)
0 1 13 12 31 6 (D 1,1,1) (S 45,5,11) (S 52,18,19) (S 75,19,18) (S 112,18,18) (D 1,1,1)
0 1 14 19 59 7 (D 1,1,1) (S 57,26,19) (S 62,26,34) (S 80,29,26) (S 84,27,30) (S 109,30,30) (D 1,1,1)
0 1 15 34 76 7 (D 1,1,1) (S 4,41,42) (S 43,42,44) (S 77,44,42) (S 111,42,42) (S 114,34,34) (D 1,1,1)
0 1 16 24 44 5 (D 1,1,1) (S 38,11,19) (S 49,19,20) (S 61,20,30) (D 1,1,1)
0 1 17 38 75 10 (D 1,1,1) (S 31,21,22) (S 39,22,23) (S 69,22,21) (S 70,15,16) (S 76,16,15) (S 78,15,9) (S 79,9,15) (S 107,16,16) (D 1,1,1)
0 1 18 10 18 5 (D 1,1,1) (S 59,6,13) (S 60,13,12) (S 90,13,13) (D 1,1,1)
0 1 19 20 41 6 (D 1,1,1) (S 40,20,21) (S 71,21,13) (S 72,15,14) (S 82,14,22) (D 1,1,1)
0 1 20 25 40 7 (D 1,1,1) (S 23,1,5) (S 33,5,18) (S 42,26,29) (S 63,26,30) (S 98,27,27) (D 1,1,1)
0 1 21 29 76 7 (D 1,1,1) (S 28,3,2) (S 51,9,10) (S 54,2,7) (S 86,2,2) (S 104,8,8) (D 1,1,1)
0 1 22 28 63 6 (D 1,1,1) (S 8,1,6) (S 14,23,31) (S 24,22,14) (S 85,15,23) (D 1,1,1)
0 1 23 55 96 9 (D 1,1,1) (S 37,6,12) (S 44,20,19) (S 48,18,5) (S 56,11,5) (S 65,18,29) (S 88,26,26) (S 91,33,33) (D 1,1,1)
0 1 24 38 79 9 (D 1,1,1) (S 1,41,48) (S 30,41,40) (S 35,40,41) (S 66,49,48) (S 74,39,29) (S 92,29,29) (S 97,12,12) (D 1,1,1)
0 1 25 46 68 8 (D 1,1,1) (S 12,1,2) (S 27,13,14) (S 46,14,15) (S 73,9,3) (S 99,9,9) (S 105,7,7) (D 1,1,1)
0 1 26 21 33 5 (D 1,1,1) (S 34,11,12) (S 67,12,13) (S 100,6,6) (D 1,1,1)
