1096
18
44761800
1748278481
0 1 1 22 57 7 (D 1,1,1) (S 12,4,38) (S 22,30,37) (S 30,37,31) (S 61,31,37) (S 65,31,31) (D 1,1,1)
0 1 2 13 36 5 (D 1,1,1) (S 16,4,5) (S 44,39,5) (S 79,5,5) (D 1,1,1)
0 1 3 17 53 4 (D 1,1,1) (S 51,20,17) (S 72,3,3) (D 1,1,1)
0 1 4 13 33 5 (D 1,1,1) (S 18,13,12) (S 32,12,11) (S 63,11,11) (D 1,1,1)
0 1 5 30 59 5 (D 1,1,1) (S 2,26,33) (S 45,33,34) (S 66,34,34) (D 1,1,1)
0 1 6 22 70 7 (D 1,1,1) (S 3,21,24) (S 19,25,24) (S 42,20,23) (S 59,24,25) (S 74,7,7) (D 1,1,1)
0 1 7 45 74 8 (D 1,1,1) (S 8,3,37) (S 11,30,31) (S 25,32,31) (S 43,31,32) (S 48,32,39) (S 78,39,39) (D 1,1,1)
0 1 8 27 49 5 (D 1,1,1) (S 27,30,29) (S 62,29,36) (S 81,36,36) (D 1,1,1)
0 1 9 31 74 7 (D 1,1,1) (S 23,12,17) (S 24,12,13) (S 50,21,22) (S 67,22,22) (S 73,18,18) (D 1,1,1)
0 1 10 18 37 7 (D 1,1,1) (S 0,3,7) (S 37,3,4) (S 53,4,3) (S 71,2,2) (S 77,6,6) (D 1,1,1)
0 1 11 42 62 7 (D 1,1,1) (S 10,1,35) (S 17,35,36) (S 35,35,28) (S 40,28,35) (S 52,35,34) (D 1,1,1)
0 1 12 24 47 5 (D 1,1,1) (S 36,8,40) (S 39,1,6) (S 54,1,11) (D 1,1,1)
0 1 13 29 66 7 (D 1,1,1) (S 28,14,8) (S 29,8,14) (S 31,1,2) (S 38,2,3) (S 64,37,37) (D 1,1,1)
0 1 14 45 96 8 (D 1,1,1) (S 13,27,34) (S 21,27,28) (S 26,28,27) (S 58,26,27) (S 69,33,33) (S 76,26,26) (D 1,1,1)
0 1 15 27 33 6 (D 1,1,1) (S 34,2,6) (S 41,6,2) (S 46,2,36) (S 55,36,35) (D 1,1,1)
0 1 16 42 68 8 (D 1,1,1) (S 4,1,40) (S 5,11,16) (S 6,15,16) (S 33,10,9) (S 56,9,15) (S 80,15,15) (D 1,1,1)
0 1 17 63 113 10 (D 1,1,1) (S 7,17,18) (S 9,18,22) (S 14,23,24) (S 20,25,22) (S 47,23,20) (S 57,21,20) (S 60,6,7) (S 75,13,13) (D 1,1,1)
0 1 18 49 69 7 (D 1,1,1) (S 1,1,10) (S 15,10,16) (S 49,15,9) (S 68,9,9) (S 70,8,8) (D 1,1,1)
