216
7
3918600
1748278477
0 1 1 10 12 5 (D 1,1,1) (S 3,2,4) (S 13,4,7) (S 30,7,7) (D 1,1,1)
0 1 2 22 30 7 (D 1,1,1) (S 1,1,9) (S 5,3,6) (S 18,6,11) (S 21,2,6) (S 28,6,6) (D 1,1,1)
0 1 3 25 41 7 (D 1,1,1) (S 0,6,10) (S 2,7,9) (S 10,1,5) (S 22,4,9) (S 27,9,9) (D 1,1,1)
0 1 4 23 36 9 (D 1,1,1) (S 4,3,10) (S 9,2,9) (S 16,1,7) (S 20,7,8) (S 24,8,8) (S 26,3,3) (S 29,11,11) (D 1,1,1)
0 1 5 26 30 6 (D 1,1,1) (S 11,7,10) (S 15,1,8) (S 17,2,3) (S 19,3,11) (D 1,1,1)
0 1 6 26 38 6 (D 1,1,1) (S 6,5,7) (S 8,1,6) (S 12,4,8) (S 14,3,5) (D 1,1,1)
0 1 7 22 29 5 (D 1,1,1) (S 7,1,10) (S 23,2,5) (S 25,2,2) (D 1,1,1)
