123750
43
1427715300
1748276019
0 1 1 330 4138 9 (D 485,1,1) (S 5,163,164) (S 13,174,175) (S 36,222,223) (S 66,224,278) (S 83,217,288) (S 129,92,92) (S 205,113,113) (D 485,1,1)
0 1 2 248 3556 5 (D 485,1,1) (S 47,113,224) (S 94,257,258) (S 229,52,52) (D 485,1,1)
0 1 3 182 3370 7 (D 485,1,1) (S 56,151,152) (S 106,8,160) (S 163,70,70) (S 209,27,27) (S 228,110,110) (D 485,1,1)
0 1 4 208 2974 7 (D 485,1,1) (S 58,176,198) (S 96,180,264) (S 130,3,3) (S 175,40,40) (S 181,23,23) (D 485,1,1)
0 1 5 249 3568 6 (D 485,1,1) (S 10,219,271) (S 23,158,159) (S 170,75,75) (S 183,119,119) (D 485,1,1)
0 1 6 210 3327 9 (D 485,1,1) (S 3,141,142) (S 73,152,184) (S 80,152,285) (S 119,142,152) (S 164,77,77) (S 199,105,105) (S 235,2,2) (D 485,1,1)
0 1 7 365 3907 7 (D 485,1,1) (S 32,265,266) (S 34,176,177) (S 45,175,237) (S 115,216,217) (S 196,37,37) (D 485,1,1)
0 1 8 183 3018 7 (D 485,1,1) (S 63,141,219) (S 86,218,219) (S 131,15,15) (S 155,34,34) (S 222,28,28) (D 485,1,1)
0 1 9 258 3790 6 (D 485,1,1) (S 18,142,183) (S 24,291,292) (S 204,17,17) (S 218,101,101) (D 485,1,1)
0 1 10 226 2606 6 (D 485,1,1) (S 21,199,200) (S 22,129,136) (S 226,31,31) (S 236,53,53) (D 485,1,1)
0 1 11 224 2894 10 (D 485,1,1) (S 14,1,210) (S 27,10,123) (S 137,10,10) (S 166,30,30) (S 171,47,47) (S 191,48,48) (S 192,56,56) (S 203,49,49) (D 485,1,1)
0 1 12 30 1966 4 (D 485,1,1) (S 42,286,287) (S 231,59,59) (D 485,1,1)
0 1 13 209 3323 9 (D 485,1,1) (S 8,204,242) (S 55,203,281) (S 84,241,242) (S 139,76,76) (S 153,95,95) (S 154,55,55) (S 202,14,14) (D 485,1,1)
0 1 14 590 3244 11 (D 485,1,1) (S 28,121,143) (S 62,282,283) (S 108,125,215) (S 132,13,13) (S 138,43,43) (S 147,72,72) (S 173,91,91) (S 180,103,103) (S 210,102,102) (D 485,1,1)
0 1 15 175 3003 7 (D 485,1,1) (S 19,235,274) (S 26,180,198) (S 44,220,221) (S 169,114,114) (S 216,117,117) (D 485,1,1)
0 1 16 58 1937 5 (D 485,1,1) (S 33,227,228) (S 185,20,20) (S 219,39,39) (D 485,1,1)
0 1 17 323 3200 6 (D 485,1,1) (S 1,137,249) (S 39,203,204) (S 187,94,94) (S 194,66,66) (D 485,1,1)
0 1 18 268 2390 5 (D 485,1,1) (S 46,235,236) (S 64,272,273) (S 142,99,99) (D 485,1,1)
0 1 19 342 2802 8 (D 485,1,1) (S 4,121,122) (S 12,78,259) (S 193,21,21) (S 208,78,78) (S 223,6,6) (S 224,97,97) (D 485,1,1)
0 1 20 110 1964 4 (D 485,1,1) (S 41,130,131) (S 172,12,12) (D 485,1,1)
0 1 21 157 3116 8 (D 485,1,1) (S 0,190,191) (S 6,229,230) (S 35,68,233) (S 81,154,156) (S 232,115,115) (S 233,68,68) (D 485,1,1)
0 1 22 773 3223 7 (D 485,1,1) (S 57,169,170) (S 60,74,275) (S 127,1,1) (S 140,65,65) (S 178,98,98) (D 485,1,1)
0 1 23 152 2145 6 (D 485,1,1) (S 11,133,146) (S 78,181,182) (S 107,276,277) (S 225,109,109) (D 485,1,1)
0 1 24 317 2793 9 (D 485,1,1) (S 9,255,270) (S 30,123,124) (S 126,74,74) (S 157,87,87) (S 160,33,33) (S 182,69,69) (S 195,26,26) (D 485,1,1)
0 1 25 670 3368 7 (D 485,1,1) (S 43,210,211) (S 85,243,244) (S 110,49,284) (S 113,225,226) (S 117,269,270) (D 485,1,1)
0 1 26 128 1987 5 (D 485,1,1) (S 15,247,248) (S 143,67,67) (S 190,111,111) (D 485,1,1)
0 1 27 293 2384 9 (D 485,1,1) (S 53,213,214) (S 72,137,138) (S 116,188,189) (S 122,50,50) (S 186,4,4) (S 207,86,86) (S 230,45,45) (D 485,1,1)
0 1 28 440 3188 9 (D 485,1,1) (S 25,255,256) (S 29,162,229) (S 59,61,207) (S 133,61,61) (S 198,60,60) (S 200,41,41) (S 238,116,116) (D 485,1,1)
0 1 29 179 2290 7 (D 485,1,1) (S 37,279,280) (S 90,289,290) (S 152,84,84) (S 162,25,25) (S 177,108,108) (D 485,1,1)
0 1 30 623 3328 11 (D 485,1,1) (S 69,120,293) (S 77,296,297) (S 89,294,295) (S 101,128,129) (S 121,42,42) (S 134,64,64) (S 144,85,85) (S 158,22,22) (S 237,54,54) (D 485,1,1)
0 1 31 99 1820 9 (D 485,1,1) (S 61,108,197) (S 75,197,205) (S 91,108,171) (S 98,171,205) (S 114,201,202) (S 145,93,93) (S 221,46,46) (D 485,1,1)
0 1 32 596 4084 13 (D 485,1,1) (S 54,253,254) (S 65,179,240) (S 71,42,187) (S 76,161,162) (S 87,153,154) (S 100,155,156) (S 128,36,36) (S 148,83,83) (S 211,24,24) (S 212,35,35) (S 220,96,96) (D 485,1,1)
0 1 33 61 1924 8 (D 485,1,1) (S 20,35,206) (S 111,195,196) (S 124,18,18) (S 156,100,100) (S 213,79,79) (S 217,38,38) (D 485,1,1)
0 1 34 543 3541 12 (D 485,1,1) (S 49,245,246) (S 51,179,180) (S 70,125,126) (S 99,231,232) (S 120,120,120) (S 136,104,104) (S 149,118,118) (S 151,16,16) (S 176,80,80) (S 201,62,62) (D 485,1,1)
0 1 35 76 2408 7 (D 485,1,1) (S 38,262,263) (S 150,29,29) (S 159,112,112) (S 206,81,81) (S 214,90,90) (D 485,1,1)
0 1 36 222 2275 6 (D 485,1,1) (S 31,139,140) (S 67,9,127) (S 146,9,9) (S 174,51,51) (D 485,1,1)
0 1 37 231 2243 7 (D 485,1,1) (S 50,145,194) (S 95,144,145) (S 118,132,133) (S 123,82,82) (S 188,73,73) (D 485,1,1)
0 1 38 536 3980 9 (D 485,1,1) (S 16,165,166) (S 17,238,239) (S 40,32,237) (S 179,32,32) (S 184,57,57) (S 189,8,8) (S 234,44,44) (D 485,1,1)
0 1 39 452 2887 9 (D 485,1,1) (S 52,134,135) (S 68,147,148) (S 93,208,209) (S 103,35,178) (S 125,7,7) (S 141,11,11) (S 197,5,5) (D 485,1,1)
0 1 40 117 749 4 (D 485,1,1) (S 88,106,299) (S 161,106,106) (D 485,1,1)
0 1 41 663 2949 10 (D 485,1,1) (S 74,165,298) (S 79,150,250) (S 104,251,252) (S 109,149,157) (S 112,149,150) (S 135,89,89) (S 168,63,63) (S 239,58,58) (D 485,1,1)
0 1 42 564 3411 9 (D 485,1,1) (S 7,167,168) (S 48,45,234) (S 97,185,186) (S 102,172,173) (S 105,267,268) (S 165,19,19) (S 227,107,107) (D 485,1,1)
0 1 43 802 2680 7 (D 485,1,1) (S 2,260,261) (S 82,192,193) (S 92,201,212) (S 167,71,71) (S 215,88,88) (D 485,1,1)
