234
8
2924400
1748278478
0 1 1 14 25 6 (D 1,1,1) (S 5,2,4) (S 7,4,6) (S 14,1,6) (S 15,6,9) (D 1,1,1)
0 1 2 13 24 5 (D 1,1,1) (S 1,1,8) (S 3,4,9) (S 16,1,5) (D 1,1,1)
0 1 3 14 24 6 (D 1,1,1) (S 6,5,7) (S 11,2,8) (S 25,8,8) (S 26,2,2) (D 1,1,1)
0 1 4 22 28 6 (D 1,1,1) (S 0,1,3) (S 4,3,7) (S 17,2,5) (S 24,5,5) (D 1,1,1)
0 1 5 14 23 4 (D 1,1,1) (S 9,4,8) (S 23,4,4) (D 1,1,1)
0 1 6 22 32 6 (D 1,1,1) (S 8,5,8) (S 19,1,4) (S 20,2,7) (S 21,7,7) (D 1,1,1)
0 1 7 17 31 6 (D 1,1,1) (S 2,5,6) (S 12,6,8) (S 13,2,3) (S 18,1,9) (D 1,1,1)
0 1 8 37 47 4 (D 1,1,1) (S 10,6,7) (S 22,3,3) (D 1,1,1)
