1643
25
130049400
1748278482
0 1 1 16 64 6 (D 1,1,1) (S 1,41,48) (S 66,49,50) (S 67,50,44) (S 118,36,36) (D 1,1,1)
0 1 2 21 55 6 (D 1,1,1) (S 2,3,9) (S 48,9,10) (S 51,10,17) (S 68,17,10) (D 1,1,1)
0 1 3 28 68 7 (D 1,1,1) (S 3,32,38) (S 23,45,38) (S 46,38,45) (S 57,37,43) (S 93,43,43) (D 1,1,1)
0 1 4 16 68 5 (D 1,1,1) (S 6,33,34) (S 16,40,47) (S 119,46,46) (D 1,1,1)
0 1 5 44 100 8 (D 1,1,1) (S 8,17,25) (S 15,28,38) (S 40,43,42) (S 43,50,45) (S 69,37,38) (S 103,38,38) (D 1,1,1)
0 1 6 21 62 6 (D 1,1,1) (S 4,25,28) (S 97,28,28) (S 107,32,32) (S 111,24,24) (D 1,1,1)
0 1 7 14 51 6 (D 1,1,1) (S 47,18,19) (S 78,19,26) (S 86,26,19) (S 106,14,14) (D 1,1,1)
0 1 8 27 65 6 (D 1,1,1) (S 11,22,31) (S 32,43,37) (S 72,37,36) (S 96,42,42) (D 1,1,1)
0 1 9 35 72 7 (D 1,1,1) (S 0,27,36) (S 34,44,49) (S 87,48,49) (S 109,49,49) (S 113,35,35) (D 1,1,1)
0 1 10 26 58 7 (D 1,1,1) (S 12,9,15) (S 39,24,32) (S 73,32,24) (S 80,24,16) (S 91,16,16) (D 1,1,1)
0 1 11 26 57 8 (D 1,1,1) (S 18,26,29) (S 71,29,18) (S 75,18,26) (S 101,26,26) (S 112,30,30) (S 120,27,27) (D 1,1,1)
0 1 12 28 62 9 (D 1,1,1) (S 5,31,37) (S 20,37,32) (S 24,32,31) (S 76,31,32) (S 81,22,23) (S 116,23,23) (S 121,15,15) (D 1,1,1)
0 1 13 28 69 6 (D 1,1,1) (S 13,23,31) (S 27,50,43) (S 85,45,50) (S 88,31,31) (D 1,1,1)
0 1 14 16 42 6 (D 1,1,1) (S 26,19,11) (S 31,11,12) (S 62,13,21) (S 114,21,21) (D 1,1,1)
0 1 15 33 80 9 (D 1,1,1) (S 35,27,21) (S 36,21,27) (S 37,18,29) (S 45,30,34) (S 49,42,41) (S 99,41,41) (S 117,48,48) (D 1,1,1)
0 1 16 20 41 4 (D 1,1,1) (S 58,18,5) (S 98,5,5) (D 1,1,1)
0 1 17 21 54 6 (D 1,1,1) (S 25,30,20) (S 42,14,15) (S 77,15,14) (S 95,22,22) (D 1,1,1)
0 1 18 14 36 5 (D 1,1,1) (S 50,20,30) (S 53,33,29) (S 115,29,29) (D 1,1,1)
0 1 19 44 100 10 (D 1,1,1) (S 9,20,21) (S 19,15,23) (S 28,22,14) (S 38,24,25) (S 44,17,16) (S 55,16,17) (S 65,4,10) (S 90,10,10) (D 1,1,1)
0 1 20 57 114 11 (D 1,1,1) (S 33,39,29) (S 70,26,34) (S 82,34,26) (S 83,26,18) (S 84,40,34) (S 102,34,34) (S 104,40,40) (S 108,19,19) (S 110,13,13) (D 1,1,1)
0 1 21 35 72 8 (D 1,1,1) (S 7,5,6) (S 22,12,11) (S 41,5,11) (S 56,11,5) (S 59,12,6) (S 64,16,9) (D 1,1,1)
0 1 22 37 96 7 (D 1,1,1) (S 30,41,35) (S 60,36,42) (S 63,44,50) (S 89,50,50) (S 92,33,33) (D 1,1,1)
0 1 23 23 42 5 (D 1,1,1) (S 52,2,7) (S 94,8,8) (S 105,7,7) (D 1,1,1)
0 1 24 40 73 7 (D 1,1,1) (S 10,1,2) (S 14,2,3) (S 21,9,8) (S 29,8,7) (S 79,3,4) (D 1,1,1)
0 1 25 34 42 7 (D 1,1,1) (S 17,6,13) (S 54,12,20) (S 61,20,12) (S 74,12,13) (S 100,6,6) (D 1,1,1)
