228
7
2343900
1748278479
0 1 1 18 28 3 (D 1,1,1) (S 20,3,3) (D 1,1,1)
0 1 2 17 27 5 (D 1,1,1) (S 5,5,8) (S 12,2,9) (S 21,9,9) (D 1,1,1)
0 1 3 20 22 5 (D 1,1,1) (S 7,6,7) (S 14,2,6) (S 23,6,6) (D 1,1,1)
0 1 4 30 37 7 (D 1,1,1) (S 1,1,3) (S 6,3,9) (S 10,4,9) (S 11,4,7) (S 17,7,7) (D 1,1,1)
0 1 5 16 29 6 (D 1,1,1) (S 4,5,7) (S 13,7,9) (S 16,1,4) (S 22,4,4) (D 1,1,1)
0 1 6 25 44 6 (D 1,1,1) (S 2,3,4) (S 8,2,3) (S 9,1,8) (S 15,5,9) (D 1,1,1)
0 1 7 27 41 7 (D 1,1,1) (S 0,6,8) (S 3,2,8) (S 18,8,8) (S 19,5,5) (S 24,2,2) (D 1,1,1)
