1461
16
60517800
1748278480
0 1 1 11 56 4 (D 1,1,1) (S 14,3,9) (S 73,9,9) (D 1,1,1)
0 1 2 34 115 8 (D 1,1,1) (S 0,30,31) (S 4,26,27) (S 8,28,33) (S 26,32,31) (S 51,31,32) (S 66,27,28) (D 1,1,1)
0 1 3 29 99 7 (D 1,1,1) (S 1,4,11) (S 45,11,17) (S 62,5,11) (S 75,11,11) (S 81,15,15) (D 1,1,1)
0 1 4 34 84 6 (D 1,1,1) (S 7,15,22) (S 9,22,23) (S 44,22,28) (S 71,34,34) (D 1,1,1)
0 1 5 53 110 8 (D 1,1,1) (S 10,9,10) (S 17,10,16) (S 41,16,23) (S 42,24,17) (S 43,17,24) (S 78,24,24) (D 1,1,1)
0 1 6 38 76 5 (D 1,1,1) (S 2,29,30) (S 67,30,25) (S 77,25,25) (D 1,1,1)
0 1 7 31 99 8 (D 1,1,1) (S 34,7,13) (S 36,24,34) (S 40,32,33) (S 72,33,33) (S 79,28,28) (S 80,23,23) (D 1,1,1)
0 1 8 37 98 8 (D 1,1,1) (S 11,4,10) (S 18,16,17) (S 29,17,11) (S 57,11,24) (S 63,21,20) (S 74,7,7) (D 1,1,1)
0 1 9 38 71 7 (D 1,1,1) (S 15,8,14) (S 37,20,26) (S 50,26,20) (S 52,20,19) (S 83,19,19) (D 1,1,1)
0 1 10 63 112 11 (D 1,1,1) (S 12,12,13) (S 24,12,18) (S 27,18,12) (S 32,19,20) (S 38,20,14) (S 49,14,20) (S 54,16,15) (S 64,15,21) (S 76,21,21) (D 1,1,1)
0 1 11 47 110 7 (D 1,1,1) (S 21,11,10) (S 53,10,11) (S 61,5,4) (S 69,4,4) (S 70,13,13) (D 1,1,1)
0 1 12 61 101 10 (D 1,1,1) (S 16,6,12) (S 19,12,19) (S 20,14,15) (S 23,8,9) (S 30,3,10) (S 31,3,4) (S 56,10,3) (S 68,2,2) (D 1,1,1)
0 1 13 28 80 7 (D 1,1,1) (S 3,1,2) (S 5,23,28) (S 33,28,34) (S 59,33,32) (S 84,32,32) (D 1,1,1)
0 1 14 46 120 9 (D 1,1,1) (S 6,21,27) (S 13,26,31) (S 22,28,27) (S 48,27,32) (S 55,29,25) (S 58,6,7) (S 60,1,6) (D 1,1,1)
0 1 15 33 58 5 (D 1,1,1) (S 25,6,18) (S 39,29,18) (S 82,18,18) (D 1,1,1)
0 1 16 31 72 7 (D 1,1,1) (S 28,3,2) (S 35,2,8) (S 46,6,1) (S 47,1,7) (S 65,7,1) (D 1,1,1)
