1099
17
41400600
1748278484
0 1 1 20 50 5 (D 1,1,1) (S 18,27,28) (S 24,28,27) (S 76,27,27) (D 1,1,1)
0 1 2 21 46 7 (D 1,1,1) (S 13,4,5) (S 39,39,32) (S 42,32,39) (S 66,39,39) (S 75,5,5) (D 1,1,1)
0 1 3 12 51 5 (D 1,1,1) (S 1,21,24) (S 52,24,25) (S 72,7,7) (D 1,1,1)
0 1 4 27 78 9 (D 1,1,1) (S 5,23,24) (S 16,25,24) (S 17,25,22) (S 23,22,25) (S 40,20,23) (S 69,23,23) (S 73,13,13) (D 1,1,1)
0 1 5 25 46 6 (D 1,1,1) (S 0,3,7) (S 4,7,13) (S 14,13,18) (S 41,18,19) (D 1,1,1)
0 1 6 19 49 4 (D 1,1,1) (S 37,28,35) (S 49,1,11) (D 1,1,1)
0 1 7 23 47 6 (D 1,1,1) (S 8,37,38) (S 20,37,30) (S 53,29,36) (S 71,36,36) (D 1,1,1)
0 1 8 40 81 7 (D 1,1,1) (S 7,30,31) (S 19,30,37) (S 27,37,31) (S 57,32,32) (S 58,31,31) (D 1,1,1)
0 1 9 25 54 5 (D 1,1,1) (S 30,34,26) (S 70,33,33) (S 74,12,12) (D 1,1,1)
0 1 10 47 81 9 (D 1,1,1) (S 6,17,18) (S 9,13,19) (S 15,13,12) (S 21,12,17) (S 44,4,3) (S 59,4,4) (S 61,3,3) (D 1,1,1)
0 1 11 29 39 5 (D 1,1,1) (S 10,1,8) (S 28,8,9) (S 55,10,10) (D 1,1,1)
0 1 12 23 28 6 (D 1,1,1) (S 31,2,6) (S 35,6,1) (S 36,1,6) (S 67,6,6) (D 1,1,1)
0 1 13 64 123 10 (D 1,1,1) (S 2,1,40) (S 3,11,16) (S 11,15,16) (S 38,11,12) (S 43,21,22) (S 51,21,20) (S 54,20,20) (S 68,18,18) (D 1,1,1)
0 1 14 51 93 7 (D 1,1,1) (S 25,30,29) (S 32,36,37) (S 45,37,36) (S 47,39,38) (S 64,2,2) (D 1,1,1)
0 1 15 39 70 8 (D 1,1,1) (S 12,1,10) (S 26,14,8) (S 29,10,9) (S 50,9,15) (S 62,9,9) (S 63,15,15) (D 1,1,1)
0 1 16 47 85 5 (D 1,1,1) (S 22,33,1) (S 46,35,34) (S 56,26,26) (D 1,1,1)
0 1 17 47 78 7 (D 1,1,1) (S 33,8,40) (S 34,3,2) (S 48,2,1) (S 60,8,8) (S 65,35,35) (D 1,1,1)
