42042
23
11094000
1748195719
0 1 1 1452 1636 5 (D 1,1,1) (S 1,17,17) (S 65,17,29) (S 81,29,30) (D 1,1,1)
0 1 2 1398 2069 7 (D 1,1,1) (S 2,32,32) (S 24,40,53) (S 30,40,41) (S 46,41,53) (S 41,18,19) (D 1,1,1)
0 1 3 1417 2099 10 (D 1,1,1) (S 3,50,50) (S 52,50,51) (S 91,49,50) (S 94,50,49) (S 13,24,38) (S 16,48,49) (S 77,36,48) (S 89,21,22) (D 1,1,1)
0 1 4 1248 1721 5 (D 1,1,1) (S 4,6,6) (S 26,6,7) (S 49,7,25) (D 1,1,1)
0 1 5 1403 1916 7 (D 1,1,1) (S 5,45,45) (S 11,46,47) (S 98,47,48) (S 35,22,36) (S 54,44,45) (D 1,1,1)
0 1 6 1439 2038 6 (D 1,1,1) (S 6,39,39) (S 62,39,40) (S 25,51,52) (S 40,52,53) (D 1,1,1)
0 1 7 1440 2035 6 (D 1,1,1) (S 7,25,25) (S 92,7,8) (S 78,26,39) (S 86,25,24) (D 1,1,1)
0 1 8 1410 1896 7 (D 1,1,1) (S 8,33,33) (S 20,33,45) (S 57,33,34) (S 58,20,33) (S 42,4,5) (D 1,1,1)
0 1 9 1463 1908 6 (D 1,1,1) (S 9,35,35) (S 69,35,36) (S 76,36,37) (S 71,22,23) (D 1,1,1)
0 1 10 1426 1722 7 (D 1,1,1) (S 10,29,29) (S 31,29,42) (S 74,42,43) (S 75,43,44) (S 39,17,18) (D 1,1,1)
0 1 11 1351 1961 7 (D 1,1,1) (S 12,25,38) (S 82,38,51) (S 17,38,39) (S 80,38,50) (S 29,37,38) (D 1,1,1)
0 1 12 1150 1666 7 (D 1,1,1) (S 14,34,46) (S 90,46,45) (S 93,20,21) (S 51,34,35) (S 95,35,22) (D 1,1,1)
0 1 13 1446 2353 9 (D 1,1,1) (S 15,11,18) (S 27,15,16) (S 28,16,28) (S 60,28,41) (S 38,9,16) (S 70,27,28) (S 87,9,8) (D 1,1,1)
0 1 14 881 1046 5 (D 1,1,1) (S 18,2,3) (S 50,3,12) (S 97,12,11) (D 1,1,1)
0 1 15 1472 1798 5 (D 1,1,1) (S 19,20,32) (S 45,32,33) (S 36,30,43) (D 1,1,1)
0 1 16 1417 1735 6 (D 1,1,1) (S 21,19,31) (S 53,31,44) (S 55,30,31) (S 79,32,44) (D 1,1,1)
0 1 17 1356 1805 5 (D 1,1,1) (S 22,5,14) (S 64,14,22) (S 63,5,6) (D 1,1,1)
0 1 18 1412 1780 7 (D 1,1,1) (S 23,12,19) (S 66,19,20) (S 59,12,13) (S 83,3,4) (S 96,11,2) (D 1,1,1)
0 1 19 1471 1910 5 (D 1,1,1) (S 32,13,20) (S 47,23,24) (S 85,23,36) (D 1,1,1)
0 1 20 1087 1252 4 (D 1,1,1) (S 33,1,11) (S 34,11,19) (D 1,1,1)
0 1 21 1399 2136 7 (D 1,1,1) (S 37,27,40) (S 73,40,52) (S 88,40,26) (S 48,39,51) (S 44,26,27) (D 1,1,1)
0 1 22 1466 1942 6 (D 1,1,1) (S 43,24,37) (S 72,37,49) (S 67,36,49) (S 56,21,34) (D 1,1,1)
0 1 23 1453 1618 5 (D 1,1,1) (S 61,1,10) (S 68,10,17) (S 84,10,11) (D 1,1,1)
