868
15
18627000
1748278480
0 1 1 14 31 3 (D 1,1,1) (S 30,8,7) (D 1,1,1)
0 1 2 26 63 6 (D 1,1,1) (S 1,18,19) (S 28,19,21) (S 37,21,19) (S 60,19,19) (D 1,1,1)
0 1 3 30 73 6 (D 1,1,1) (S 3,20,22) (S 19,21,18) (S 54,18,18) (S 62,12,12) (D 1,1,1)
0 1 4 18 48 8 (D 1,1,1) (S 2,23,25) (S 20,27,26) (S 25,26,27) (S 46,27,24) (S 49,24,24) (S 59,26,26) (D 1,1,1)
0 1 5 15 34 4 (D 1,1,1) (S 0,4,13) (S 58,13,13) (D 1,1,1)
0 1 6 32 59 6 (D 1,1,1) (S 10,11,17) (S 41,17,16) (S 43,10,11) (S 61,11,11) (D 1,1,1)
0 1 7 24 47 6 (D 1,1,1) (S 23,29,31) (S 36,28,25) (S 38,25,28) (S 55,28,28) (D 1,1,1)
0 1 8 47 81 9 (D 1,1,1) (S 5,5,10) (S 15,11,12) (S 18,11,10) (S 24,16,15) (S 33,15,14) (S 48,14,15) (S 53,10,10) (D 1,1,1)
0 1 9 29 59 6 (D 1,1,1) (S 16,29,30) (S 21,3,4) (S 34,4,3) (S 40,2,8) (D 1,1,1)
0 1 10 27 38 6 (D 1,1,1) (S 4,3,9) (S 31,9,8) (S 45,8,2) (S 56,9,9) (D 1,1,1)
0 1 11 25 64 5 (D 1,1,1) (S 26,14,10) (S 51,16,16) (S 57,6,6) (D 1,1,1)
0 1 12 63 104 9 (D 1,1,1) (S 7,28,31) (S 11,1,2) (S 12,19,20) (S 13,21,22) (S 32,19,13) (S 39,13,12) (S 47,12,8) (D 1,1,1)
0 1 13 36 68 6 (D 1,1,1) (S 29,27,29) (S 44,26,28) (S 50,23,23) (S 52,29,29) (D 1,1,1)
0 1 14 44 60 8 (D 1,1,1) (S 6,2,3) (S 8,1,7) (S 9,6,31) (S 22,5,31) (S 27,31,1) (S 42,1,31) (D 1,1,1)
0 1 15 21 39 5 (D 1,1,1) (S 14,1,30) (S 17,8,9) (S 35,9,4) (D 1,1,1)
