923
10
11191800
1748278479
0 1 1 25 91 8 (D 1,1,1) (S 1,6,7) (S 10,8,14) (S 11,14,8) (S 18,8,7) (S 28,7,8) (S 42,13,13) (D 1,1,1)
0 1 2 33 98 7 (D 1,1,1) (S 2,6,12) (S 3,13,17) (S 5,14,18) (S 21,18,17) (S 47,17,17) (D 1,1,1)
0 1 3 29 104 6 (D 1,1,1) (S 0,20,21) (S 35,24,21) (S 39,21,21) (S 41,24,24) (D 1,1,1)
0 1 4 27 91 5 (D 1,1,1) (S 6,10,20) (S 12,22,23) (S 45,20,20) (D 1,1,1)
0 1 5 28 79 8 (D 1,1,1) (S 4,11,15) (S 7,16,17) (S 19,13,12) (S 22,12,13) (S 25,11,5) (S 38,2,4) (D 1,1,1)
0 1 6 37 77 7 (D 1,1,1) (S 8,4,5) (S 13,12,11) (S 30,11,12) (S 36,11,10) (S 44,10,10) (D 1,1,1)
0 1 7 50 145 9 (D 1,1,1) (S 14,16,12) (S 20,12,16) (S 24,5,10) (S 29,19,9) (S 33,19,20) (S 34,21,15) (S 43,15,15) (D 1,1,1)
0 1 8 13 30 5 (D 1,1,1) (S 15,1,2) (S 27,4,2) (S 31,3,4) (D 1,1,1)
0 1 9 34 96 6 (D 1,1,1) (S 9,10,9) (S 26,9,10) (S 32,5,11) (S 40,9,9) (D 1,1,1)
0 1 10 34 112 7 (D 1,1,1) (S 16,2,1) (S 17,1,3) (S 23,22,19) (S 37,19,22) (S 46,23,23) (D 1,1,1)
