1050
14
10740600
1748278479
0 1 1 5 82 4 (D 1,1,1) (S 16,8,7) (S 47,7,7) (D 1,1,1)
0 1 2 20 95 5 (D 1,1,1) (S 11,12,11) (S 14,21,24) (S 45,24,24) (D 1,1,1)
0 1 3 23 98 6 (D 1,1,1) (S 6,12,13) (S 24,13,17) (S 28,14,13) (S 39,17,17) (D 1,1,1)
0 1 4 24 98 6 (D 1,1,1) (S 1,8,14) (S 26,14,18) (S 42,18,18) (S 46,12,12) (D 1,1,1)
0 1 5 20 63 5 (D 1,1,1) (S 0,20,21) (S 34,21,15) (S 41,11,11) (D 1,1,1)
0 1 6 27 105 6 (D 1,1,1) (S 2,11,15) (S 8,16,17) (S 23,17,13) (S 36,6,6) (D 1,1,1)
0 1 7 21 67 6 (D 1,1,1) (S 18,20,10) (S 22,10,20) (S 30,23,20) (S 44,20,20) (D 1,1,1)
0 1 8 30 77 6 (D 1,1,1) (S 5,5,10) (S 12,23,24) (S 35,24,21) (S 38,15,15) (D 1,1,1)
0 1 9 27 68 5 (D 1,1,1) (S 4,9,10) (S 25,10,11) (S 29,16,12) (D 1,1,1)
0 1 10 25 66 6 (D 1,1,1) (S 13,3,9) (S 17,9,19) (S 19,23,22) (S 43,22,22) (D 1,1,1)
0 1 11 8 18 4 (D 1,1,1) (S 10,3,1) (S 33,1,3) (D 1,1,1)
0 1 12 30 54 7 (D 1,1,1) (S 3,1,2) (S 7,2,4) (S 9,4,5) (S 21,11,5) (S 31,5,11) (D 1,1,1)
0 1 13 20 51 5 (D 1,1,1) (S 20,9,3) (S 27,19,9) (S 40,3,3) (D 1,1,1)
0 1 14 30 108 5 (D 1,1,1) (S 15,16,15) (S 32,15,16) (S 37,19,19) (D 1,1,1)
