4838
7
10319523300
10319523300
0 1 1 670 777 19 (D 0,1,1) (S 1,2,1) (S 2,4,2) (S 3,69,4) (S 4,69,58) (S 5,60,58) (S 6,62,60) (S 7,66,62) (S 8,68,66) (S 9,68,66) (S 10,66,62) (S 11,63,62) (S 12,65,63) (S 13,65,63) (S 14,63,62) (S 15,58,57) (S 16,69,58) (S 17,69,4) (S 18,4,2) (S 19,2,1) (D 0,1,1)
0 1 2 492 568 16 (D 0,1,1) (S 20,2,1) (S 21,3,2) (S 22,3,2) (S 23,4,2) (S 24,69,4) (S 25,69,58) (S 26,59,58) (S 27,59,11) (S 28,12,11) (S 29,76,20) (S 30,76,20) (S 31,12,11) (S 32,10,9) (S 33,5,4) (S 34,4,2) (S 35,2,1) (D 0,1,1)
0 1 3 388 404 10 (D 0,1,1) (S 36,2,1) (S 37,4,2) (S 38,69,4) (S 39,69,4) (S 40,5,4) (S 41,5,4) (S 42,4,2) (S 43,3,2) (S 44,3,2) (S 45,2,1) (D 0,1,1)
0 1 4 657 807 23 (D 0,1,1) (S 46,2,1) (S 47,4,2) (S 48,69,4) (S 49,69,58) (S 50,60,58) (S 51,61,60) (S 52,61,60) (S 53,44,43) (S 54,46,44) (S 55,47,46) (S 56,48,47) (S 57,48,47) (S 58,49,47) (S 59,51,49) (S 60,51,49) (S 61,49,47) (S 62,47,46) (S 63,45,44) (S 64,59,44) (S 65,69,59) (S 66,69,4) (S 67,4,2) (S 68,2,1) (D 0,1,1)
0 1 5 504 905 19 (D 0,1,1) (S 69,2,1) (S 70,4,2) (S 71,5,4) (S 72,10,9) (S 73,12,11) (S 74,16,12) (S 75,16,13) (S 76,14,13) (S 77,17,15) (S 78,17,15) (S 79,76,20) (S 80,20,19) (S 81,19,18) (S 82,76,20) (S 83,12,11) (S 84,10,9) (S 85,5,4) (S 86,4,2) (S 87,2,1) (D 0,1,1)
0 1 6 860 1123 23 (D 0,1,1) (S 88,2,1) (S 89,4,2) (S 90,69,4) (S 91,69,59) (S 92,59,44) (S 93,46,44) (S 94,46,44) (S 95,44,43) (S 96,56,55) (S 97,56,55) (S 98,33,32) (S 99,34,32) (S 100,34,32) (S 101,32,31) (S 102,32,31) (S 103,35,32) (S 104,41,35) (S 105,57,42) (S 106,58,57) (S 107,69,58) (S 108,69,4) (S 109,4,2) (S 110,2,1) (D 0,1,1)
0 1 7 656 802 31 (D 0,1,1) (S 111,2,1) (S 112,4,2) (S 113,69,4) (S 114,69,59) (S 115,59,44) (S 116,46,44) (S 117,47,46) (S 118,49,47) (S 119,52,50) (S 120,51,21) (S 121,22,21) (S 122,75,22) (S 123,75,23) (S 124,31,23) (S 125,31,23) (S 126,75,23) (S 127,75,22) (S 128,22,21) (S 129,51,21) (S 130,54,52) (S 131,54,52) (S 132,52,50) (S 133,50,49) (S 134,49,47) (S 135,47,46) (S 136,46,44) (S 137,59,44) (S 138,69,59) (S 139,69,4) (S 140,4,2) (S 141,2,1) (D 0,1,1)
