1310
25
141483900
1748278483
0 1 1 19 53 6 (D 1,1,1) (S 6,39,40) (S 31,47,40) (S 48,40,32) (S 108,32,32) (D 1,1,1)
0 1 2 15 43 6 (D 1,1,1) (S 4,25,33) (S 35,25,20) (S 89,20,20) (S 106,13,13) (D 1,1,1)
0 1 3 16 40 6 (D 1,1,1) (S 23,4,3) (S 54,3,2) (S 70,2,3) (S 92,3,3) (D 1,1,1)
0 1 4 15 41 7 (D 1,1,1) (S 9,21,26) (S 15,25,26) (S 36,21,13) (S 39,20,21) (S 104,21,21) (D 1,1,1)
0 1 5 25 58 8 (D 1,1,1) (S 29,22,23) (S 32,27,35) (S 41,34,35) (S 80,38,30) (S 82,38,37) (S 114,36,36) (D 1,1,1)
0 1 6 28 61 8 (D 1,1,1) (S 0,28,36) (S 1,44,45) (S 46,46,45) (S 55,50,46) (S 88,38,38) (S 110,35,35) (D 1,1,1)
0 1 7 35 65 8 (D 1,1,1) (S 16,35,43) (S 28,43,42) (S 62,41,42) (S 81,42,41) (S 86,33,33) (S 105,26,26) (D 1,1,1)
0 1 8 27 57 8 (D 1,1,1) (S 14,34,42) (S 30,41,33) (S 53,33,41) (S 59,27,28) (S 60,28,27) (S 113,27,27) (D 1,1,1)
0 1 9 14 38 5 (D 1,1,1) (S 43,4,7) (S 56,7,4) (S 96,7,7) (D 1,1,1)
0 1 10 47 84 10 (D 1,1,1) (S 7,11,18) (S 8,18,19) (S 65,18,17) (S 73,31,32) (S 84,32,31) (S 93,47,47) (S 101,40,40) (S 115,39,39) (D 1,1,1)
0 1 11 22 46 7 (D 1,1,1) (S 5,23,24) (S 26,24,30) (S 37,44,37) (S 99,37,37) (S 107,24,24) (D 1,1,1)
0 1 12 27 73 7 (D 1,1,1) (S 2,28,29) (S 3,35,36) (S 22,37,44) (S 40,49,48) (S 109,48,48) (D 1,1,1)
0 1 13 30 56 7 (D 1,1,1) (S 12,8,9) (S 17,21,22) (S 49,22,13) (S 63,8,13) (S 78,13,8) (D 1,1,1)
0 1 14 16 30 4 (D 1,1,1) (S 24,14,22) (S 97,22,22) (D 1,1,1)
0 1 15 21 36 8 (D 1,1,1) (S 27,16,1) (S 44,1,15) (S 68,15,24) (S 69,23,15) (S 91,9,9) (S 98,14,14) (D 1,1,1)
0 1 16 18 32 5 (D 1,1,1) (S 10,2,5) (S 47,5,6) (S 94,6,6) (D 1,1,1)
0 1 17 13 22 4 (D 1,1,1) (S 71,14,23) (S 103,15,15) (D 1,1,1)
0 1 18 31 52 6 (D 1,1,1) (S 25,17,31) (S 66,39,30) (S 102,30,30) (S 111,23,23) (D 1,1,1)
0 1 19 19 36 5 (D 1,1,1) (S 51,9,1) (S 76,1,9) (S 77,1,5) (D 1,1,1)
0 1 20 29 46 6 (D 1,1,1) (S 42,12,11) (S 57,11,12) (S 79,12,19) (S 85,19,19) (D 1,1,1)
0 1 21 22 47 7 (D 1,1,1) (S 11,10,11) (S 20,10,5) (S 21,7,6) (S 58,6,7) (S 75,1,16) (D 1,1,1)
0 1 22 42 82 7 (D 1,1,1) (S 18,17,30) (S 38,49,45) (S 72,45,48) (S 74,48,49) (S 112,45,45) (D 1,1,1)
0 1 23 68 126 11 (D 1,1,1) (S 13,16,17) (S 19,31,39) (S 33,30,29) (S 45,29,30) (S 50,46,38) (S 64,38,46) (S 67,50,49) (S 87,29,29) (S 90,43,43) (D 1,1,1)
0 1 24 22 38 5 (D 1,1,1) (S 52,9,13) (S 61,15,16) (S 100,16,16) (D 1,1,1)
0 1 25 33 48 5 (D 1,1,1) (S 34,17,24) (S 83,24,17) (S 95,10,10) (D 1,1,1)
