551
8
1654800
1748278478
0 1 1 31 51 3 (D 1,1,1) (S 13,4,4) (D 1,1,1)
0 1 2 23 33 3 (D 1,1,1) (S 20,2,2) (D 1,1,1)
0 1 3 26 130 6 (D 1,1,1) (S 2,8,9) (S 9,11,13) (S 16,9,9) (S 18,11,11) (D 1,1,1)
0 1 4 26 61 5 (D 1,1,1) (S 4,2,6) (S 6,6,12) (S 15,12,12) (D 1,1,1)
0 1 5 25 66 4 (D 1,1,1) (S 0,5,10) (S 17,10,10) (D 1,1,1)
0 1 6 17 37 4 (D 1,1,1) (S 8,3,6) (S 19,6,6) (D 1,1,1)
0 1 7 30 101 6 (D 1,1,1) (S 3,4,5) (S 5,2,8) (S 12,8,8) (S 14,7,7) (D 1,1,1)
0 1 8 34 72 6 (D 1,1,1) (S 1,2,3) (S 7,1,5) (S 10,4,10) (S 11,3,3) (D 1,1,1)
