1183
13
24762300
1748278487
0 1 1 27 88 5 (D 1,1,1) (S 4,21,28) (S 9,20,27) (S 62,27,27) (D 1,1,1)
0 1 2 52 107 9 (D 1,1,1) (S 1,16,17) (S 10,17,22) (S 24,25,30) (S 36,22,21) (S 45,30,30) (S 51,23,23) (S 52,18,18) (D 1,1,1)
0 1 3 56 122 9 (D 1,1,1) (S 0,17,18) (S 2,22,25) (S 15,29,28) (S 34,28,29) (S 37,29,21) (S 44,20,20) (S 56,24,24) (D 1,1,1)
0 1 4 28 70 5 (D 1,1,1) (S 20,16,12) (S 27,12,11) (S 49,11,11) (D 1,1,1)
0 1 5 31 46 7 (D 1,1,1) (S 12,1,2) (S 14,2,9) (S 16,2,3) (S 19,3,2) (S 57,3,3) (D 1,1,1)
0 1 6 58 132 9 (D 1,1,1) (S 22,17,13) (S 23,16,13) (S 30,13,16) (S 33,23,22) (S 47,22,22) (S 50,17,17) (S 54,10,10) (D 1,1,1)
0 1 7 55 123 8 (D 1,1,1) (S 3,26,30) (S 25,25,29) (S 32,21,24) (S 35,20,21) (S 48,21,21) (S 55,14,14) (D 1,1,1)
0 1 8 63 87 7 (D 1,1,1) (S 5,8,9) (S 6,10,15) (S 7,15,19) (S 39,18,15) (S 46,15,15) (D 1,1,1)
0 1 9 29 59 6 (D 1,1,1) (S 11,1,8) (S 17,16,11) (S 29,11,12) (S 59,12,12) (D 1,1,1)
0 1 10 38 67 6 (D 1,1,1) (S 18,4,7) (S 40,7,6) (S 53,4,4) (S 58,7,7) (D 1,1,1)
0 1 11 35 103 5 (D 1,1,1) (S 28,6,7) (S 38,6,11) (S 41,26,26) (D 1,1,1)
0 1 12 60 115 7 (D 1,1,1) (S 8,4,6) (S 13,16,21) (S 26,21,29) (S 43,29,29) (S 60,9,9) (D 1,1,1)
0 1 13 34 64 6 (D 1,1,1) (S 21,13,8) (S 31,8,13) (S 42,8,8) (S 61,5,5) (D 1,1,1)
