211
7
2088900
1748278478
0 1 1 25 27 3 (D 1,1,1) (S 22,2,2) (D 1,1,1)
0 1 2 16 28 8 (D 1,1,1) (S 0,6,9) (S 2,1,3) (S 3,2,9) (S 11,3,10) (S 14,3,6) (S 19,6,6) (D 1,1,1)
0 1 3 26 37 7 (D 1,1,1) (S 6,6,10) (S 9,8,10) (S 10,1,7) (S 12,6,7) (S 23,11,11) (D 1,1,1)
0 1 4 19 26 5 (D 1,1,1) (S 5,1,10) (S 17,8,8) (S 18,4,4) (D 1,1,1)
0 1 5 27 41 6 (D 1,1,1) (S 1,5,7) (S 7,1,5) (S 15,4,9) (S 21,9,9) (D 1,1,1)
0 1 6 16 20 4 (D 1,1,1) (S 8,3,5) (S 13,3,11) (D 1,1,1)
0 1 7 25 32 5 (D 1,1,1) (S 4,1,2) (S 16,2,5) (S 20,7,7) (D 1,1,1)
