1549
20
58760700
1748278479
0 1 1 15 32 3 (D 1,1,1) (S 40,3,4) (D 1,1,1)
0 1 2 21 88 6 (D 1,1,1) (S 10,35,36) (S 32,40,41) (S 66,37,33) (S 86,21,21) (D 1,1,1)
0 1 3 36 123 8 (D 1,1,1) (S 4,34,35) (S 19,35,39) (S 26,36,39) (S 44,40,36) (S 54,39,36) (S 81,34,34) (D 1,1,1)
0 1 4 41 97 7 (D 1,1,1) (S 13,32,36) (S 45,36,37) (S 51,33,27) (S 55,27,28) (S 72,28,28) (D 1,1,1)
0 1 5 26 75 7 (D 1,1,1) (S 11,31,35) (S 24,31,32) (S 46,32,31) (S 53,31,25) (S 83,25,25) (D 1,1,1)
0 1 6 21 48 6 (D 1,1,1) (S 5,16,19) (S 41,19,26) (S 42,26,19) (S 74,16,16) (D 1,1,1)
0 1 7 43 95 7 (D 1,1,1) (S 18,20,21) (S 30,27,26) (S 31,25,26) (S 64,26,25) (S 87,26,26) (D 1,1,1)
0 1 8 31 77 4 (D 1,1,1) (S 1,23,29) (S 58,29,34) (D 1,1,1)
0 1 9 36 77 6 (D 1,1,1) (S 12,13,23) (S 14,24,30) (S 61,30,29) (S 80,14,14) (D 1,1,1)
0 1 10 25 56 7 (D 1,1,1) (S 16,5,11) (S 36,17,11) (S 50,11,17) (S 68,20,19) (S 77,15,15) (D 1,1,1)
0 1 11 51 144 9 (D 1,1,1) (S 15,17,18) (S 20,18,22) (S 35,39,35) (S 52,38,39) (S 70,39,39) (S 79,12,12) (S 82,11,11) (D 1,1,1)
0 1 12 13 29 7 (D 1,1,1) (S 6,1,2) (S 21,3,9) (S 34,10,4) (S 56,4,10) (S 75,9,9) (D 1,1,1)
0 1 13 21 58 4 (D 1,1,1) (S 23,12,6) (S 76,5,5) (D 1,1,1)
0 1 14 25 66 6 (D 1,1,1) (S 0,4,5) (S 3,17,20) (S 47,20,27) (S 48,16,17) (D 1,1,1)
0 1 15 38 94 7 (D 1,1,1) (S 7,14,23) (S 9,23,24) (S 28,24,25) (S 43,25,31) (S 49,30,31) (D 1,1,1)
0 1 16 16 43 8 (D 1,1,1) (S 2,8,9) (S 33,10,15) (S 37,10,11) (S 59,11,16) (S 60,7,8) (S 84,8,8) (D 1,1,1)
0 1 17 43 77 6 (D 1,1,1) (S 38,24,14) (S 57,14,13) (S 69,13,14) (S 88,13,13) (D 1,1,1)
0 1 18 54 131 10 (D 1,1,1) (S 17,15,25) (S 22,33,37) (S 25,37,41) (S 39,41,37) (S 62,37,36) (S 63,36,40) (S 73,40,40) (S 85,27,27) (D 1,1,1)
0 1 19 28 43 6 (D 1,1,1) (S 27,10,9) (S 29,9,14) (S 67,14,9) (S 78,7,7) (D 1,1,1)
0 1 20 43 96 5 (D 1,1,1) (S 8,21,22) (S 65,22,28) (S 71,2,2) (D 1,1,1)
