330
9
5887800
1748278486
0 1 1 13 48 6 (D 1,1,1) (S 5,7,8) (S 10,8,14) (S 16,18,17) (S 36,13,13) (D 1,1,1)
0 1 2 10 34 5 (D 1,1,1) (S 6,5,6) (S 8,6,12) (S 35,12,12) (D 1,1,1)
0 1 3 19 41 7 (D 1,1,1) (S 3,23,24) (S 11,15,11) (S 22,24,24) (S 25,21,21) (S 32,15,15) (D 1,1,1)
0 1 4 17 30 5 (D 1,1,1) (S 1,19,22) (S 19,22,23) (S 28,20,20) (D 1,1,1)
0 1 5 9 26 6 (D 1,1,1) (S 2,1,2) (S 7,19,20) (S 15,9,19) (S 23,19,19) (D 1,1,1)
0 1 6 6 17 5 (D 1,1,1) (S 9,3,4) (S 17,4,3) (S 31,9,9) (D 1,1,1)
0 1 7 23 58 7 (D 1,1,1) (S 12,14,8) (S 14,6,7) (S 26,7,7) (S 33,11,11) (S 34,10,10) (D 1,1,1)
0 1 8 7 14 5 (D 1,1,1) (S 20,3,1) (S 24,3,3) (S 27,2,2) (D 1,1,1)
0 1 9 33 62 9 (D 1,1,1) (S 0,5,10) (S 4,16,17) (S 13,17,13) (S 18,13,14) (S 21,18,14) (S 29,14,14) (S 30,5,5) (D 1,1,1)
