50241
27
7059600
1748195718
0 1 1 1486 1830 5 (D 22,1,1) (S 1,11,12) (S 87,12,13) (S 74,20,21) (D 22,1,1)
0 1 2 1474 1951 5 (D 22,1,1) (S 2,25,26) (S 28,26,35) (S 34,27,36) (D 22,1,1)
0 1 3 1507 1803 6 (D 22,1,1) (S 3,11,17) (S 13,17,21) (S 5,16,21) (S 6,21,29) (D 22,1,1)
0 1 4 1373 1891 6 (D 22,1,1) (S 4,35,44) (S 16,44,47) (S 73,36,37) (S 86,37,38) (D 22,1,1)
0 1 5 1445 2145 6 (D 22,1,1) (S 7,20,29) (S 15,51,52) (S 17,40,41) (S 70,41,52) (D 22,1,1)
0 1 6 1449 1943 5 (D 22,1,1) (S 8,18,19) (S 62,18,25) (S 51,19,26) (D 22,1,1)
0 1 7 1306 1653 5 (D 22,1,1) (S 9,7,14) (S 10,13,14) (S 14,14,24) (D 22,1,1)
0 1 8 1542 1975 6 (D 22,1,1) (S 11,3,10) (S 44,15,20) (S 12,16,17) (S 22,22,30) (D 22,1,1)
0 1 9 1368 1908 5 (D 22,1,1) (S 18,2,9) (S 69,9,10) (S 90,1,2) (D 22,1,1)
0 1 10 1560 2081 5 (D 22,1,1) (S 19,34,43) (S 20,43,46) (S 40,26,27) (D 22,1,1)
0 1 11 1475 1886 5 (D 22,1,1) (S 21,38,39) (S 75,39,50) (S 32,39,40) (D 22,1,1)
0 1 12 1469 2114 7 (D 22,1,1) (S 23,1,8) (S 58,8,18) (S 56,8,9) (S 57,9,19) (S 24,10,16) (D 22,1,1)
0 1 13 1369 1759 5 (D 22,1,1) (S 25,40,51) (S 59,50,51) (S 31,31,40) (D 22,1,1)
0 1 14 1166 1509 5 (D 22,1,1) (S 26,4,11) (S 37,4,5) (S 42,5,12) (D 22,1,1)
0 1 15 1489 1976 6 (D 22,1,1) (S 27,42,43) (S 64,43,44) (S 78,34,35) (S 89,35,36) (D 22,1,1)
0 1 16 1266 1826 5 (D 22,1,1) (S 29,25,33) (S 66,33,42) (S 68,42,45) (D 22,1,1)
0 1 17 1394 1800 5 (D 22,1,1) (S 30,5,6) (S 65,6,7) (S 43,6,13) (D 22,1,1)
0 1 18 1522 2095 6 (D 22,1,1) (S 33,47,48) (S 67,48,49) (S 50,37,48) (S 84,49,50) (D 22,1,1)
0 1 19 1525 2035 6 (D 22,1,1) (S 35,32,40) (S 60,31,32) (S 38,24,32) (S 49,32,41) (D 22,1,1)
0 1 20 1183 1404 4 (D 22,1,1) (S 36,21,22) (S 63,30,39) (D 22,1,1)
0 1 21 1393 1886 6 (D 22,1,1) (S 39,27,28) (S 77,28,37) (S 41,29,38) (S 71,30,31) (D 22,1,1)
0 1 22 1474 2060 7 (D 22,1,1) (S 45,2,3) (S 82,3,4) (S 61,10,15) (S 80,10,11) (S 54,15,16) (D 22,1,1)
0 1 23 1472 1806 5 (D 22,1,1) (S 46,13,23) (S 85,23,24) (S 91,23,31) (D 22,1,1)
0 1 24 1560 2101 5 (D 22,1,1) (S 47,45,46) (S 88,46,47) (S 79,33,34) (D 22,1,1)
0 1 25 1438 1965 6 (D 22,1,1) (S 48,28,29) (S 83,29,37) (S 52,38,49) (S 76,29,30) (D 22,1,1)
0 1 26 1100 1254 4 (D 22,1,1) (S 53,12,22) (S 55,22,23) (D 22,1,1)
0 1 27 1283 1585 4 (D 22,1,1) (S 72,19,20) (S 81,20,28) (D 22,1,1)
