262
8
2570400
1748278478
0 1 1 4 33 6 (D 1,1,1) (S 4,6,7) (S 8,7,8) (S 18,8,8) (S 22,10,10) (D 1,1,1)
0 1 2 4 48 6 (D 1,1,1) (S 0,6,8) (S 2,8,11) (S 7,9,10) (S 13,10,11) (D 1,1,1)
0 1 3 3 25 4 (D 1,1,1) (S 1,2,4) (S 20,4,4) (D 1,1,1)
0 1 4 3 32 4 (D 1,1,1) (S 9,5,6) (S 21,7,7) (D 1,1,1)
0 1 5 2 24 4 (D 1,1,1) (S 11,6,12) (S 14,1,9) (D 1,1,1)
0 1 6 3 14 5 (D 1,1,1) (S 3,1,2) (S 15,2,9) (S 19,9,9) (D 1,1,1)
0 1 7 2 9 4 (D 1,1,1) (S 10,1,12) (S 16,1,7) (D 1,1,1)
0 1 8 5 77 7 (D 1,1,1) (S 5,3,4) (S 6,2,3) (S 12,5,11) (S 17,3,5) (S 23,5,5) (D 1,1,1)
