321
8
2293500
1748278478
0 1 1 2 38 4 (D 1,1,1) (S 5,5,12) (S 15,12,13) (D 1,1,1)
0 1 2 3 50 5 (D 1,1,1) (S 0,9,10) (S 9,8,10) (S 12,10,11) (D 1,1,1)
0 1 3 2 32 4 (D 1,1,1) (S 3,2,4) (S 20,4,4) (D 1,1,1)
0 1 4 4 42 4 (D 1,1,1) (S 17,5,5) (S 18,3,3) (D 1,1,1)
0 1 5 4 34 5 (D 1,1,1) (S 1,7,8) (S 16,8,8) (S 22,7,7) (D 1,1,1)
0 1 6 2 37 4 (D 1,1,1) (S 4,6,7) (S 13,1,4) (D 1,1,1)
0 1 7 5 24 7 (D 1,1,1) (S 8,1,12) (S 11,1,2) (S 14,2,9) (S 19,9,9) (S 21,2,2) (D 1,1,1)
0 1 8 4 64 6 (D 1,1,1) (S 2,6,12) (S 6,5,13) (S 7,5,6) (S 10,1,10) (D 1,1,1)
