159
7
2230200
1748278478
0 1 1 8 6 3 (D 1,1,1) (S 12,3,7) (D 1,1,1)
0 1 2 17 25 3 (D 1,1,1) (S 20,2,2) (D 1,1,1)
0 1 3 8 17 5 (D 1,1,1) (S 8,2,8) (S 10,3,8) (S 15,1,7) (D 1,1,1)
0 1 4 18 32 8 (D 1,1,1) (S 0,5,8) (S 1,4,7) (S 3,4,6) (S 5,2,6) (S 13,4,5) (S 19,5,5) (D 1,1,1)
0 1 5 22 37 8 (D 1,1,1) (S 6,5,6) (S 9,2,7) (S 11,1,3) (S 17,2,4) (S 18,4,4) (S 21,6,6) (D 1,1,1)
0 1 6 20 17 5 (D 1,1,1) (S 7,3,4) (S 14,1,6) (S 16,6,7) (D 1,1,1)
0 1 7 23 25 6 (D 1,1,1) (S 2,7,8) (S 4,4,8) (S 22,8,8) (S 23,3,3) (D 1,1,1)
