7585
18
25558301100
25558301100
0 1 1 484 737 30 (D 0,1,1) (S 1,1,116) (S 2,116,117) (S 3,67,68) (S 4,67,69) (S 5,69,71) (S 6,71,72) (S 7,72,73) (S 8,46,77) (S 9,43,46) (S 10,43,44) (S 11,44,45) (S 12,34,45) (S 13,34,139) (S 14,34,139) (S 15,34,45) (S 16,44,45) (S 17,43,44) (S 18,43,46) (S 19,46,77) (S 20,77,78) (S 21,78,79) (S 22,79,80) (S 23,80,82) (S 24,82,84) (S 25,84,85) (S 26,85,86) (S 27,86,87) (S 28,117,119) (S 29,116,117) (S 30,1,116) (D 0,1,1)
0 1 2 786 981 44 (D 0,1,1) (S 31,1,116) (S 32,116,117) (S 33,117,119) (S 34,86,87) (S 35,85,86) (S 36,84,85) (S 37,82,84) (S 38,80,82) (S 39,79,80) (S 40,78,79) (S 41,77,78) (S 42,46,77) (S 43,43,46) (S 44,43,44) (S 45,44,45) (S 46,34,45) (S 47,34,139) (S 48,33,139) (S 49,11,33) (S 50,11,12) (S 51,12,13) (S 52,8,9) (S 53,8,9) (S 54,12,13) (S 55,11,12) (S 56,11,33) (S 57,33,139) (S 58,34,139) (S 59,34,45) (S 60,44,45) (S 61,43,44) (S 62,43,46) (S 63,46,77) (S 64,77,78) (S 65,78,79) (S 66,79,80) (S 67,80,82) (S 68,82,84) (S 69,84,85) (S 70,85,86) (S 71,86,87) (S 72,117,119) (S 73,116,117) (S 74,1,116) (D 0,1,1)
0 1 3 791 949 46 (D 0,1,1) (S 75,1,116) (S 76,116,117) (S 77,117,119) (S 78,86,87) (S 79,85,86) (S 80,84,85) (S 81,82,84) (S 82,80,82) (S 83,79,80) (S 84,78,79) (S 85,77,78) (S 86,46,77) (S 87,43,46) (S 88,43,44) (S 89,44,45) (S 90,34,45) (S 91,34,139) (S 92,33,139) (S 93,11,33) (S 94,11,12) (S 95,11,12) (S 96,11,27) (S 97,27,28) (S 98,28,30) (S 99,30,32) (S 100,30,32) (S 101,28,30) (S 102,28,29) (S 103,33,139) (S 104,34,139) (S 105,34,45) (S 106,44,45) (S 107,43,44) (S 108,43,46) (S 109,46,77) (S 110,77,78) (S 111,78,79) (S 112,79,80) (S 113,80,82) (S 114,82,84) (S 115,84,85) (S 116,85,86) (S 117,86,87) (S 118,117,119) (S 119,116,117) (S 120,1,116) (D 0,1,1)
0 1 4 255 786 20 (D 0,1,1) (S 121,1,116) (S 122,113,114) (S 123,95,96) (S 124,96,97) (S 125,97,98) (S 126,97,98) (S 127,96,97) (S 128,95,96) (S 129,62,63) (S 130,67,69) (S 131,66,67) (S 132,102,104) (S 133,104,105) (S 134,105,106) (S 135,106,107) (S 136,107,110) (S 137,110,112) (S 138,112,113) (S 139,113,114) (S 140,1,116) (D 0,1,1)
0 1 5 159 448 11 (D 0,1,1) (S 141,1,116) (S 142,116,117) (S 143,112,113) (S 144,110,112) (S 145,107,110) (S 146,107,108) (S 147,107,108) (S 148,107,112) (S 149,112,113) (S 150,113,114) (S 151,1,116) (D 0,1,1)
0 1 6 191 381 9 (D 0,1,1) (S 152,1,116) (S 153,116,117) (S 154,2,117) (S 155,2,117) (S 156,117,119) (S 157,124,126) (S 158,124,126) (S 159,114,118) (S 160,1,116) (D 0,1,1)
0 1 7 272 378 18 (D 0,1,1) (S 161,1,116) (S 162,116,117) (S 163,117,119) (S 164,86,87) (S 165,85,86) (S 166,84,85) (S 167,82,84) (S 168,80,82) (S 169,79,80) (S 170,79,80) (S 171,80,82) (S 172,82,84) (S 173,84,85) (S 174,85,86) (S 175,86,87) (S 176,117,119) (S 177,116,117) (S 178,1,116) (D 0,1,1)
0 1 8 498 648 33 (D 0,1,1) (S 179,1,116) (S 180,116,117) (S 181,117,119) (S 182,86,87) (S 183,85,86) (S 184,84,85) (S 185,82,84) (S 186,80,82) (S 187,79,80) (S 188,78,79) (S 189,77,78) (S 190,46,77) (S 191,43,46) (S 192,37,43) (S 193,36,37) (S 194,36,38) (S 195,38,39) (S 196,39,40) (S 197,36,38) (S 198,36,37) (S 199,43,46) (S 200,46,77) (S 201,77,78) (S 202,78,79) (S 203,79,80) (S 204,80,82) (S 205,82,84) (S 206,84,85) (S 207,85,86) (S 208,86,87) (S 209,117,119) (S 210,116,117) (S 211,1,116) (D 0,1,1)
0 1 9 806 912 44 (D 0,1,1) (S 212,1,116) (S 213,116,117) (S 214,117,119) (S 215,86,87) (S 216,85,86) (S 217,84,85) (S 218,82,84) (S 219,80,82) (S 220,79,80) (S 221,78,79) (S 222,77,78) (S 223,46,77) (S 224,43,46) (S 225,43,44) (S 226,44,45) (S 227,34,45) (S 228,34,139) (S 229,33,139) (S 230,11,33) (S 231,8,11) (S 232,6,8) (S 233,5,6) (S 234,5,6) (S 235,6,8) (S 236,8,11) (S 237,11,33) (S 238,33,139) (S 239,34,139) (S 240,34,45) (S 241,44,45) (S 242,43,44) (S 243,43,46) (S 244,46,77) (S 245,77,78) (S 246,78,79) (S 247,79,80) (S 248,80,82) (S 249,82,84) (S 250,84,85) (S 251,85,86) (S 252,86,87) (S 253,117,119) (S 254,116,117) (S 255,1,116) (D 0,1,1)
0 1 10 341 640 28 (D 0,1,1) (S 256,1,116) (S 257,113,114) (S 258,112,113) (S 259,107,112) (S 260,106,107) (S 261,105,106) (S 262,104,105) (S 263,102,104) (S 264,64,65) (S 265,55,56) (S 266,55,140) (S 267,54,55) (S 268,55,56) (S 269,64,65) (S 270,63,64) (S 271,62,63) (S 272,62,63) (S 273,102,104) (S 274,104,105) (S 275,105,106) (S 276,106,107) (S 277,107,110) (S 278,110,111) (S 279,110,111) (S 280,110,112) (S 281,112,113) (S 282,113,114) (S 283,1,116) (D 0,1,1)
0 1 11 288 536 20 (D 0,1,1) (S 284,1,116) (S 285,116,117) (S 286,66,67) (S 287,67,68) (S 288,67,68) (S 289,67,69) (S 290,69,71) (S 291,71,72) (S 292,72,73) (S 293,77,78) (S 294,78,79) (S 295,79,80) (S 296,80,82) (S 297,82,84) (S 298,84,85) (S 299,85,86) (S 300,86,87) (S 301,117,119) (S 302,116,117) (S 303,1,116) (D 0,1,1)
0 1 12 383 513 14 (D 0,1,1) (S 304,1,116) (S 305,113,114) (S 306,112,113) (S 307,107,112) (S 308,106,107) (S 309,105,106) (S 310,105,106) (S 311,108,109) (S 312,108,109) (S 313,107,108) (S 314,107,112) (S 315,112,113) (S 316,113,114) (S 317,1,116) (D 0,1,1)
0 1 13 400 506 28 (D 0,1,1) (S 318,1,116) (S 319,116,117) (S 320,117,119) (S 321,86,87) (S 322,85,86) (S 323,84,85) (S 324,82,84) (S 325,80,82) (S 326,79,80) (S 327,78,79) (S 328,77,78) (S 329,46,77) (S 330,43,46) (S 331,37,43) (S 332,37,43) (S 333,43,46) (S 334,46,77) (S 335,77,78) (S 336,78,79) (S 337,79,80) (S 338,80,82) (S 339,82,84) (S 340,84,85) (S 341,85,86) (S 342,86,87) (S 343,117,119) (S 344,116,117) (S 345,1,116) (D 0,1,1)
0 1 14 808 914 44 (D 0,1,1) (S 346,1,116) (S 347,116,117) (S 348,117,119) (S 349,86,87) (S 350,85,86) (S 351,84,85) (S 352,82,84) (S 353,80,82) (S 354,79,80) (S 355,78,79) (S 356,77,78) (S 357,46,77) (S 358,43,46) (S 359,43,44) (S 360,44,45) (S 361,34,45) (S 362,34,139) (S 363,33,139) (S 364,11,33) (S 365,8,11) (S 366,8,11) (S 367,11,12) (S 368,12,13) (S 369,12,13) (S 370,11,12) (S 371,11,33) (S 372,33,139) (S 373,34,139) (S 374,34,45) (S 375,44,45) (S 376,43,44) (S 377,43,46) (S 378,46,77) (S 379,77,78) (S 380,78,79) (S 381,79,80) (S 382,80,82) (S 383,82,84) (S 384,84,85) (S 385,85,86) (S 386,86,87) (S 387,117,119) (S 388,116,117) (S 389,1,116) (D 0,1,1)
0 1 15 240 661 18 (D 0,1,1) (S 390,1,116) (S 391,116,117) (S 392,67,68) (S 393,67,69) (S 394,48,49) (S 395,48,49) (S 396,49,140) (S 397,54,55) (S 398,55,56) (S 399,64,65) (S 400,102,104) (S 401,104,105) (S 402,105,106) (S 403,106,107) (S 404,107,112) (S 405,112,113) (S 406,113,114) (S 407,1,116) (D 0,1,1)
0 1 16 794 968 46 (D 0,1,1) (S 408,1,116) (S 409,116,117) (S 410,117,119) (S 411,86,87) (S 412,85,86) (S 413,84,85) (S 414,82,84) (S 415,80,82) (S 416,79,80) (S 417,78,79) (S 418,77,78) (S 419,46,77) (S 420,43,46) (S 421,43,44) (S 422,44,45) (S 423,34,45) (S 424,34,139) (S 425,33,139) (S 426,11,33) (S 427,11,12) (S 428,20,22) (S 429,20,22) (S 430,20,24) (S 431,24,25) (S 432,24,25) (S 433,20,24) (S 434,11,12) (S 435,11,33) (S 436,33,139) (S 437,34,139) (S 438,34,45) (S 439,44,45) (S 440,43,44) (S 441,43,46) (S 442,46,77) (S 443,77,78) (S 444,78,79) (S 445,79,80) (S 446,80,82) (S 447,82,84) (S 448,84,85) (S 449,85,86) (S 450,86,87) (S 451,117,119) (S 452,116,117) (S 453,1,116) (D 0,1,1)
0 1 17 79 181 5 (D 0,1,1) (S 454,1,116) (S 455,116,117) (S 456,113,114) (S 457,113,114) (S 458,1,116) (D 0,1,1)
0 1 18 133 413 7 (D 0,1,1) (S 459,1,116) (S 460,116,117) (S 461,117,119) (S 462,124,126) (S 463,117,119) (S 464,116,117) (S 465,1,116) (D 0,1,1)
