615
12
7925100
1748278477
0 1 1 10 45 5 (D 1,1,1) (S 5,6,11) (S 9,6,15) (S 37,15,15) (D 1,1,1)
0 1 2 8 29 4 (D 1,1,1) (S 2,3,9) (S 28,9,10) (D 1,1,1)
0 1 3 23 46 7 (D 1,1,1) (S 8,4,11) (S 13,11,16) (S 14,16,17) (S 35,18,18) (S 41,17,17) (D 1,1,1)
0 1 4 8 30 4 (D 1,1,1) (S 1,3,21) (S 33,21,21) (D 1,1,1)
0 1 5 11 36 4 (D 1,1,1) (S 3,8,12) (S 27,12,17) (D 1,1,1)
0 1 6 19 34 5 (D 1,1,1) (S 0,1,5) (S 6,5,6) (S 31,11,11) (D 1,1,1)
0 1 7 26 41 5 (D 1,1,1) (S 10,3,8) (S 32,20,20) (S 42,8,8) (D 1,1,1)
0 1 8 19 65 5 (D 1,1,1) (S 22,2,4) (S 24,2,22) (S 29,7,2) (D 1,1,1)
0 1 9 27 60 6 (D 1,1,1) (S 4,8,9) (S 7,1,11) (S 11,10,18) (S 39,10,10) (D 1,1,1)
0 1 10 29 90 9 (D 1,1,1) (S 12,2,5) (S 15,14,15) (S 17,13,22) (S 19,7,13) (S 34,7,7) (S 36,13,13) (S 38,5,5) (D 1,1,1)
0 1 11 23 55 6 (D 1,1,1) (S 18,4,1) (S 23,2,3) (S 30,19,19) (S 40,9,9) (D 1,1,1)
0 1 12 21 84 7 (D 1,1,1) (S 16,7,4) (S 20,4,6) (S 21,3,4) (S 25,1,10) (S 26,2,1) (D 1,1,1)
