1544
24
101409300
1748278483
0 1 1 18 64 5 (D 1,1,1) (S 1,46,47) (S 66,47,40) (S 104,41,41) (D 1,1,1)
0 1 2 28 82 7 (D 1,1,1) (S 12,32,37) (S 18,43,45) (S 43,50,45) (S 77,45,50) (S 82,49,49) (D 1,1,1)
0 1 3 29 63 6 (D 1,1,1) (S 3,32,38) (S 44,38,37) (S 45,37,31) (S 108,31,31) (D 1,1,1)
0 1 4 36 74 8 (D 1,1,1) (S 5,16,17) (S 7,17,25) (S 36,28,32) (S 61,32,28) (S 98,25,25) (S 102,28,28) (D 1,1,1)
0 1 5 35 93 9 (D 1,1,1) (S 14,33,46) (S 15,35,36) (S 27,42,43) (S 38,43,42) (S 73,44,42) (S 96,42,42) (S 109,44,44) (D 1,1,1)
0 1 6 12 35 4 (D 1,1,1) (S 30,27,21) (S 97,21,21) (D 1,1,1)
0 1 7 40 81 7 (D 1,1,1) (S 2,27,36) (S 6,44,49) (S 28,41,40) (S 85,40,40) (S 92,33,33) (D 1,1,1)
0 1 8 35 84 9 (D 1,1,1) (S 20,12,11) (S 21,29,39) (S 22,34,33) (S 39,42,36) (S 53,36,42) (S 80,35,35) (S 89,34,34) (D 1,1,1)
0 1 9 43 95 7 (D 1,1,1) (S 4,47,48) (S 8,35,41) (S 17,41,49) (S 75,49,50) (S 81,38,38) (D 1,1,1)
0 1 10 11 28 4 (D 1,1,1) (S 51,11,5) (S 94,5,5) (D 1,1,1)
0 1 11 42 84 8 (D 1,1,1) (S 11,23,31) (S 24,27,35) (S 34,36,37) (S 50,37,43) (S 103,43,43) (S 105,32,32) (D 1,1,1)
0 1 12 17 54 5 (D 1,1,1) (S 10,33,39) (S 87,39,39) (S 107,20,20) (D 1,1,1)
0 1 13 18 42 7 (D 1,1,1) (S 0,12,20) (S 31,26,29) (S 59,26,30) (S 65,30,27) (S 112,27,27) (D 1,1,1)
0 1 14 35 75 6 (D 1,1,1) (S 29,17,10) (S 83,10,10) (S 100,4,4) (S 106,2,2) (D 1,1,1)
0 1 15 38 75 9 (D 1,1,1) (S 32,27,31) (S 35,31,27) (S 55,13,12) (S 60,12,13) (S 64,15,14) (S 76,14,22) (S 101,22,22) (D 1,1,1)
0 1 16 35 73 10 (D 1,1,1) (S 16,7,8) (S 41,14,15) (S 42,24,23) (S 62,22,21) (S 71,15,9) (S 72,9,15) (S 95,15,15) (S 111,14,14) (D 1,1,1)
0 1 17 16 37 4 (D 1,1,1) (S 52,12,6) (S 57,20,30) (D 1,1,1)
0 1 18 31 67 6 (D 1,1,1) (S 13,16,24) (S 33,24,25) (S 79,24,24) (S 88,9,9) (D 1,1,1)
0 1 19 16 27 5 (D 1,1,1) (S 37,20,21) (S 63,21,13) (S 93,13,13) (D 1,1,1)
0 1 20 32 98 8 (D 1,1,1) (S 26,4,3) (S 48,9,10) (S 49,2,7) (S 67,7,13) (S 68,16,15) (S 78,15,23) (D 1,1,1)
0 1 21 31 55 5 (D 1,1,1) (S 54,26,19) (S 70,26,18) (S 110,18,18) (D 1,1,1)
0 1 22 36 55 7 (D 1,1,1) (S 9,6,7) (S 23,7,2) (S 25,2,3) (S 90,3,3) (S 99,8,8) (D 1,1,1)
0 1 23 18 34 5 (D 1,1,1) (S 46,13,6) (S 56,6,13) (S 91,11,11) (D 1,1,1)
0 1 24 52 69 10 (D 1,1,1) (S 19,1,5) (S 40,5,11) (S 47,18,19) (S 58,26,34) (S 69,34,26) (S 74,29,26) (S 84,19,19) (S 86,6,6) (D 1,1,1)
