1460
25
125904000
1748278479
0 1 1 13 59 5 (D 1,1,1) (S 36,50,44) (S 95,44,42) (S 102,42,42) (D 1,1,1)
0 1 2 36 74 8 (D 1,1,1) (S 22,38,45) (S 24,43,45) (S 66,43,38) (S 92,38,43) (S 97,43,42) (S 109,36,36) (D 1,1,1)
0 1 3 7 38 4 (D 1,1,1) (S 0,41,48) (S 111,41,41) (D 1,1,1)
0 1 4 36 77 7 (D 1,1,1) (S 2,25,28) (S 8,28,32) (S 46,28,38) (S 104,43,43) (S 114,38,38) (D 1,1,1)
0 1 5 26 56 9 (D 1,1,1) (S 13,27,30) (S 31,40,33) (S 35,33,40) (S 47,40,47) (S 73,47,48) (S 87,47,40) (S 115,40,40) (D 1,1,1)
0 1 6 10 29 4 (D 1,1,1) (S 61,18,5) (S 116,5,5) (D 1,1,1)
0 1 7 29 81 9 (D 1,1,1) (S 11,43,50) (S 59,50,45) (S 70,45,50) (S 90,44,49) (S 103,49,49) (S 113,48,48) (S 118,33,33) (D 1,1,1)
0 1 8 20 50 7 (D 1,1,1) (S 28,18,26) (S 29,34,30) (S 41,34,33) (S 82,33,34) (S 124,34,34) (D 1,1,1)
0 1 9 25 54 5 (D 1,1,1) (S 5,29,33) (S 17,33,46) (S 119,46,46) (D 1,1,1)
0 1 10 21 70 6 (D 1,1,1) (S 3,3,9) (S 40,10,4) (S 72,4,10) (S 121,3,3) (D 1,1,1)
0 1 11 26 58 7 (D 1,1,1) (S 4,34,35) (S 19,35,36) (S 42,27,35) (S 96,35,27) (S 112,27,27) (D 1,1,1)
0 1 12 9 23 4 (D 1,1,1) (S 57,5,11) (S 122,11,11) (D 1,1,1)
0 1 13 20 57 5 (D 1,1,1) (S 18,24,32) (S 27,38,37) (S 74,37,38) (D 1,1,1)
0 1 14 29 67 7 (D 1,1,1) (S 1,36,42) (S 54,36,37) (S 81,31,37) (S 101,37,31) (S 117,9,9) (D 1,1,1)
0 1 15 26 48 7 (D 1,1,1) (S 7,14,22) (S 9,22,23) (S 32,16,24) (S 34,24,23) (S 84,23,24) (D 1,1,1)
0 1 16 44 89 8 (D 1,1,1) (S 10,11,19) (S 16,29,39) (S 56,48,49) (S 64,49,41) (S 77,41,42) (S 98,49,50) (D 1,1,1)
0 1 17 30 44 6 (D 1,1,1) (S 12,20,21) (S 45,21,22) (S 79,22,21) (S 106,21,21) (D 1,1,1)
0 1 18 26 41 7 (D 1,1,1) (S 21,11,12) (S 51,13,7) (S 67,8,14) (S 85,15,14) (S 94,13,6) (D 1,1,1)
0 1 19 36 52 7 (D 1,1,1) (S 50,5,18) (S 53,18,29) (S 75,29,18) (S 99,19,26) (S 110,26,26) (D 1,1,1)
0 1 20 50 93 12 (D 1,1,1) (S 23,27,31) (S 25,15,23) (S 33,16,9) (S 38,8,7) (S 39,8,9) (S 55,9,8) (S 58,14,15) (S 83,15,16) (S 89,16,15) (S 107,2,2) (D 1,1,1)
0 1 21 52 86 10 (D 1,1,1) (S 6,16,17) (S 26,10,17) (S 52,17,25) (S 80,25,24) (S 86,24,25) (S 91,24,16) (S 93,6,7) (S 105,7,7) (D 1,1,1)
0 1 22 23 34 8 (D 1,1,1) (S 37,1,2) (S 48,7,8) (S 69,2,7) (S 71,13,12) (S 78,12,13) (S 123,6,6) (D 1,1,1)
0 1 23 27 56 8 (D 1,1,1) (S 49,5,6) (S 60,1,5) (S 63,18,19) (S 76,30,34) (S 100,26,19) (S 108,19,19) (D 1,1,1)
0 1 24 28 38 7 (D 1,1,1) (S 20,6,12) (S 30,14,13) (S 44,13,14) (S 65,15,9) (S 88,2,1) (D 1,1,1)
0 1 25 55 86 8 (D 1,1,1) (S 14,23,31) (S 15,32,37) (S 43,31,32) (S 62,31,22) (S 68,12,20) (S 120,20,20) (D 1,1,1)
