588
13
8587500
1748278479
0 1 1 16 30 3 (D 1,1,1) (S 26,3,3) (D 1,1,1)
0 1 2 18 32 3 (D 1,1,1) (S 38,6,6) (D 1,1,1)
0 1 3 26 61 5 (D 1,1,1) (S 7,18,21) (S 21,18,25) (S 27,21,21) (D 1,1,1)
0 1 4 23 62 8 (D 1,1,1) (S 4,7,11) (S 6,10,11) (S 8,5,9) (S 15,6,8) (S 22,3,6) (S 24,12,19) (D 1,1,1)
0 1 5 19 36 4 (D 1,1,1) (S 12,23,24) (S 29,24,24) (D 1,1,1)
0 1 6 22 66 7 (D 1,1,1) (S 5,15,17) (S 10,16,17) (S 11,14,20) (S 28,20,20) (S 40,13,13) (D 1,1,1)
0 1 7 16 34 5 (D 1,1,1) (S 19,2,1) (S 23,13,15) (S 36,15,15) (D 1,1,1)
0 1 8 15 32 5 (D 1,1,1) (S 18,3,4) (S 30,12,12) (S 39,5,5) (D 1,1,1)
0 1 9 20 27 5 (D 1,1,1) (S 13,1,19) (S 14,4,10) (S 17,4,6) (D 1,1,1)
0 1 10 20 53 4 (D 1,1,1) (S 20,26,27) (S 25,14,14) (D 1,1,1)
0 1 11 20 58 6 (D 1,1,1) (S 2,22,23) (S 16,25,26) (S 33,22,22) (S 34,2,2) (D 1,1,1)
0 1 12 25 56 7 (D 1,1,1) (S 0,14,21) (S 3,21,22) (S 31,23,23) (S 35,27,27) (S 37,4,4) (D 1,1,1)
0 1 13 18 41 5 (D 1,1,1) (S 1,1,17) (S 9,8,24) (S 32,8,8) (D 1,1,1)
