853
14
18475500
1748278485
0 1 1 20 69 5 (D 1,1,1) (S 0,19,22) (S 53,22,22) (S 54,20,20) (D 1,1,1)
0 1 2 17 44 5 (D 1,1,1) (S 24,15,16) (S 42,17,17) (S 49,16,16) (D 1,1,1)
0 1 3 61 109 8 (D 1,1,1) (S 3,13,19) (S 5,18,21) (S 10,21,22) (S 21,18,19) (S 51,18,18) (S 58,12,12) (D 1,1,1)
0 1 4 27 52 6 (D 1,1,1) (S 11,24,27) (S 18,29,28) (S 20,28,26) (S 56,23,23) (D 1,1,1)
0 1 5 31 62 6 (D 1,1,1) (S 1,23,25) (S 8,23,26) (S 31,26,28) (S 57,25,25) (D 1,1,1)
0 1 6 50 94 8 (D 1,1,1) (S 4,6,7) (S 6,8,9) (S 12,4,9) (S 17,9,4) (S 37,4,4) (S 45,19,19) (D 1,1,1)
0 1 7 13 34 5 (D 1,1,1) (S 28,1,31) (S 36,1,2) (S 46,9,9) (D 1,1,1)
0 1 8 25 47 6 (D 1,1,1) (S 16,17,11) (S 38,11,11) (S 43,31,31) (S 59,5,5) (D 1,1,1)
0 1 9 21 48 6 (D 1,1,1) (S 14,10,11) (S 19,14,10) (S 35,10,14) (S 48,14,14) (D 1,1,1)
0 1 10 32 42 7 (D 1,1,1) (S 9,1,30) (S 22,30,29) (S 23,28,29) (S 29,29,27) (S 47,27,27) (D 1,1,1)
0 1 11 31 52 5 (D 1,1,1) (S 33,12,8) (S 41,8,8) (S 44,2,2) (D 1,1,1)
0 1 12 66 92 10 (D 1,1,1) (S 7,1,7) (S 13,6,5) (S 15,3,4) (S 26,4,13) (S 27,13,12) (S 34,11,6) (S 52,7,7) (S 55,6,6) (D 1,1,1)
0 1 13 31 53 6 (D 1,1,1) (S 2,5,31) (S 30,31,28) (S 39,29,29) (S 40,10,10) (D 1,1,1)
0 1 14 26 55 5 (D 1,1,1) (S 25,2,3) (S 32,8,2) (S 50,3,3) (D 1,1,1)
