17875
46
77502838500
77502838500
0 1 1 574 599 33 (D 0,1,1) (S 1,1,116) (S 2,116,117) (S 3,117,119) (S 4,119,120) (S 5,120,121) (S 6,121,122) (S 7,87,122) (S 8,86,87) (S 9,85,86) (S 10,84,85) (S 11,82,84) (S 12,80,82) (S 13,79,80) (S 14,78,79) (S 15,76,77) (S 16,46,77) (S 17,43,46) (S 18,37,43) (S 19,37,43) (S 20,43,44) (S 21,44,73) (S 22,73,74) (S 23,72,74) (S 24,71,72) (S 25,69,71) (S 26,67,69) (S 27,67,68) (S 28,68,90) (S 29,90,91) (S 30,91,118) (S 31,117,118) (S 32,116,117) (S 33,1,116) (D 0,1,1)
0 1 2 893 893 56 (D 0,1,1) (S 34,1,116) (S 35,116,117) (S 36,117,119) (S 37,119,120) (S 38,120,121) (S 39,121,122) (S 40,87,122) (S 41,86,87) (S 42,85,86) (S 43,84,85) (S 44,82,84) (S 45,80,82) (S 46,79,80) (S 47,78,79) (S 48,77,78) (S 49,46,77) (S 50,43,46) (S 51,43,44) (S 52,44,45) (S 53,34,45) (S 54,34,139) (S 55,33,139) (S 56,11,33) (S 57,11,12) (S 58,12,13) (S 59,13,17) (S 60,15,17) (S 61,15,16) (S 62,13,16) (S 63,13,14) (S 64,13,14) (S 65,12,13) (S 66,11,12) (S 67,11,33) (S 68,33,139) (S 69,34,139) (S 70,34,45) (S 71,44,45) (S 72,43,44) (S 73,43,46) (S 74,46,77) (S 75,77,78) (S 76,78,79) (S 77,79,80) (S 78,80,82) (S 79,82,84) (S 80,84,85) (S 81,85,86) (S 82,86,87) (S 83,87,122) (S 84,121,122) (S 85,120,121) (S 86,119,120) (S 87,117,119) (S 88,116,117) (S 89,1,116) (D 0,1,1)
0 1 3 403 403 18 (D 0,1,1) (S 90,1,116) (S 91,116,117) (S 92,117,118) (S 93,91,118) (S 94,91,103) (S 95,103,113) (S 96,112,113) (S 97,110,112) (S 98,107,110) (S 99,106,107) (S 100,106,108) (S 101,107,108) (S 102,107,112) (S 103,112,113) (S 104,113,114) (S 105,114,115) (S 106,115,116) (S 107,1,116) (D 0,1,1)
0 1 4 495 495 24 (D 0,1,1) (S 108,1,116) (S 109,116,117) (S 110,117,118) (S 111,91,118) (S 112,90,91) (S 113,68,90) (S 114,67,68) (S 115,67,69) (S 116,69,70) (S 117,70,71) (S 118,71,72) (S 119,72,74) (S 120,73,74) (S 121,72,73) (S 122,71,72) (S 123,69,71) (S 124,67,69) (S 125,67,68) (S 126,68,90) (S 127,90,91) (S 128,91,118) (S 129,117,118) (S 130,116,117) (S 131,1,116) (D 0,1,1)
0 1 5 327 327 16 (D 0,1,1) (S 132,1,116) (S 133,115,116) (S 134,114,115) (S 135,113,114) (S 136,112,113) (S 137,107,112) (S 138,106,107) (S 139,105,106) (S 140,104,105) (S 141,102,104) (S 142,102,103) (S 143,103,113) (S 144,113,114) (S 145,114,115) (S 146,115,116) (S 147,1,116) (D 0,1,1)
0 1 6 536 536 30 (D 0,1,1) (S 148,1,116) (S 149,116,117) (S 150,117,118) (S 151,91,118) (S 152,90,91) (S 153,68,90) (S 154,67,68) (S 155,67,69) (S 156,69,70) (S 157,58,70) (S 158,57,58) (S 159,57,62) (S 160,62,63) (S 161,63,64) (S 162,64,65) (S 163,64,65) (S 164,64,93) (S 165,93,94) (S 166,94,101) (S 167,101,102) (S 168,102,104) (S 169,104,105) (S 170,105,106) (S 171,106,107) (S 172,107,112) (S 173,112,113) (S 174,113,114) (S 175,114,115) (S 176,115,116) (S 177,1,116) (D 0,1,1)
0 1 7 636 636 26 (D 0,1,1) (S 178,1,116) (S 179,116,117) (S 180,117,118) (S 181,91,118) (S 182,90,91) (S 183,68,90) (S 184,67,68) (S 185,67,69) (S 186,69,70) (S 187,58,70) (S 188,57,58) (S 189,57,58) (S 190,58,59) (S 191,59,61) (S 192,59,61) (S 193,58,59) (S 194,58,70) (S 195,69,70) (S 196,67,69) (S 197,67,68) (S 198,68,90) (S 199,90,91) (S 200,91,118) (S 201,117,118) (S 202,116,117) (S 203,1,116) (D 0,1,1)
0 1 8 337 337 23 (D 0,1,1) (S 204,1,116) (S 205,116,117) (S 206,117,119) (S 207,119,120) (S 208,120,121) (S 209,121,122) (S 210,87,122) (S 211,86,87) (S 212,85,86) (S 213,84,85) (S 214,82,84) (S 215,82,83) (S 216,83,84) (S 217,84,85) (S 218,85,86) (S 219,86,87) (S 220,87,122) (S 221,121,122) (S 222,120,121) (S 223,119,120) (S 224,117,119) (S 225,116,117) (S 226,1,116) (D 0,1,1)
0 1 9 559 630 40 (D 0,1,1) (S 227,1,116) (S 228,116,117) (S 229,117,119) (S 230,119,120) (S 231,120,121) (S 232,121,122) (S 233,87,122) (S 234,86,87) (S 235,85,86) (S 236,84,85) (S 237,82,84) (S 238,80,82) (S 239,80,81) (S 240,79,81) (S 241,78,79) (S 242,77,78) (S 243,46,77) (S 244,43,46) (S 245,38,41) (S 246,36,38) (S 247,36,37) (S 248,37,42) (S 249,42,47) (S 250,46,47) (S 251,46,77) (S 252,77,78) (S 253,78,79) (S 254,79,80) (S 255,80,82) (S 256,82,84) (S 257,84,85) (S 258,85,86) (S 259,86,87) (S 260,87,122) (S 261,121,122) (S 262,120,121) (S 263,119,120) (S 264,117,119) (S 265,116,117) (S 266,1,116) (D 0,1,1)
0 1 10 598 598 37 (D 0,1,1) (S 267,1,116) (S 268,115,116) (S 269,114,115) (S 270,113,114) (S 271,112,113) (S 272,107,112) (S 273,106,107) (S 274,105,106) (S 275,104,105) (S 276,102,104) (S 277,101,102) (S 278,94,101) (S 279,93,94) (S 280,63,93) (S 281,62,63) (S 282,57,62) (S 283,56,57) (S 284,55,56) (S 285,54,55) (S 286,54,55) (S 287,55,56) (S 288,56,65) (S 289,64,65) (S 290,64,93) (S 291,93,94) (S 292,94,101) (S 293,101,102) (S 294,102,104) (S 295,104,105) (S 296,105,106) (S 297,106,107) (S 298,107,112) (S 299,112,113) (S 300,113,114) (S 301,114,115) (S 302,115,116) (S 303,1,116) (D 0,1,1)
0 1 11 501 501 22 (D 0,1,1) (S 304,1,116) (S 305,116,117) (S 306,117,119) (S 307,119,120) (S 308,120,123) (S 309,123,125) (S 310,125,138) (S 311,131,138) (S 312,126,131) (S 313,126,130) (S 314,126,130) (S 315,126,127) (S 316,127,129) (S 317,127,129) (S 318,126,127) (S 319,124,126) (S 320,123,124) (S 321,120,123) (S 322,119,120) (S 323,117,119) (S 324,116,117) (S 325,1,116) (D 0,1,1)
0 1 12 1093 1093 57 (D 0,1,1) (S 326,1,116) (S 327,116,117) (S 328,117,119) (S 329,119,120) (S 330,120,121) (S 331,121,122) (S 332,87,122) (S 333,86,87) (S 334,85,86) (S 335,84,85) (S 336,82,84) (S 337,80,82) (S 338,79,80) (S 339,78,79) (S 340,77,78) (S 341,46,77) (S 342,43,46) (S 343,43,44) (S 344,44,45) (S 345,34,45) (S 346,34,139) (S 347,33,139) (S 348,29,33) (S 349,28,29) (S 350,28,30) (S 351,30,31) (S 352,26,31) (S 353,23,26) (S 354,21,23) (S 355,20,21) (S 356,20,24) (S 357,20,24) (S 358,12,20) (S 359,11,12) (S 360,11,33) (S 361,33,139) (S 362,34,139) (S 363,34,45) (S 364,44,45) (S 365,43,44) (S 366,43,46) (S 367,46,77) (S 368,77,78) (S 369,78,79) (S 370,79,80) (S 371,80,82) (S 372,82,84) (S 373,84,85) (S 374,85,86) (S 375,86,87) (S 376,87,122) (S 377,121,122) (S 378,120,121) (S 379,119,120) (S 380,117,119) (S 381,116,117) (S 382,1,116) (D 0,1,1)
0 1 13 447 447 20 (D 0,1,1) (S 383,1,116) (S 384,116,117) (S 385,117,119) (S 386,119,120) (S 387,120,121) (S 388,118,121) (S 389,91,118) (S 390,91,118) (S 391,118,121) (S 392,121,122) (S 393,122,123) (S 394,123,125) (S 395,123,125) (S 396,123,124) (S 397,123,124) (S 398,120,123) (S 399,119,120) (S 400,117,119) (S 401,116,117) (S 402,1,116) (D 0,1,1)
0 1 14 298 298 17 (D 0,1,1) (S 403,1,116) (S 404,115,116) (S 405,115,117) (S 406,2,117) (S 407,2,117) (S 408,117,119) (S 409,119,120) (S 410,120,123) (S 411,122,123) (S 412,121,122) (S 413,118,121) (S 414,118,121) (S 415,120,121) (S 416,119,120) (S 417,117,119) (S 418,116,117) (S 419,1,116) (D 0,1,1)
0 1 15 922 922 59 (D 0,1,1) (S 420,1,116) (S 421,116,117) (S 422,117,119) (S 423,119,120) (S 424,120,121) (S 425,121,122) (S 426,87,122) (S 427,86,87) (S 428,85,86) (S 429,84,85) (S 430,82,84) (S 431,80,82) (S 432,79,80) (S 433,78,79) (S 434,77,78) (S 435,46,77) (S 436,43,46) (S 437,43,44) (S 438,44,45) (S 439,34,45) (S 440,34,139) (S 441,33,139) (S 442,11,33) (S 443,11,12) (S 444,12,13) (S 445,13,17) (S 446,17,18) (S 447,18,19) (S 448,10,19) (S 449,9,10) (S 450,9,10) (S 451,10,15) (S 452,15,17) (S 453,13,17) (S 454,12,13) (S 455,11,12) (S 456,11,33) (S 457,33,139) (S 458,34,139) (S 459,34,45) (S 460,44,45) (S 461,43,44) (S 462,43,46) (S 463,46,77) (S 464,77,78) (S 465,78,79) (S 466,79,80) (S 467,80,82) (S 468,82,84) (S 469,84,85) (S 470,85,86) (S 471,86,87) (S 472,87,122) (S 473,121,122) (S 474,120,121) (S 475,119,120) (S 476,117,119) (S 477,116,117) (S 478,1,116) (D 0,1,1)
0 1 16 429 429 26 (D 0,1,1) (S 479,1,116) (S 480,116,117) (S 481,117,119) (S 482,119,120) (S 483,120,121) (S 484,121,122) (S 485,87,122) (S 486,86,87) (S 487,85,86) (S 488,84,85) (S 489,83,84) (S 490,82,83) (S 491,80,82) (S 492,80,81) (S 493,79,81) (S 494,79,80) (S 495,80,82) (S 496,82,92) (S 497,89,92) (S 498,88,89) (S 499,88,90) (S 500,90,91) (S 501,91,118) (S 502,117,118) (S 503,116,117) (S 504,1,116) (D 0,1,1)
0 1 17 1069 1069 58 (D 0,1,1) (S 505,1,116) (S 506,116,117) (S 507,117,119) (S 508,119,120) (S 509,120,121) (S 510,121,122) (S 511,87,122) (S 512,86,87) (S 513,85,86) (S 514,84,85) (S 515,82,84) (S 516,80,82) (S 517,79,80) (S 518,78,79) (S 519,77,78) (S 520,46,77) (S 521,43,46) (S 522,43,44) (S 523,44,45) (S 524,34,45) (S 525,34,139) (S 526,33,139) (S 527,29,33) (S 528,28,29) (S 529,27,28) (S 530,25,27) (S 531,24,25) (S 532,20,24) (S 533,20,21) (S 534,21,23) (S 535,23,26) (S 536,26,31) (S 537,30,31) (S 538,28,30) (S 539,28,29) (S 540,29,33) (S 541,33,139) (S 542,34,139) (S 543,34,45) (S 544,44,45) (S 545,43,44) (S 546,43,46) (S 547,46,77) (S 548,77,78) (S 549,78,79) (S 550,79,80) (S 551,80,82) (S 552,82,84) (S 553,84,85) (S 554,85,86) (S 555,86,87) (S 556,87,122) (S 557,121,122) (S 558,120,121) (S 559,119,120) (S 560,117,119) (S 561,116,117) (S 562,1,116) (D 0,1,1)
0 1 18 390 390 20 (D 0,1,1) (S 563,1,116) (S 564,116,117) (S 565,117,119) (S 566,119,120) (S 567,120,123) (S 568,123,124) (S 569,124,126) (S 570,126,131) (S 571,131,132) (S 572,132,133) (S 573,133,134) (S 574,134,136) (S 575,136,138) (S 576,125,138) (S 577,123,125) (S 578,120,123) (S 579,119,120) (S 580,117,119) (S 581,116,117) (S 582,1,116) (D 0,1,1)
0 1 19 1133 1133 61 (D 0,1,1) (S 583,1,116) (S 584,116,117) (S 585,117,118) (S 586,91,118) (S 587,90,91) (S 588,68,90) (S 589,67,68) (S 590,67,69) (S 591,69,71) (S 592,71,72) (S 593,72,73) (S 594,73,74) (S 595,72,74) (S 596,71,72) (S 597,70,71) (S 598,58,70) (S 599,57,58) (S 600,56,57) (S 601,55,56) (S 602,54,55) (S 603,54,140) (S 604,49,140) (S 605,48,49) (S 606,48,139) (S 607,33,139) (S 608,29,33) (S 609,28,29) (S 610,27,28) (S 611,27,28) (S 612,28,30) (S 613,30,31) (S 614,26,31) (S 615,26,31) (S 616,30,31) (S 617,30,32) (S 618,30,32) (S 619,28,30) (S 620,28,29) (S 621,29,33) (S 622,33,139) (S 623,34,139) (S 624,34,45) (S 625,44,45) (S 626,43,44) (S 627,43,46) (S 628,46,77) (S 629,77,78) (S 630,78,79) (S 631,79,80) (S 632,80,82) (S 633,82,84) (S 634,84,85) (S 635,85,86) (S 636,86,87) (S 637,87,122) (S 638,121,122) (S 639,120,121) (S 640,119,120) (S 641,117,119) (S 642,116,117) (S 643,1,116) (D 0,1,1)
0 1 20 711 711 38 (D 0,1,1) (S 644,1,116) (S 645,116,117) (S 646,117,118) (S 647,91,118) (S 648,90,91) (S 649,68,90) (S 650,67,68) (S 651,67,69) (S 652,69,70) (S 653,58,70) (S 654,58,59) (S 655,59,61) (S 656,49,61) (S 657,48,49) (S 658,48,50) (S 659,48,50) (S 660,48,49) (S 661,49,140) (S 662,53,140) (S 663,53,140) (S 664,55,140) (S 665,55,56) (S 666,56,65) (S 667,64,65) (S 668,64,93) (S 669,93,94) (S 670,94,101) (S 671,101,102) (S 672,102,104) (S 673,104,105) (S 674,105,106) (S 675,106,107) (S 676,107,112) (S 677,112,113) (S 678,113,114) (S 679,114,115) (S 680,115,116) (S 681,1,116) (D 0,1,1)
0 1 21 558 618 36 (D 0,1,1) (S 682,1,116) (S 683,116,117) (S 684,117,119) (S 685,119,120) (S 686,120,121) (S 687,121,122) (S 688,87,122) (S 689,86,87) (S 690,85,86) (S 691,84,85) (S 692,82,84) (S 693,80,82) (S 694,79,80) (S 695,78,79) (S 696,77,78) (S 697,46,77) (S 698,46,77) (S 699,76,77) (S 700,74,76) (S 701,75,76) (S 702,76,77) (S 703,77,78) (S 704,78,79) (S 705,79,80) (S 706,80,82) (S 707,82,84) (S 708,84,85) (S 709,85,86) (S 710,86,87) (S 711,87,122) (S 712,121,122) (S 713,120,121) (S 714,119,120) (S 715,117,119) (S 716,116,117) (S 717,1,116) (D 0,1,1)
0 1 22 413 413 23 (D 0,1,1) (S 718,1,116) (S 719,116,117) (S 720,117,119) (S 721,119,120) (S 722,120,123) (S 723,123,124) (S 724,124,126) (S 725,126,131) (S 726,131,132) (S 727,132,133) (S 728,133,134) (S 729,134,135) (S 730,133,135) (S 731,132,133) (S 732,131,132) (S 733,126,131) (S 734,124,126) (S 735,123,124) (S 736,120,123) (S 737,119,120) (S 738,117,119) (S 739,116,117) (S 740,1,116) (D 0,1,1)
0 1 23 952 952 54 (D 0,1,1) (S 741,1,116) (S 742,116,117) (S 743,117,119) (S 744,119,120) (S 745,120,121) (S 746,121,122) (S 747,87,122) (S 748,86,87) (S 749,85,86) (S 750,84,85) (S 751,82,84) (S 752,80,82) (S 753,79,80) (S 754,78,79) (S 755,77,78) (S 756,46,77) (S 757,43,46) (S 758,43,44) (S 759,44,45) (S 760,34,45) (S 761,34,139) (S 762,33,139) (S 763,11,33) (S 764,8,11) (S 765,6,8) (S 766,6,7) (S 767,6,7) (S 768,6,8) (S 769,8,11) (S 770,11,12) (S 771,11,12) (S 772,11,33) (S 773,33,139) (S 774,34,139) (S 775,34,45) (S 776,44,45) (S 777,43,44) (S 778,43,46) (S 779,46,77) (S 780,77,78) (S 781,78,79) (S 782,79,80) (S 783,80,82) (S 784,82,84) (S 785,84,85) (S 786,85,86) (S 787,86,87) (S 788,87,122) (S 789,121,122) (S 790,120,121) (S 791,119,120) (S 792,117,119) (S 793,116,117) (S 794,1,116) (D 0,1,1)
0 1 24 205 205 9 (D 0,1,1) (S 795,1,116) (S 796,116,117) (S 797,117,119) (S 798,117,119) (S 799,115,117) (S 800,114,115) (S 801,114,115) (S 802,115,116) (S 803,1,116) (D 0,1,1)
0 1 25 453 453 22 (D 0,1,1) (S 804,1,116) (S 805,115,116) (S 806,114,115) (S 807,113,114) (S 808,112,113) (S 809,107,112) (S 810,106,107) (S 811,105,106) (S 812,104,105) (S 813,102,104) (S 814,101,102) (S 815,66,101) (S 816,66,67) (S 817,67,69) (S 818,67,69) (S 819,67,68) (S 820,68,90) (S 821,90,91) (S 822,91,118) (S 823,117,118) (S 824,116,117) (S 825,1,116) (D 0,1,1)
0 1 26 754 754 41 (D 0,1,1) (S 826,1,116) (S 827,116,117) (S 828,117,119) (S 829,119,120) (S 830,120,121) (S 831,121,122) (S 832,87,122) (S 833,86,87) (S 834,85,86) (S 835,84,85) (S 836,82,84) (S 837,80,82) (S 838,79,80) (S 839,78,79) (S 840,77,78) (S 841,46,77) (S 842,43,46) (S 843,42,43) (S 844,42,47) (S 845,42,47) (S 846,42,43) (S 847,43,44) (S 848,44,45) (S 849,34,45) (S 850,34,139) (S 851,34,139) (S 852,34,45) (S 853,45,60) (S 854,60,61) (S 855,59,61) (S 856,58,59) (S 857,58,70) (S 858,69,70) (S 859,67,69) (S 860,67,68) (S 861,68,90) (S 862,90,91) (S 863,91,118) (S 864,117,118) (S 865,116,117) (S 866,1,116) (D 0,1,1)
0 1 27 1045 1045 52 (D 0,1,1) (S 867,1,116) (S 868,116,117) (S 869,117,119) (S 870,119,120) (S 871,120,121) (S 872,121,122) (S 873,87,122) (S 874,86,87) (S 875,85,86) (S 876,84,85) (S 877,82,84) (S 878,80,82) (S 879,79,80) (S 880,78,79) (S 881,77,78) (S 882,46,77) (S 883,43,46) (S 884,43,44) (S 885,44,45) (S 886,34,45) (S 887,34,139) (S 888,33,139) (S 889,29,33) (S 890,28,29) (S 891,27,28) (S 892,25,27) (S 893,24,25) (S 894,20,24) (S 895,20,24) (S 896,24,25) (S 897,25,26) (S 898,26,31) (S 899,30,31) (S 900,28,30) (S 901,28,29) (S 902,29,33) (S 903,33,139) (S 904,34,139) (S 905,34,45) (S 906,45,60) (S 907,59,60) (S 908,58,59) (S 909,58,70) (S 910,69,70) (S 911,67,69) (S 912,67,68) (S 913,68,90) (S 914,90,91) (S 915,91,118) (S 916,117,118) (S 917,116,117) (S 918,1,116) (D 0,1,1)
0 1 28 740 740 44 (D 0,1,1) (S 919,1,116) (S 920,115,116) (S 921,114,115) (S 922,113,114) (S 923,112,113) (S 924,107,112) (S 925,106,107) (S 926,105,106) (S 927,104,105) (S 928,102,104) (S 929,101,102) (S 930,94,101) (S 931,93,94) (S 932,64,93) (S 933,64,65) (S 934,56,65) (S 935,55,56) (S 936,55,140) (S 937,53,140) (S 938,52,53) (S 939,51,52) (S 940,50,51) (S 941,50,51) (S 942,51,52) (S 943,52,53) (S 944,53,140) (S 945,55,140) (S 946,55,56) (S 947,56,65) (S 948,64,65) (S 949,64,93) (S 950,93,94) (S 951,94,101) (S 952,101,102) (S 953,102,104) (S 954,104,105) (S 955,105,106) (S 956,106,107) (S 957,107,112) (S 958,112,113) (S 959,113,114) (S 960,114,115) (S 961,115,116) (S 962,1,116) (D 0,1,1)
0 1 29 356 356 19 (D 0,1,1) (S 963,1,116) (S 964,115,116) (S 965,114,115) (S 966,113,114) (S 967,103,113) (S 968,103,113) (S 969,112,113) (S 970,107,112) (S 971,106,107) (S 972,106,107) (S 973,107,110) (S 974,110,111) (S 975,110,111) (S 976,110,112) (S 977,112,113) (S 978,113,114) (S 979,114,115) (S 980,115,116) (S 981,1,116) (D 0,1,1)
0 1 30 500 500 28 (D 0,1,1) (S 982,1,116) (S 983,115,116) (S 984,114,115) (S 985,113,114) (S 986,112,113) (S 987,107,112) (S 988,106,107) (S 989,105,106) (S 990,104,105) (S 991,102,104) (S 992,101,102) (S 993,94,101) (S 994,94,95) (S 995,94,95) (S 996,93,94) (S 997,93,94) (S 998,94,101) (S 999,101,102) (S 1000,102,104) (S 1001,104,105) (S 1002,105,106) (S 1003,106,107) (S 1004,107,112) (S 1005,112,113) (S 1006,113,114) (S 1007,114,115) (S 1008,115,116) (S 1009,1,116) (D 0,1,1)
0 1 31 429 429 17 (D 0,1,1) (S 1010,1,116) (S 1011,116,117) (S 1012,117,119) (S 1013,119,120) (S 1014,120,121) (S 1015,121,122) (S 1016,87,122) (S 1017,86,87) (S 1018,86,88) (S 1019,88,90) (S 1020,90,91) (S 1021,66,91) (S 1022,66,91) (S 1023,91,118) (S 1024,117,118) (S 1025,116,117) (S 1026,1,116) (D 0,1,1)
0 1 32 673 673 49 (D 0,1,1) (S 1027,1,116) (S 1028,116,117) (S 1029,117,119) (S 1030,119,120) (S 1031,120,121) (S 1032,121,122) (S 1033,87,122) (S 1034,86,87) (S 1035,85,86) (S 1036,84,85) (S 1037,82,84) (S 1038,80,82) (S 1039,79,80) (S 1040,78,79) (S 1041,77,78) (S 1042,76,77) (S 1043,76,77) (S 1044,46,77) (S 1045,43,46) (S 1046,37,43) (S 1047,35,37) (S 1048,35,36) (S 1049,36,38) (S 1050,38,41) (S 1051,40,41) (S 1052,40,41) (S 1053,38,41) (S 1054,38,39) (S 1055,38,39) (S 1056,36,38) (S 1057,36,37) (S 1058,37,43) (S 1059,43,46) (S 1060,46,77) (S 1061,77,78) (S 1062,78,79) (S 1063,79,80) (S 1064,80,82) (S 1065,82,84) (S 1066,84,85) (S 1067,85,86) (S 1068,86,87) (S 1069,87,122) (S 1070,121,122) (S 1071,120,121) (S 1072,119,120) (S 1073,117,119) (S 1074,116,117) (S 1075,1,116) (D 0,1,1)
0 1 33 535 525 32 (D 0,1,1) (S 1076,1,116) (S 1077,115,116) (S 1078,114,115) (S 1079,113,114) (S 1080,112,113) (S 1081,107,112) (S 1082,106,107) (S 1083,105,106) (S 1084,104,105) (S 1085,102,104) (S 1086,101,102) (S 1087,94,101) (S 1088,94,95) (S 1089,95,96) (S 1090,96,97) (S 1091,97,98) (S 1092,97,98) (S 1093,97,99) (S 1094,99,100) (S 1095,94,100) (S 1096,94,101) (S 1097,101,102) (S 1098,102,104) (S 1099,104,105) (S 1100,105,106) (S 1101,106,107) (S 1102,107,112) (S 1103,112,113) (S 1104,113,114) (S 1105,114,115) (S 1106,115,116) (S 1107,1,116) (D 0,1,1)
0 1 34 450 450 20 (D 0,1,1) (S 1108,1,116) (S 1109,116,117) (S 1110,117,119) (S 1111,119,120) (S 1112,120,123) (S 1113,123,124) (S 1114,124,126) (S 1115,126,127) (S 1116,127,128) (S 1117,3,128) (S 1118,3,128) (S 1119,127,128) (S 1120,126,127) (S 1121,124,126) (S 1122,123,124) (S 1123,120,123) (S 1124,119,120) (S 1125,117,119) (S 1126,116,117) (S 1127,1,116) (D 0,1,1)
0 1 35 672 672 43 (D 0,1,1) (S 1128,1,116) (S 1129,116,117) (S 1130,117,119) (S 1131,119,120) (S 1132,120,121) (S 1133,121,122) (S 1134,87,122) (S 1135,86,87) (S 1136,85,86) (S 1137,84,85) (S 1138,82,84) (S 1139,80,82) (S 1140,79,80) (S 1141,78,79) (S 1142,77,78) (S 1143,46,77) (S 1144,43,46) (S 1145,43,44) (S 1146,44,45) (S 1147,34,45) (S 1148,34,35) (S 1149,35,36) (S 1150,36,38) (S 1151,36,38) (S 1152,36,37) (S 1153,37,43) (S 1154,43,46) (S 1155,46,77) (S 1156,77,78) (S 1157,78,79) (S 1158,79,80) (S 1159,80,82) (S 1160,82,84) (S 1161,84,85) (S 1162,85,86) (S 1163,86,87) (S 1164,87,122) (S 1165,121,122) (S 1166,120,121) (S 1167,119,120) (S 1168,117,119) (S 1169,116,117) (S 1170,1,116) (D 0,1,1)
0 1 36 843 843 51 (D 0,1,1) (S 1171,1,116) (S 1172,116,117) (S 1173,117,119) (S 1174,119,120) (S 1175,120,121) (S 1176,121,122) (S 1177,87,122) (S 1178,86,87) (S 1179,85,86) (S 1180,84,85) (S 1181,82,84) (S 1182,80,82) (S 1183,79,80) (S 1184,78,79) (S 1185,77,78) (S 1186,46,77) (S 1187,43,46) (S 1188,43,44) (S 1189,44,45) (S 1190,34,45) (S 1191,34,139) (S 1192,33,139) (S 1193,11,33) (S 1194,11,27) (S 1195,27,28) (S 1196,28,29) (S 1197,29,33) (S 1198,33,139) (S 1199,34,139) (S 1200,34,45) (S 1201,44,45) (S 1202,43,44) (S 1203,42,43) (S 1204,42,43) (S 1205,43,46) (S 1206,46,77) (S 1207,77,78) (S 1208,78,79) (S 1209,79,80) (S 1210,80,82) (S 1211,82,84) (S 1212,84,85) (S 1213,85,86) (S 1214,86,87) (S 1215,87,122) (S 1216,121,122) (S 1217,120,121) (S 1218,119,120) (S 1219,117,119) (S 1220,116,117) (S 1221,1,116) (D 0,1,1)
0 1 37 901 982 52 (D 0,1,1) (S 1222,1,116) (S 1223,116,117) (S 1224,117,119) (S 1225,119,120) (S 1226,120,121) (S 1227,121,122) (S 1228,87,122) (S 1229,86,87) (S 1230,85,86) (S 1231,84,85) (S 1232,82,84) (S 1233,80,82) (S 1234,79,80) (S 1235,78,79) (S 1236,77,78) (S 1237,46,77) (S 1238,43,46) (S 1239,43,44) (S 1240,44,45) (S 1241,34,45) (S 1242,34,139) (S 1243,33,139) (S 1244,11,33) (S 1245,8,9) (S 1246,6,8) (S 1247,5,6) (S 1248,5,6) (S 1249,6,8) (S 1250,8,11) (S 1251,11,33) (S 1252,33,139) (S 1253,34,139) (S 1254,34,45) (S 1255,44,45) (S 1256,43,44) (S 1257,43,46) (S 1258,46,77) (S 1259,77,78) (S 1260,78,79) (S 1261,79,80) (S 1262,80,82) (S 1263,82,84) (S 1264,84,85) (S 1265,85,86) (S 1266,86,87) (S 1267,87,122) (S 1268,121,122) (S 1269,120,121) (S 1270,119,120) (S 1271,117,119) (S 1272,116,117) (S 1273,1,116) (D 0,1,1)
0 1 38 462 462 18 (D 0,1,1) (S 1274,1,116) (S 1275,116,117) (S 1276,117,118) (S 1277,91,118) (S 1278,90,91) (S 1279,68,90) (S 1280,68,90) (S 1281,88,90) (S 1282,88,89) (S 1283,89,92) (S 1284,89,92) (S 1285,88,89) (S 1286,88,90) (S 1287,90,91) (S 1288,91,118) (S 1289,117,118) (S 1290,116,117) (S 1291,1,116) (D 0,1,1)
0 1 39 454 454 12 (D 0,1,1) (S 1292,1,116) (S 1293,116,117) (S 1294,117,118) (S 1295,91,118) (S 1296,66,91) (S 1297,62,66) (S 1298,62,66) (S 1299,66,91) (S 1300,91,118) (S 1301,117,118) (S 1302,116,117) (S 1303,1,116) (D 0,1,1)
0 1 40 981 981 57 (D 0,1,1) (S 1304,1,116) (S 1305,116,117) (S 1306,117,119) (S 1307,119,120) (S 1308,120,121) (S 1309,121,122) (S 1310,87,122) (S 1311,86,87) (S 1312,85,86) (S 1313,84,85) (S 1314,82,84) (S 1315,80,82) (S 1316,79,80) (S 1317,78,79) (S 1318,77,78) (S 1319,46,77) (S 1320,43,46) (S 1321,43,44) (S 1322,44,45) (S 1323,34,45) (S 1324,34,139) (S 1325,33,139) (S 1326,29,33) (S 1327,28,29) (S 1328,28,30) (S 1329,28,30) (S 1330,27,28) (S 1331,11,27) (S 1332,11,12) (S 1333,12,20) (S 1334,20,22) (S 1335,20,22) (S 1336,12,20) (S 1337,11,12) (S 1338,11,33) (S 1339,33,139) (S 1340,34,139) (S 1341,34,45) (S 1342,44,45) (S 1343,43,44) (S 1344,43,46) (S 1345,46,77) (S 1346,77,78) (S 1347,78,79) (S 1348,79,80) (S 1349,80,82) (S 1350,82,84) (S 1351,84,85) (S 1352,85,86) (S 1353,86,87) (S 1354,87,122) (S 1355,121,122) (S 1356,120,121) (S 1357,119,120) (S 1358,117,119) (S 1359,116,117) (S 1360,1,116) (D 0,1,1)
0 1 41 556 556 40 (D 0,1,1) (S 1361,1,116) (S 1362,116,117) (S 1363,117,119) (S 1364,119,120) (S 1365,120,121) (S 1366,121,122) (S 1367,87,122) (S 1368,86,87) (S 1369,85,86) (S 1370,84,85) (S 1371,82,84) (S 1372,80,82) (S 1373,79,80) (S 1374,78,79) (S 1375,77,78) (S 1376,46,77) (S 1377,43,46) (S 1378,42,43) (S 1379,37,42) (S 1380,35,37) (S 1381,35,36) (S 1382,36,37) (S 1383,37,43) (S 1384,43,46) (S 1385,46,77) (S 1386,77,78) (S 1387,78,79) (S 1388,79,81) (S 1389,81,83) (S 1390,83,84) (S 1391,84,85) (S 1392,85,86) (S 1393,86,87) (S 1394,87,122) (S 1395,121,122) (S 1396,120,121) (S 1397,119,120) (S 1398,117,119) (S 1399,116,117) (S 1400,1,116) (D 0,1,1)
0 1 42 801 801 41 (D 0,1,1) (S 1401,1,116) (S 1402,116,117) (S 1403,117,118) (S 1404,91,118) (S 1405,90,91) (S 1406,68,90) (S 1407,67,68) (S 1408,67,69) (S 1409,69,70) (S 1410,58,70) (S 1411,58,59) (S 1412,59,60) (S 1413,60,61) (S 1414,49,61) (S 1415,48,49) (S 1416,48,139) (S 1417,33,139) (S 1418,11,33) (S 1419,11,33) (S 1420,33,139) (S 1421,34,139) (S 1422,34,45) (S 1423,44,45) (S 1424,43,44) (S 1425,43,46) (S 1426,46,77) (S 1427,77,78) (S 1428,78,79) (S 1429,79,80) (S 1430,80,82) (S 1431,82,84) (S 1432,84,85) (S 1433,85,86) (S 1434,86,87) (S 1435,87,122) (S 1436,121,122) (S 1437,120,121) (S 1438,119,120) (S 1439,117,119) (S 1440,116,117) (S 1441,1,116) (D 0,1,1)
0 1 43 406 406 14 (D 0,1,1) (S 1442,1,116) (S 1443,116,117) (S 1444,117,119) (S 1445,119,120) (S 1446,120,123) (S 1447,123,124) (S 1448,4,124) (S 1449,4,124) (S 1450,123,124) (S 1451,120,123) (S 1452,119,120) (S 1453,117,119) (S 1454,116,117) (S 1455,1,116) (D 0,1,1)
0 1 44 162 208 5 (D 0,1,1) (S 1456,1,116) (S 1457,116,117) (S 1458,117,118) (S 1459,114,118) (S 1460,1,116) (D 0,1,1)
0 1 45 74 74 4 (D 0,1,1) (S 1461,1,116) (S 1462,116,117) (S 1463,116,117) (S 1464,1,116) (D 0,1,1)
0 1 46 442 442 16 (D 0,1,1) (S 1465,1,116) (S 1466,115,116) (S 1467,114,115) (S 1468,113,114) (S 1469,112,113) (S 1470,107,112) (S 1471,107,108) (S 1472,108,109) (S 1473,108,109) (S 1474,107,108) (S 1475,107,112) (S 1476,112,113) (S 1477,113,114) (S 1478,114,115) (S 1479,115,116) (S 1480,1,116) (D 0,1,1)
