27560
20
343423045500
343423045500
0 1 1 1509 985 8 (D 0,1,1) (S 1,70,83) (S 2,59,72) (S 3,60,61) (S 4,61,62) (S 5,63,50) (S 6,77,76) (S 7,100,89) (S 8,99,98) (D 0,1,1)
0 1 2 1904 1183 9 (D 0,1,1) (S 9,61,62) (S 10,65,52) (S 11,52,51) (S 12,50,51) (S 13,15,14) (S 14,3,4) (S 15,69,56) (S 16,125,124) (S 17,99,98) (D 0,1,1)
0 1 3 1561 455 7 (D 0,1,1) (S 18,131,132) (S 19,145,144) (S 20,144,134) (S 21,136,137) (S 22,126,137) (S 23,125,124) (S 24,99,98) (D 0,1,1)
0 1 4 1853 652 7 (D 0,1,1) (S 25,38,37) (S 26,27,28) (S 27,20,11) (S 28,12,21) (S 29,42,41) (S 30,77,76) (S 31,75,74) (D 0,1,1)
0 1 5 3090 1435 14 (D 0,1,1) (S 32,100,89) (S 33,100,101) (S 34,127,128) (S 35,138,128) (S 36,117,106) (S 37,116,129) (S 38,129,128) (S 39,138,128) (S 40,117,106) (S 41,117,106) (S 42,93,82) (S 43,81,80) (S 44,125,124) (S 45,99,98) (D 0,1,1)
0 1 6 2734 1149 12 (D 0,1,1) (S 46,38,37) (S 47,27,28) (S 48,27,28) (S 49,15,14) (S 50,4,5) (S 51,19,18) (S 52,12,21) (S 53,19,18) (S 54,12,21) (S 55,19,18) (S 56,77,76) (S 57,75,74) (D 0,1,1)
0 1 7 2261 508 9 (D 0,1,1) (S 58,131,132) (S 59,133,143) (S 60,142,132) (S 61,133,143) (S 62,142,132) (S 63,133,143) (S 64,142,141) (S 65,141,131) (S 66,131,132) (D 0,1,1)
0 1 8 2409 596 11 (D 0,1,1) (S 67,100,89) (S 68,100,101) (S 69,90,78) (S 70,77,76) (S 71,63,50) (S 72,50,51) (S 73,50,51) (S 74,63,50) (S 75,64,77) (S 76,77,76) (S 77,75,74) (D 0,1,1)
0 1 9 3945 1370 21 (D 0,1,1) (S 78,140,118) (S 79,140,141) (S 80,141,131) (S 81,131,132) (S 82,131,132) (S 83,136,137) (S 84,147,146) (S 85,145,144) (S 86,144,134) (S 87,136,137) (S 88,126,137) (S 89,114,113) (S 90,125,124) (S 91,100,101) (S 92,125,124) (S 93,123,111) (S 94,100,101) (S 95,91,79) (S 96,77,76) (S 97,75,74) (S 98,99,98) (D 0,1,1)
0 1 10 1738 503 7 (D 0,1,1) (S 99,95,84) (S 100,100,89) (S 101,100,101) (S 102,90,78) (S 103,77,76) (S 104,75,74) (S 105,70,83) (D 0,1,1)
0 1 11 1511 987 7 (D 0,1,1) (S 106,136,137) (S 107,127,128) (S 108,117,106) (S 109,117,106) (S 110,93,106) (S 111,125,124) (S 112,99,98) (D 0,1,1)
0 1 12 2623 718 11 (D 0,1,1) (S 113,53,52) (S 114,52,51) (S 115,65,52) (S 116,52,51) (S 117,50,51) (S 118,38,37) (S 119,27,28) (S 120,52,51) (S 121,65,78) (S 122,77,76) (S 123,75,74) (D 0,1,1)
0 1 13 3051 907 12 (D 0,1,1) (S 124,95,84) (S 125,84,96) (S 126,108,109) (S 127,131,132) (S 128,133,143) (S 129,142,132) (S 130,108,109) (S 131,108,109) (S 132,108,109) (S 133,140,118) (S 134,140,118) (S 135,108,109) (D 0,1,1)
0 1 14 1729 602 7 (D 0,1,1) (S 136,100,89) (S 137,100,101) (S 138,81,80) (S 139,93,82) (S 140,82,69) (S 141,77,76) (S 142,75,74) (D 0,1,1)
0 1 15 1407 575 7 (D 0,1,1) (S 143,99,98) (S 144,99,98) (S 145,125,124) (S 146,100,101) (S 147,91,79) (S 148,77,76) (S 149,75,74) (D 0,1,1)
0 1 16 803 391 4 (D 0,1,1) (S 150,75,74) (S 151,75,74) (S 152,60,61) (S 153,59,72) (D 0,1,1)
0 1 17 692 339 3 (D 0,1,1) (S 154,84,96) (S 155,84,70) (S 156,59,72) (D 0,1,1)
0 1 18 2175 805 9 (D 0,1,1) (S 157,38,37) (S 158,15,14) (S 159,3,4) (S 160,4,5) (S 161,27,28) (S 162,52,51) (S 163,64,77) (S 164,77,76) (S 165,75,74) (D 0,1,1)
0 1 19 2666 834 11 (D 0,1,1) (S 166,38,37) (S 167,27,28) (S 168,17,8) (S 169,12,21) (S 170,53,52) (S 171,52,51) (S 172,50,51) (S 173,52,51) (S 174,64,77) (S 175,77,76) (S 176,99,98) (D 0,1,1)
0 1 20 0 218 0 (D 0,1,1) (D 0,1,1)
