994
12
8267100
1748278482
0 1 1 16 91 5 (D 1,1,1) (S 10,12,11) (S 16,21,24) (S 31,24,24) (D 1,1,1)
0 1 2 31 111 6 (D 1,1,1) (S 6,12,13) (S 18,12,6) (S 37,14,14) (S 38,11,11) (D 1,1,1)
0 1 3 25 113 6 (D 1,1,1) (S 2,6,7) (S 23,7,8) (S 40,8,8) (S 43,20,20) (D 1,1,1)
0 1 4 38 86 7 (D 1,1,1) (S 0,19,22) (S 12,22,23) (S 13,20,23) (S 21,23,22) (S 28,19,20) (D 1,1,1)
0 1 5 40 82 7 (D 1,1,1) (S 4,9,10) (S 11,23,24) (S 14,24,23) (S 36,23,23) (S 44,10,10) (D 1,1,1)
0 1 6 15 42 4 (D 1,1,1) (S 25,19,9) (S 33,9,9) (D 1,1,1)
0 1 7 19 60 6 (D 1,1,1) (S 3,11,15) (S 15,15,21) (S 29,21,15) (S 41,4,4) (D 1,1,1)
0 1 8 22 98 6 (D 1,1,1) (S 1,8,14) (S 30,18,14) (S 39,13,13) (S 42,3,3) (D 1,1,1)
0 1 9 28 81 6 (D 1,1,1) (S 19,20,10) (S 24,10,11) (S 26,16,12) (S 34,2,2) (D 1,1,1)
0 1 10 28 84 5 (D 1,1,1) (S 5,3,4) (S 8,16,17) (S 32,17,17) (D 1,1,1)
0 1 11 15 69 5 (D 1,1,1) (S 7,2,4) (S 17,16,15) (S 27,15,16) (D 1,1,1)
0 1 12 33 77 6 (D 1,1,1) (S 9,3,1) (S 20,9,3) (S 22,11,5) (S 35,5,5) (D 1,1,1)
