274572
151
31535845500
1748278014
0 1 1 125 2349 4 (D 350,1,1) (S 23,41,136) (S 715,136,136) (D 350,1,1)
0 1 2 122 2412 7 (D 350,1,1) (S 13,417,443) (S 399,417,418) (S 490,79,79) (S 610,77,77) (S 723,78,78) (D 350,1,1)
0 1 3 87 2283 5 (D 350,1,1) (S 192,160,267) (S 489,193,193) (S 770,194,194) (D 350,1,1)
0 1 4 200 2531 8 (D 350,1,1) (S 51,524,667) (S 281,416,667) (S 353,524,666) (S 450,411,731) (S 566,162,162) (S 768,160,160) (D 350,1,1)
0 1 5 224 2768 9 (D 350,1,1) (S 77,443,444) (S 237,128,594) (S 433,46,446) (S 523,128,128) (S 596,46,46) (S 659,191,191) (S 746,59,59) (D 350,1,1)
0 1 6 340 3157 9 (D 350,1,1) (S 58,79,474) (S 59,418,419) (S 106,44,421) (S 300,421,446) (S 467,445,446) (S 579,237,237) (S 819,238,238) (D 350,1,1)
0 1 7 71 2159 4 (D 350,1,1) (S 275,790,791) (S 608,195,195) (D 350,1,1)
0 1 8 42 2002 4 (D 350,1,1) (S 56,775,776) (S 814,220,220) (D 350,1,1)
0 1 9 235 2620 8 (D 350,1,1) (S 113,129,740) (S 164,585,586) (S 185,526,527) (S 268,796,797) (S 493,236,236) (S 785,239,239) (D 350,1,1)
0 1 10 92 2018 6 (D 350,1,1) (S 94,748,749) (S 524,259,259) (S 697,85,85) (S 798,84,84) (D 350,1,1)
0 1 11 189 2547 7 (D 350,1,1) (S 82,64,65) (S 363,481,489) (S 570,123,123) (S 601,28,28) (S 816,27,27) (D 350,1,1)
0 1 12 115 2026 6 (D 350,1,1) (S 43,479,480) (S 418,90,799) (S 527,90,90) (S 741,2,2) (D 350,1,1)
0 1 13 364 3074 7 (D 350,1,1) (S 114,609,610) (S 142,46,421) (S 535,268,268) (S 664,44,44) (S 803,45,45) (D 350,1,1)
0 1 14 494 3104 10 (D 350,1,1) (S 65,760,761) (S 335,261,763) (S 469,762,763) (S 552,261,261) (S 553,267,267) (S 571,192,192) (S 641,330,330) (S 717,101,101) (D 350,1,1)
0 1 15 73 2565 8 (D 350,1,1) (S 6,452,729) (S 108,611,612) (S 539,245,245) (S 604,244,244) (S 700,209,209) (S 745,207,207) (D 350,1,1)
0 1 16 277 2442 6 (D 350,1,1) (S 72,454,455) (S 382,455,798) (S 410,755,756) (S 483,220,774) (D 350,1,1)
0 1 17 182 2006 6 (D 350,1,1) (S 67,249,742) (S 573,249,249) (S 699,250,250) (S 702,331,331) (D 350,1,1)
0 1 18 165 1995 8 (D 350,1,1) (S 22,66,458) (S 210,458,459) (S 245,321,460) (S 309,67,68) (S 503,67,67) (S 759,225,225) (D 350,1,1)
0 1 19 218 2138 11 (D 350,1,1) (S 12,277,785) (S 53,726,727) (S 417,496,497) (S 508,68,68) (S 545,321,321) (S 572,66,66) (S 657,198,198) (S 773,339,339) (S 794,277,277) (D 350,1,1)
0 1 20 272 2067 5 (D 350,1,1) (S 224,786,787) (S 297,72,473) (S 591,71,71) (D 350,1,1)
0 1 21 618 3101 7 (D 350,1,1) (S 163,455,456) (S 311,751,752) (S 442,752,753) (S 445,749,750) (S 482,757,758) (D 350,1,1)
0 1 22 158 2652 9 (D 350,1,1) (S 16,253,745) (S 37,784,785) (S 63,668,669) (S 218,266,793) (S 222,411,412) (S 735,40,40) (S 808,161,161) (D 350,1,1)
0 1 23 123 1605 6 (D 350,1,1) (S 259,187,823) (S 486,273,273) (S 492,232,232) (S 744,218,218) (D 350,1,1)
0 1 24 82 1604 6 (D 350,1,1) (S 52,625,626) (S 126,641,642) (S 419,81,475) (S 764,81,81) (D 350,1,1)
0 1 25 189 1395 6 (D 350,1,1) (S 30,55,436) (S 182,56,437) (S 674,56,56) (S 732,55,55) (D 350,1,1)
0 1 26 175 1643 6 (D 350,1,1) (S 247,769,770) (S 317,716,717) (S 376,716,718) (S 765,335,335) (D 350,1,1)
0 1 27 242 3008 9 (D 350,1,1) (S 135,770,822) (S 179,102,825) (S 398,736,737) (S 721,203,203) (S 751,177,177) (S 760,176,176) (S 832,202,202) (D 350,1,1)
0 1 28 97 1339 5 (D 350,1,1) (S 261,778,779) (S 507,115,115) (S 716,230,230) (D 350,1,1)
0 1 29 190 1472 8 (D 350,1,1) (S 125,254,703) (S 219,255,704) (S 273,506,507) (S 595,70,70) (S 649,254,254) (S 811,314,314) (D 350,1,1)
0 1 30 151 1354 7 (D 350,1,1) (S 55,255,317) (S 515,317,317) (S 662,255,255) (S 682,93,93) (S 684,231,231) (D 350,1,1)
0 1 31 53 1047 5 (D 350,1,1) (S 1,294,439) (S 548,58,58) (S 831,57,57) (D 350,1,1)
0 1 32 461 2119 7 (D 350,1,1) (S 31,37,409) (S 42,89,409) (S 262,297,488) (S 724,89,89) (S 791,297,297) (D 350,1,1)
0 1 33 98 1475 7 (D 350,1,1) (S 143,81,476) (S 322,147,573) (S 628,147,147) (S 740,96,96) (S 805,132,132) (D 350,1,1)
0 1 34 419 2489 9 (D 350,1,1) (S 3,141,618) (S 36,803,804) (S 174,853,854) (S 214,286,855) (S 547,286,286) (S 788,285,285) (S 807,329,329) (D 350,1,1)
0 1 35 431 2317 6 (D 350,1,1) (S 80,500,764) (S 329,766,767) (S 397,500,501) (S 533,327,327) (D 350,1,1)
0 1 36 153 1178 8 (D 350,1,1) (S 141,57,296) (S 201,43,543) (S 771,43,43) (S 783,296,296) (S 790,347,347) (S 828,346,346) (D 350,1,1)
0 1 37 179 2533 7 (D 350,1,1) (S 252,143,622) (S 390,102,824) (S 494,212,212) (S 703,211,211) (S 802,210,210) (D 350,1,1)
0 1 38 680 3315 13 (D 350,1,1) (S 5,147,634) (S 40,732,733) (S 215,77,639) (S 331,59,639) (S 407,79,613) (S 496,295,295) (S 518,304,304) (S 557,63,63) (S 671,65,65) (S 701,224,224) (S 801,64,64) (D 350,1,1)
0 1 39 201 2177 9 (D 350,1,1) (S 92,117,566) (S 109,452,453) (S 495,223,223) (S 556,62,62) (S 665,102,102) (S 812,219,219) (S 821,316,316) (D 350,1,1)
0 1 40 289 2481 5 (D 350,1,1) (S 226,425,503) (S 232,26,27) (S 477,123,489) (D 350,1,1)
0 1 41 450 2248 8 (D 350,1,1) (S 217,51,437) (S 248,698,699) (S 277,349,490) (S 414,312,447) (S 658,180,180) (S 830,312,312) (D 350,1,1)
0 1 42 293 1456 6 (D 350,1,1) (S 64,542,593) (S 110,57,484) (S 168,484,652) (S 588,293,293) (D 350,1,1)
0 1 43 175 1626 8 (D 350,1,1) (S 35,805,806) (S 41,49,511) (S 346,511,512) (S 563,233,233) (S 634,99,99) (S 711,49,49) (D 350,1,1)
0 1 44 218 2218 10 (D 350,1,1) (S 93,165,786) (S 98,788,789) (S 531,196,196) (S 623,197,197) (S 625,253,253) (S 676,226,226) (S 683,97,97) (S 685,336,336) (D 350,1,1)
0 1 45 489 2162 7 (D 350,1,1) (S 118,308,535) (S 129,664,665) (S 577,269,269) (S 677,159,159) (S 754,309,309) (D 350,1,1)
0 1 46 134 1068 8 (D 350,1,1) (S 50,340,469) (S 156,469,470) (S 213,522,660) (S 690,299,299) (S 726,119,119) (S 762,340,340) (D 350,1,1)
0 1 47 77 883 5 (D 350,1,1) (S 144,170,677) (S 675,170,170) (S 780,182,182) (D 350,1,1)
0 1 48 563 2400 8 (D 350,1,1) (S 44,510,511) (S 170,553,554) (S 320,643,644) (S 361,508,509) (S 455,307,564) (S 485,498,499) (D 350,1,1)
0 1 49 295 1254 8 (D 350,1,1) (S 103,376,377) (S 193,379,580) (S 257,580,582) (S 431,377,378) (S 517,222,222) (S 643,153,153) (D 350,1,1)
0 1 50 110 864 8 (D 350,1,1) (S 39,372,600) (S 83,600,707) (S 434,107,600) (S 617,107,107) (S 656,315,315) (S 736,33,33) (D 350,1,1)
0 1 51 172 1374 7 (D 350,1,1) (S 251,135,605) (S 316,252,744) (S 611,251,251) (S 618,252,252) (S 823,144,144) (D 350,1,1)
0 1 52 284 1455 8 (D 350,1,1) (S 11,357,358) (S 54,1,348) (S 344,348,349) (S 587,1,1) (S 622,141,141) (S 706,42,42) (D 350,1,1)
0 1 53 208 1182 6 (D 350,1,1) (S 107,153,651) (S 138,121,581) (S 614,121,121) (S 743,120,120) (D 350,1,1)
0 1 54 533 2005 8 (D 350,1,1) (S 24,24,505) (S 27,710,711) (S 149,724,725) (S 626,246,246) (S 809,247,247) (S 815,114,114) (D 350,1,1)
0 1 55 160 1655 9 (D 350,1,1) (S 86,690,817) (S 131,260,719) (S 187,717,719) (S 289,719,754) (S 555,260,260) (S 560,188,188) (S 761,187,187) (D 350,1,1)
0 1 56 316 2368 10 (D 350,1,1) (S 132,501,502) (S 266,722,723) (S 308,364,722) (S 522,326,326) (S 589,37,37) (S 710,36,36) (S 777,111,111) (S 784,73,73) (D 350,1,1)
0 1 57 153 1124 5 (D 350,1,1) (S 88,477,478) (S 459,172,808) (S 480,200,661) (D 350,1,1)
0 1 58 202 1177 7 (D 350,1,1) (S 104,53,434) (S 121,434,470) (S 540,5,5) (S 561,199,199) (S 692,83,83) (D 350,1,1)
0 1 59 374 1986 13 (D 350,1,1) (S 75,76,413) (S 139,76,83) (S 178,661,801) (S 284,201,645) (S 299,22,388) (S 526,22,22) (S 584,103,103) (S 653,308,308) (S 655,300,300) (S 679,201,201) (S 758,200,200) (D 350,1,1)
0 1 60 258 1651 9 (D 350,1,1) (S 57,5,356) (S 69,349,663) (S 130,431,437) (S 377,50,431) (S 644,50,50) (S 796,91,91) (S 829,106,106) (D 350,1,1)
0 1 61 175 2283 9 (D 350,1,1) (S 46,577,578) (S 81,11,471) (S 100,781,782) (S 233,425,426) (S 358,26,123) (S 678,26,26) (S 722,165,165) (D 350,1,1)
0 1 62 380 1937 6 (D 350,1,1) (S 137,471,549) (S 205,485,781) (S 421,485,486) (S 425,366,367) (D 350,1,1)
0 1 63 830 2638 7 (D 350,1,1) (S 206,174,410) (S 267,122,830) (S 393,132,596) (S 400,659,832) (S 453,598,599) (D 350,1,1)
0 1 64 664 3071 9 (D 350,1,1) (S 175,504,703) (S 301,24,504) (S 383,389,390) (S 420,757,759) (S 447,574,794) (S 449,574,795) (S 534,337,337) (D 350,1,1)
0 1 65 371 2787 10 (D 350,1,1) (S 71,771,772) (S 115,22,645) (S 150,118,567) (S 350,568,570) (S 429,568,569) (S 602,270,270) (S 616,118,118) (S 708,303,303) (D 350,1,1)
0 1 66 728 2205 9 (D 350,1,1) (S 180,376,623) (S 256,43,593) (S 325,438,623) (S 327,438,439) (S 343,57,440) (S 380,484,623) (S 460,720,721) (D 350,1,1)
0 1 67 475 1779 9 (D 350,1,1) (S 78,376,651) (S 186,380,381) (S 280,378,379) (S 286,167,670) (S 293,167,671) (S 582,167,167) (S 590,287,287) (D 350,1,1)
0 1 68 304 1381 6 (D 350,1,1) (S 112,354,355) (S 220,441,442) (S 406,491,492) (S 441,435,470) (D 350,1,1)
0 1 69 46 534 4 (D 350,1,1) (S 198,169,483) (S 630,169,169) (D 350,1,1)
0 1 70 160 934 6 (D 350,1,1) (S 196,648,653) (S 221,151,648) (S 228,151,649) (S 516,152,152) (D 350,1,1)
0 1 71 175 817 7 (D 350,1,1) (S 17,16,387) (S 203,69,462) (S 550,69,69) (S 713,105,105) (S 750,301,301) (D 350,1,1)
0 1 72 146 880 9 (D 350,1,1) (S 0,575,576) (S 145,10,713) (S 499,10,10) (S 612,11,11) (S 620,185,185) (S 739,31,31) (S 826,86,86) (D 350,1,1)
0 1 73 79 715 8 (D 350,1,1) (S 9,483,676) (S 97,448,449) (S 349,449,521) (S 405,60,451) (S 748,61,61) (S 757,264,264) (D 350,1,1)
0 1 74 95 706 6 (D 350,1,1) (S 89,74,809) (S 183,73,400) (S 727,127,127) (S 813,126,126) (D 350,1,1)
0 1 75 100 1132 8 (D 350,1,1) (S 26,623,624) (S 172,542,543) (S 437,346,347) (S 606,135,135) (S 654,148,148) (S 822,133,133) (D 350,1,1)
0 1 76 408 2589 10 (D 350,1,1) (S 250,697,842) (S 255,11,472) (S 264,132,780) (S 333,481,482) (S 502,320,320) (S 660,189,189) (S 787,129,129) (S 824,95,95) (D 350,1,1)
0 1 77 299 1137 10 (D 350,1,1) (S 199,124,589) (S 242,199,800) (S 310,111,800) (S 509,110,110) (S 537,109,109) (S 637,76,76) (S 646,7,7) (S 672,34,34) (D 350,1,1)
0 1 78 280 1065 6 (D 350,1,1) (S 260,575,833) (S 340,397,714) (S 440,25,391) (S 466,391,579) (D 350,1,1)
0 1 79 268 2241 9 (D 350,1,1) (S 8,400,401) (S 146,400,689) (S 208,73,590) (S 212,365,765) (S 491,221,221) (S 734,39,39) (S 769,38,38) (D 350,1,1)
0 1 80 50 578 8 (D 350,1,1) (S 120,514,559) (S 227,558,559) (S 305,631,632) (S 356,229,632) (S 693,229,229) (S 800,228,228) (D 350,1,1)
0 1 81 929 2939 6 (D 350,1,1) (S 123,536,537) (S 336,661,662) (S 435,322,802) (S 446,180,698) (D 350,1,1)
0 1 82 242 1006 8 (D 350,1,1) (S 177,556,557) (S 202,76,557) (S 318,124,557) (S 519,75,75) (S 635,124,124) (S 668,171,171) (D 350,1,1)
0 1 83 81 516 5 (D 350,1,1) (S 15,34,654) (S 85,373,374) (S 792,13,13) (D 350,1,1)
0 1 84 117 759 6 (D 350,1,1) (S 14,18,386) (S 33,60,450) (S 487,263,263) (S 691,60,60) (D 350,1,1)
0 1 85 213 1232 7 (D 350,1,1) (S 4,190,463) (S 367,463,464) (S 532,158,158) (S 538,310,310) (S 627,328,328) (D 350,1,1)
0 1 86 322 2327 10 (D 350,1,1) (S 282,313,653) (S 307,152,650) (S 462,8,604) (S 521,248,248) (S 536,257,257) (S 567,334,334) (S 575,258,258) (S 756,256,256) (D 350,1,1)
0 1 87 159 1164 10 (D 350,1,1) (S 47,515,516) (S 66,190,234) (S 165,690,691) (S 338,571,572) (S 432,216,571) (S 520,234,234) (S 639,235,235) (S 778,284,284) (D 350,1,1)
0 1 88 262 1252 9 (D 350,1,1) (S 194,8,134) (S 479,362,363) (S 488,8,8) (S 565,134,134) (S 568,150,150) (S 594,149,149) (S 666,332,332) (D 350,1,1)
0 1 89 192 838 8 (D 350,1,1) (S 167,15,768) (S 253,17,461) (S 448,69,461) (S 564,17,17) (S 687,16,16) (S 795,15,15) (D 350,1,1)
0 1 90 528 1955 6 (D 350,1,1) (S 204,683,715) (S 357,588,589) (S 369,409,735) (S 428,37,487) (D 350,1,1)
0 1 91 304 908 7 (D 350,1,1) (S 269,672,673) (S 288,673,697) (S 501,108,108) (S 704,142,142) (S 755,138,138) (D 350,1,1)
0 1 92 127 834 6 (D 350,1,1) (S 87,18,382) (S 160,214,728) (S 506,214,214) (S 737,213,213) (D 350,1,1)
0 1 93 379 1189 6 (D 350,1,1) (S 231,413,414) (S 372,414,415) (S 424,105,545) (S 512,319,319) (D 350,1,1)
0 1 94 185 1149 7 (D 350,1,1) (S 342,134,603) (S 374,602,603) (S 375,603,647) (S 395,152,649) (S 504,151,151) (D 350,1,1)
0 1 95 268 1117 9 (D 350,1,1) (S 272,104,169) (S 426,88,483) (S 438,676,693) (S 578,18,18) (S 609,80,80) (S 652,14,14) (S 772,298,298) (D 350,1,1)
0 1 96 121 774 8 (D 350,1,1) (S 48,138,694) (S 166,343,842) (S 389,108,168) (S 530,168,168) (S 558,343,343) (S 600,282,282) (D 350,1,1)
0 1 97 887 2761 8 (D 350,1,1) (S 84,598,741) (S 140,367,368) (S 402,19,367) (S 738,20,20) (S 806,19,19) (S 818,276,276) (D 350,1,1)
0 1 98 324 1107 7 (D 350,1,1) (S 235,80,544) (S 355,14,386) (S 386,385,675) (S 443,298,519) (S 451,449,520) (D 350,1,1)
0 1 99 215 763 6 (D 350,1,1) (S 216,513,514) (S 339,142,619) (S 500,280,280) (S 554,344,344) (D 350,1,1)
0 1 100 67 793 5 (D 350,1,1) (S 68,562,826) (S 116,183,708) (S 629,183,183) (D 350,1,1)
0 1 101 188 867 8 (D 350,1,1) (S 238,382,383) (S 326,676,692) (S 391,382,828) (S 412,705,706) (S 613,87,87) (S 642,313,313) (D 350,1,1)
0 1 102 284 1374 10 (D 350,1,1) (S 191,375,812) (S 236,656,827) (S 263,531,532) (S 265,104,677) (S 348,182,700) (S 472,182,747) (S 592,104,104) (S 730,215,215) (D 350,1,1)
0 1 103 219 887 6 (D 350,1,1) (S 18,685,814) (S 152,385,386) (S 283,448,521) (S 471,541,829) (D 350,1,1)
0 1 104 371 1328 10 (D 350,1,1) (S 153,74,478) (S 295,498,563) (S 473,563,807) (S 475,53,435) (S 529,53,53) (S 543,4,4) (S 767,172,172) (S 782,145,145) (D 350,1,1)
0 1 105 376 1078 7 (D 350,1,1) (S 225,290,773) (S 404,369,370) (S 542,325,325) (S 615,290,290) (S 633,291,291) (D 350,1,1)
0 1 106 177 609 9 (D 350,1,1) (S 29,116,131) (S 38,130,627) (S 61,145,628) (S 296,125,126) (S 359,126,681) (S 694,125,125) (S 789,130,130) (D 350,1,1)
0 1 107 31 431 5 (D 350,1,1) (S 60,635,636) (S 158,383,384) (S 725,333,333) (D 350,1,1)
0 1 108 297 1257 6 (D 350,1,1) (S 211,374,375) (S 276,678,679) (S 388,157,657) (S 463,603,648) (D 350,1,1)
0 1 109 953 3640 5 (D 350,1,1) (S 241,597,658) (S 270,524,525) (S 464,41,608) (D 350,1,1)
0 1 110 285 852 7 (D 350,1,1) (S 189,683,811) (S 244,423,811) (S 246,423,810) (S 415,423,424) (S 476,812,813) (D 350,1,1)
0 1 111 468 1659 9 (D 350,1,1) (S 133,815,816) (S 304,683,684) (S 323,522,523) (S 403,563,564) (S 409,7,34) (S 465,34,402) (S 470,674,675) (D 350,1,1)
0 1 112 179 567 8 (D 350,1,1) (S 197,184,529) (S 258,146,184) (S 510,146,146) (S 638,21,21) (S 707,47,47) (S 793,35,35) (D 350,1,1)
0 1 113 219 1403 7 (D 350,1,1) (S 70,116,561) (S 96,616,617) (S 101,54,490) (S 645,54,54) (S 728,82,82) (D 350,1,1)
0 1 114 262 946 8 (D 350,1,1) (S 32,279,833) (S 90,278,843) (S 583,278,278) (S 673,25,25) (S 718,281,281) (S 799,112,112) (D 350,1,1)
0 1 115 125 251 6 (D 350,1,1) (S 95,3,361) (S 370,361,560) (S 585,306,306) (S 586,3,3) (D 350,1,1)
0 1 116 253 955 10 (D 350,1,1) (S 287,87,656) (S 290,149,150) (S 321,601,646) (S 408,133,602) (S 458,133,601) (S 528,157,157) (S 733,156,156) (S 752,274,274) (D 350,1,1)
0 1 117 1002 3400 11 (D 350,1,1) (S 200,591,592) (S 249,687,688) (S 254,223,824) (S 559,208,208) (S 607,243,243) (S 624,242,242) (S 749,206,206) (S 774,217,217) (S 775,324,324) (D 350,1,1)
0 1 118 462 1076 8 (D 350,1,1) (S 157,424,682) (S 188,7,655) (S 452,655,684) (S 598,271,271) (S 680,6,6) (S 731,341,341) (D 350,1,1)
0 1 119 134 490 6 (D 350,1,1) (S 10,620,850) (S 124,173,558) (S 647,139,139) (S 825,173,173) (D 350,1,1)
0 1 120 74 776 6 (D 350,1,1) (S 2,369,734) (S 384,33,398) (S 648,12,12) (S 669,288,288) (D 350,1,1)
0 1 121 160 405 6 (D 350,1,1) (S 154,614,615) (S 161,394,636) (S 411,6,360) (S 468,352,633) (D 350,1,1)
0 1 122 123 913 8 (D 350,1,1) (S 151,112,404) (S 207,712,713) (S 298,289,550) (S 312,289,549) (S 640,289,289) (S 681,318,318) (D 350,1,1)
0 1 123 458 1486 7 (D 350,1,1) (S 20,94,493) (S 330,494,495) (S 688,122,122) (S 712,279,279) (S 817,184,184) (D 350,1,1)
0 1 124 119 1201 9 (D 350,1,1) (S 91,351,638) (S 99,86,841) (S 102,517,518) (S 239,174,831) (S 497,174,174) (S 810,94,94) (S 820,342,342) (D 350,1,1)
0 1 125 1246 2925 6 (D 350,1,1) (S 79,851,852) (S 385,159,309) (S 478,180,746) (S 551,322,322) (D 350,1,1)
0 1 126 99 1164 5 (D 350,1,1) (S 105,352,353) (S 148,439,543) (S 698,294,294) (D 350,1,1)
0 1 127 724 1352 8 (D 350,1,1) (S 240,835,836) (S 274,184,709) (S 328,529,530) (S 387,695,696) (S 392,173,840) (S 394,837,838) (D 350,1,1)
0 1 128 390 1284 8 (D 350,1,1) (S 62,340,468) (S 279,4,469) (S 345,468,469) (S 423,4,5) (S 427,172,686) (S 444,560,562) (D 350,1,1)
0 1 129 368 1698 12 (D 350,1,1) (S 169,131,595) (S 234,818,819) (S 457,820,821) (S 525,117,117) (S 569,143,143) (S 599,262,262) (S 636,272,272) (S 689,9,9) (S 742,175,175) (S 804,190,190) (D 350,1,1)
0 1 130 566 2457 8 (D 350,1,1) (S 19,836,837) (S 45,456,457) (S 49,606,607) (S 122,72,454) (S 621,72,72) (S 797,311,311) (D 350,1,1)
0 1 131 587 2872 10 (D 350,1,1) (S 230,407,408) (S 243,145,408) (S 315,29,392) (S 352,393,394) (S 354,729,730) (S 661,323,323) (S 695,181,181) (S 747,204,204) (D 350,1,1)
0 1 132 510 1708 8 (D 350,1,1) (S 306,142,834) (S 366,344,467) (S 396,9,216) (S 541,216,216) (S 544,283,283) (S 705,345,345) (D 350,1,1)
0 1 133 1446 3383 9 (D 350,1,1) (S 74,564,565) (S 292,307,430) (S 294,48,427) (S 314,428,429) (S 360,247,777) (S 422,114,122) (S 439,738,739) (D 350,1,1)
0 1 134 464 1576 9 (D 350,1,1) (S 7,404,405) (S 28,551,552) (S 147,166,551) (S 162,23,390) (S 381,390,504) (S 549,24,24) (S 753,23,23) (D 350,1,1)
0 1 135 751 3276 11 (D 350,1,1) (S 155,403,404) (S 173,577,697) (S 347,31,397) (S 364,640,641) (S 373,489,587) (S 401,792,793) (S 663,266,266) (S 667,275,275) (S 766,265,265) (D 350,1,1)
0 1 136 770 1920 6 (D 350,1,1) (S 324,47,422) (S 362,701,702) (S 371,578,673) (S 430,108,555) (D 350,1,1)
0 1 137 479 2903 8 (D 350,1,1) (S 291,675,685) (S 302,583,584) (S 546,178,178) (S 632,205,205) (S 714,241,241) (S 781,179,179) (D 350,1,1)
0 1 138 1634 4405 10 (D 350,1,1) (S 111,597,659) (S 134,416,417) (S 159,419,420) (S 190,609,743) (S 597,137,137) (S 719,41,41) (S 720,164,164) (S 827,163,163) (D 350,1,1)
0 1 139 604 1042 5 (D 350,1,1) (S 332,138,139) (S 334,350,351) (S 454,112,350) (D 350,1,1)
0 1 140 797 1262 9 (D 350,1,1) (S 25,616,627) (S 229,627,628) (S 498,116,116) (S 562,131,131) (S 574,305,305) (S 709,29,29) (S 729,302,302) (D 350,1,1)
0 1 141 1628 2906 9 (D 350,1,1) (S 303,848,849) (S 313,529,839) (S 319,528,529) (S 341,629,630) (S 456,33,315) (S 474,290,632) (S 593,292,292) (D 350,1,1)
0 1 142 1371 3270 10 (D 350,1,1) (S 128,620,621) (S 184,626,783) (S 368,573,574) (S 511,338,338) (S 513,155,155) (S 576,154,154) (S 581,186,186) (S 619,240,240) (D 350,1,1)
0 1 143 1370 3545 4 (D 350,1,1) (S 365,533,534) (S 378,364,365) (D 350,1,1)
0 1 144 829 1117 5 (D 350,1,1) (S 278,405,406) (S 285,636,637) (S 436,465,466) (D 350,1,1)
0 1 145 1934 3732 6 (D 350,1,1) (S 21,538,539) (S 34,432,433) (S 580,52,52) (S 786,51,51) (D 350,1,1)
0 1 146 1172 2352 7 (D 350,1,1) (S 117,844,845) (S 127,398,399) (S 223,395,396) (S 603,30,30) (S 763,32,32) (D 350,1,1)
0 1 147 1760 3766 8 (D 350,1,1) (S 209,539,540) (S 271,429,725) (S 413,710,724) (S 631,98,98) (S 650,48,48) (S 670,307,307) (D 350,1,1)
0 1 148 1246 3312 9 (D 350,1,1) (S 337,597,598) (S 351,561,595) (S 379,561,562) (S 416,104,541) (S 505,227,227) (S 605,88,88) (S 696,113,113) (D 350,1,1)
0 1 149 1766 3393 6 (D 350,1,1) (S 171,535,537) (S 195,314,551) (S 514,166,166) (S 651,92,92) (D 350,1,1)
0 1 150 1784 3173 9 (D 350,1,1) (S 73,371,372) (S 136,200,357) (S 181,358,359) (S 461,359,618) (S 686,140,140) (S 776,100,100) (S 779,74,74) (D 350,1,1)
0 1 151 1928 3413 7 (D 350,1,1) (S 76,679,680) (S 119,105,546) (S 176,546,547) (S 481,547,548) (S 484,846,847) (D 350,1,1)
