1369
18
41166900
1748278480
0 1 1 15 68 5 (D 1,1,1) (S 34,29,30) (S 52,30,25) (S 58,30,29) (D 1,1,1)
0 1 2 37 96 7 (D 1,1,1) (S 0,21,28) (S 5,24,27) (S 8,27,28) (S 53,20,21) (S 75,21,21) (D 1,1,1)
0 1 3 10 52 4 (D 1,1,1) (S 35,16,13) (S 44,13,16) (D 1,1,1)
0 1 4 29 78 6 (D 1,1,1) (S 2,11,20) (S 11,20,24) (S 17,24,28) (S 76,28,28) (D 1,1,1)
0 1 5 25 76 7 (D 1,1,1) (S 7,18,19) (S 10,17,22) (S 25,22,29) (S 57,29,22) (S 71,22,22) (D 1,1,1)
0 1 6 25 88 6 (D 1,1,1) (S 13,16,17) (S 22,29,28) (S 36,21,22) (S 55,22,21) (D 1,1,1)
0 1 7 41 95 7 (D 1,1,1) (S 3,4,6) (S 19,16,21) (S 49,21,24) (S 66,20,20) (S 69,16,16) (D 1,1,1)
0 1 8 43 94 7 (D 1,1,1) (S 41,26,23) (S 46,23,22) (S 59,23,18) (S 60,18,15) (S 74,10,10) (D 1,1,1)
0 1 9 40 99 8 (D 1,1,1) (S 23,14,8) (S 26,8,14) (S 37,25,30) (S 38,25,29) (S 62,30,30) (S 67,26,26) (D 1,1,1)
0 1 10 37 103 6 (D 1,1,1) (S 28,20,16) (S 39,21,29) (S 54,29,21) (S 64,17,17) (D 1,1,1)
0 1 11 16 52 6 (D 1,1,1) (S 18,7,8) (S 61,7,6) (S 73,4,4) (S 77,7,7) (D 1,1,1)
0 1 12 29 68 6 (D 1,1,1) (S 12,14,15) (S 15,15,19) (S 33,17,14) (S 50,14,17) (D 1,1,1)
0 1 13 58 79 8 (D 1,1,1) (S 9,3,10) (S 16,10,19) (S 21,15,9) (S 48,9,10) (S 51,10,9) (S 65,9,9) (D 1,1,1)
0 1 14 23 32 7 (D 1,1,1) (S 4,1,2) (S 24,2,3) (S 27,3,2) (S 32,9,2) (S 68,2,2) (D 1,1,1)
0 1 15 45 81 7 (D 1,1,1) (S 1,5,8) (S 6,12,13) (S 40,12,11) (S 63,11,11) (S 72,8,8) (D 1,1,1)
0 1 16 35 72 7 (D 1,1,1) (S 14,1,5) (S 20,1,8) (S 30,7,12) (S 42,11,12) (S 56,12,16) (D 1,1,1)
0 1 17 37 84 5 (D 1,1,1) (S 31,15,8) (S 43,14,13) (S 70,6,6) (D 1,1,1)
0 1 18 21 52 5 (D 1,1,1) (S 29,13,8) (S 45,8,13) (S 47,4,5) (D 1,1,1)
