Custo total da solução: 9716
Total de rotas: 20
⏱️ Tempo total: 1900523000 ns
clocks totais do algoritimo referência: 5701569000 clocks
Route 1: 1 2 11 12 19 28 39 49 54 64 65 66 56 57 58 68 67 57 52 53 52 51 50 55 50 49 39 28 19 12 11 2 1
Route 2: 1 2 3 4 5 14 13 14 15 16 7 6 5 4 3 2 1
Route 3: 1 10 26 35 36 27 11 2 1
Route 4: 1 2 11 12 19 28 29 20 29 30 31 22 21 14 5 4 3 2 1
Route 5: 1 2 11 12 19 28 38 39 49 54 55 56 51 50 49 40 30 29 20 19 12 11 2 1
Route 6: 1 2 3 4 5 14 15 16 17 24 33 24 23 22 31 30 21 14 5 4 3 2 1
Route 7: 1 10 26 35 36 37 27 28 19 12 11 2 1
Route 8: 1 10 26 35 36 44 45 60 59 44 35 26 10 1
Route 9: 1 2 3 4 5 6 7 8 9 18 17 16 15 14 5 4 3 2 1
Route 10: 1 2 11 12 19 28 39 49 54 55 65 64 63 62 47 48 39 28 19 12 11 2 1
Route 11: 1 2 11 27 36 37 46 47 62 61 60 45 46 37 27 11 2 1
Route 12: 1 2 11 12 19 20 29 39 40 39 28 19 12 11 2 1
Route 13: 1 2 11 12 19 28 38 47 48 49 39 28 19 12 11 2 1
Route 14: 1 2 3 4 5 14 15 16 24 25 18 17 16 15 14 5 4 3 2 1
Route 15: 1 2 3 4 5 14 21 30 31 32 33 34 25 24 16 15 14 5 4 3 2 1
Route 16: 1 2 3 4 5 14 21 30 31 32 41 42 41 51 56 57 52 51 41 32 33 24 16 15 14 5 4 3 2 1
Route 17: 1 2 3 4 5 14 15 16 23 32 33 42 52 53 43 34 24 17 16 15 14 5 4 3 2 1
Route 18: 1 2 11 12 19 28 39 48 47 62 63 64 54 55 50 49 40 39 28 19 12 11 2 1
Route 19: 1 2 3 12 11 10 11 2 1
Route 20: 1 2 11 10 11 12 13 14 5 4 3 4 5 6 5 14 13 12 11 2 1
