8476
11
1172797800
1172797800
0 1 1 2289 457 6 (D 0,1,1) (S 1,22,16) (S 2,10,16) (S 3,10,11) (S 4,11,5) (S 5,3,4) (S 6,3,9) (D 0,1,1)
0 1 2 2173 448 6 (D 0,1,1) (S 7,10,16) (S 8,4,10) (S 9,3,4) (S 10,1,2) (S 11,1,7) (S 12,14,13) (D 0,1,1)
0 1 3 2057 446 8 (D 0,1,1) (S 13,16,17) (S 14,17,18) (S 15,12,18) (S 16,12,18) (S 17,18,24) (S 18,24,30) (S 19,24,30) (S 20,23,22) (D 0,1,1)
0 1 4 1324 375 4 (D 0,1,1) (S 21,14,13) (S 22,14,13) (S 23,19,20) (S 24,19,25) (D 0,1,1)
0 1 5 2306 962 13 (D 0,1,1) (S 25,28,34) (S 26,35,41) (S 27,40,41) (S 28,39,40) (S 29,39,33) (S 30,27,26) (S 31,31,25) (S 32,31,32) (S 33,39,38) (S 34,39,40) (S 35,40,41) (S 36,23,29) (S 37,23,22) (D 0,1,1)
0 1 6 2257 527 9 (D 0,1,1) (S 38,10,16) (S 39,10,9) (S 40,10,9) (S 41,4,10) (S 42,5,6) (S 43,11,12) (S 44,17,18) (S 45,17,18) (S 46,16,17) (D 0,1,1)
0 1 7 1238 357 7 (D 0,1,1) (S 47,21,27) (S 48,27,26) (S 49,31,25) (S 50,31,32) (S 51,32,26) (S 52,27,26) (S 53,21,27) (D 0,1,1)
0 1 8 1205 435 7 (D 0,1,1) (S 54,21,27) (S 55,34,33) (S 56,39,33) (S 57,39,38) (S 58,32,26) (S 59,27,26) (S 60,21,27) (D 0,1,1)
0 1 9 1697 528 7 (D 0,1,1) (S 61,22,28) (S 62,36,30) (S 63,35,36) (S 64,35,41) (S 65,40,41) (S 66,28,34) (S 67,22,28) (D 0,1,1)
0 1 10 1678 671 7 (D 0,1,1) (S 68,21,20) (S 69,19,20) (S 70,19,20) (S 71,1,7) (S 72,1,7) (S 73,23,22) (S 74,23,22) (D 0,1,1)
0 1 11 2522 374 6 (D 0,1,1) (S 75,10,16) (S 76,4,10) (S 77,3,4) (S 78,3,4) (S 79,4,10) (S 80,10,16) (D 0,1,1)
