211
10
3737100
1748278479
0 1 1 20 24 3 (D 1,1,1) (S 22,4,4) (D 1,1,1)
0 1 2 21 25 3 (D 1,1,1) (S 25,2,2) (D 1,1,1)
0 1 3 22 23 6 (D 1,1,1) (S 5,2,4) (S 8,4,9) (S 18,4,10) (S 28,10,10) (D 1,1,1)
0 1 4 18 14 7 (D 1,1,1) (S 0,4,8) (S 3,2,11) (S 19,3,4) (S 20,2,3) (S 30,11,11) (D 1,1,1)
0 1 5 19 19 6 (D 1,1,1) (S 2,4,5) (S 12,1,11) (S 14,6,7) (S 17,1,3) (D 1,1,1)
0 1 6 19 32 8 (D 1,1,1) (S 1,7,10) (S 6,5,8) (S 11,6,10) (S 21,6,6) (S 23,9,9) (S 26,8,8) (D 1,1,1)
0 1 7 16 11 4 (D 1,1,1) (S 9,5,10) (S 13,3,11) (D 1,1,1)
0 1 8 24 15 5 (D 1,1,1) (S 4,5,11) (S 7,3,9) (S 10,9,10) (D 1,1,1)
0 1 9 21 20 5 (D 1,1,1) (S 15,6,8) (S 16,1,6) (S 29,5,5) (D 1,1,1)
0 1 10 25 28 4 (D 1,1,1) (S 24,3,3) (S 27,7,7) (D 1,1,1)
