614
12
8776500
1748278478
0 1 1 11 54 5 (D 1,1,1) (S 5,20,21) (S 42,21,21) (S 44,16,16) (D 1,1,1)
0 1 2 22 66 8 (D 1,1,1) (S 2,6,7) (S 7,10,11) (S 11,5,9) (S 16,4,10) (S 20,6,8) (S 31,8,8) (D 1,1,1)
0 1 3 21 54 6 (D 1,1,1) (S 1,18,25) (S 13,21,25) (S 36,25,25) (S 38,18,18) (D 1,1,1)
0 1 4 22 56 5 (D 1,1,1) (S 21,4,5) (S 25,3,4) (S 37,4,4) (D 1,1,1)
0 1 5 24 49 5 (D 1,1,1) (S 6,14,18) (S 18,21,23) (S 40,23,23) (D 1,1,1)
0 1 6 27 65 6 (D 1,1,1) (S 17,6,10) (S 29,3,6) (S 34,7,7) (S 45,5,5) (D 1,1,1)
0 1 7 18 43 5 (D 1,1,1) (S 8,22,23) (S 33,26,26) (S 43,27,27) (D 1,1,1)
0 1 8 10 18 4 (D 1,1,1) (S 26,2,1) (S 28,1,17) (D 1,1,1)
0 1 9 23 74 8 (D 1,1,1) (S 0,24,27) (S 4,23,26) (S 12,22,25) (S 14,14,20) (S 19,15,20) (S 24,1,24) (D 1,1,1)
0 1 10 25 57 5 (D 1,1,1) (S 3,6,9) (S 9,3,8) (S 32,3,3) (D 1,1,1)
0 1 11 19 31 5 (D 1,1,1) (S 15,1,15) (S 30,13,15) (S 41,15,15) (D 1,1,1)
0 1 12 27 47 8 (D 1,1,1) (S 10,2,12) (S 22,12,13) (S 23,13,14) (S 27,14,21) (S 35,14,14) (S 39,19,19) (D 1,1,1)
