845
14
16494300
1748278487
0 1 1 19 29 3 (D 1,1,1) (S 33,29,29) (D 1,1,1)
0 1 2 27 66 6 (D 1,1,1) (S 2,19,21) (S 14,21,18) (S 35,18,18) (S 43,19,19) (D 1,1,1)
0 1 3 38 94 6 (D 1,1,1) (S 3,20,22) (S 5,21,22) (S 12,18,19) (S 28,19,22) (D 1,1,1)
0 1 4 20 47 5 (D 1,1,1) (S 1,23,25) (S 34,24,24) (S 37,27,27) (D 1,1,1)
0 1 5 25 43 6 (D 1,1,1) (S 17,10,5) (S 23,5,10) (S 46,14,14) (S 48,10,10) (D 1,1,1)
0 1 6 20 31 5 (D 1,1,1) (S 10,1,31) (S 24,28,26) (S 42,26,26) (D 1,1,1)
0 1 7 25 40 5 (D 1,1,1) (S 4,3,9) (S 22,9,4) (S 41,13,13) (D 1,1,1)
0 1 8 29 59 7 (D 1,1,1) (S 0,4,13) (S 16,19,18) (S 20,12,13) (S 49,4,4) (S 50,3,3) (D 1,1,1)
0 1 9 48 69 8 (D 1,1,1) (S 7,8,12) (S 15,12,11) (S 27,11,12) (S 30,11,6) (S 32,6,11) (S 53,6,6) (D 1,1,1)
0 1 10 43 87 8 (D 1,1,1) (S 19,3,2) (S 25,30,29) (S 26,15,14) (S 51,16,16) (S 52,15,15) (S 54,17,17) (D 1,1,1)
0 1 11 42 60 8 (D 1,1,1) (S 8,1,7) (S 11,7,6) (S 18,5,31) (S 21,5,6) (S 38,31,31) (S 44,30,30) (D 1,1,1)
0 1 12 30 70 5 (D 1,1,1) (S 31,25,28) (S 39,28,28) (S 47,7,7) (D 1,1,1)
0 1 13 38 90 6 (D 1,1,1) (S 9,10,11) (S 13,18,12) (S 29,12,18) (S 36,23,23) (D 1,1,1)
0 1 14 47 60 5 (D 1,1,1) (S 6,8,9) (S 40,9,9) (S 45,2,2) (D 1,1,1)
