1266
19
76185600
1748278487
0 1 1 25 63 6 (D 1,1,1) (S 7,25,33) (S 42,33,41) (S 67,41,41) (S 84,43,43) (D 1,1,1)
0 1 2 20 45 5 (D 1,1,1) (S 0,26,27) (S 46,27,28) (S 65,28,28) (D 1,1,1)
0 1 3 39 83 5 (D 1,1,1) (S 4,48,49) (S 79,49,49) (S 82,45,45) (D 1,1,1)
0 1 4 22 58 6 (D 1,1,1) (S 2,39,47) (S 25,40,39) (S 50,38,36) (S 95,36,36) (D 1,1,1)
0 1 5 34 67 7 (D 1,1,1) (S 11,3,6) (S 15,3,4) (S 35,4,7) (S 47,18,19) (S 60,19,19) (D 1,1,1)
0 1 6 19 53 6 (D 1,1,1) (S 1,14,22) (S 3,41,42) (S 93,42,42) (S 94,21,21) (D 1,1,1)
0 1 7 35 68 10 (D 1,1,1) (S 29,22,23) (S 30,23,28) (S 31,20,21) (S 48,21,26) (S 49,26,25) (S 62,25,25) (S 78,33,33) (S 87,34,34) (D 1,1,1)
0 1 8 37 68 10 (D 1,1,1) (S 5,17,24) (S 23,24,30) (S 24,24,23) (S 36,23,22) (S 39,21,22) (S 44,21,20) (S 72,20,20) (S 90,26,26) (D 1,1,1)
0 1 9 27 58 6 (D 1,1,1) (S 12,38,39) (S 58,39,40) (S 77,32,32) (S 86,30,30) (D 1,1,1)
0 1 10 14 32 5 (D 1,1,1) (S 38,5,6) (S 43,18,11) (S 96,11,11) (D 1,1,1)
0 1 11 20 42 6 (D 1,1,1) (S 33,8,9) (S 55,23,24) (S 88,23,23) (S 89,14,14) (D 1,1,1)
0 1 12 32 60 5 (D 1,1,1) (S 45,31,17) (S 52,17,30) (S 63,38,38) (D 1,1,1)
0 1 13 35 67 7 (D 1,1,1) (S 26,13,9) (S 34,1,15) (S 40,22,13) (S 83,22,22) (S 85,9,9) (D 1,1,1)
0 1 14 39 66 9 (D 1,1,1) (S 18,6,11) (S 37,11,18) (S 54,18,17) (S 56,17,18) (S 68,17,17) (S 69,7,7) (S 71,12,12) (D 1,1,1)
0 1 15 52 70 8 (D 1,1,1) (S 16,1,10) (S 19,10,17) (S 21,31,39) (S 28,30,29) (S 75,24,24) (S 92,29,29) (D 1,1,1)
0 1 16 70 119 8 (D 1,1,1) (S 8,31,32) (S 9,37,44) (S 20,43,48) (S 32,43,35) (S 70,35,35) (S 73,13,13) (D 1,1,1)
0 1 17 62 107 12 (D 1,1,1) (S 10,1,9) (S 14,15,24) (S 17,46,50) (S 22,50,49) (S 27,45,49) (S 41,50,45) (S 59,45,50) (S 64,39,39) (S 66,40,40) (S 74,15,15) (D 1,1,1)
0 1 18 39 64 8 (D 1,1,1) (S 13,2,5) (S 53,2,3) (S 61,3,3) (S 76,10,10) (S 80,6,6) (S 91,5,5) (D 1,1,1)
0 1 19 33 76 6 (D 1,1,1) (S 6,35,36) (S 51,36,44) (S 57,1,16) (S 81,16,16) (D 1,1,1)
