199
11
6568500
1748278477
0 1 1 16 20 3 (D 1,1,1) (S 32,2,2) (D 1,1,1)
0 1 2 15 17 3 (D 1,1,1) (S 33,3,3) (D 1,1,1)
0 1 3 15 19 3 (D 1,1,1) (S 34,4,4) (D 1,1,1)
0 1 4 13 14 7 (D 1,1,1) (S 0,4,8) (S 3,2,7) (S 16,2,11) (S 20,1,9) (S 21,1,11) (D 1,1,1)
0 1 5 17 21 6 (D 1,1,1) (S 1,9,10) (S 5,1,4) (S 9,9,11) (S 37,7,7) (D 1,1,1)
0 1 6 19 20 5 (D 1,1,1) (S 12,5,11) (S 14,7,11) (S 22,3,10) (D 1,1,1)
0 1 7 25 20 7 (D 1,1,1) (S 2,5,7) (S 6,2,3) (S 23,3,4) (S 25,4,9) (S 30,1,10) (D 1,1,1)
0 1 8 24 11 8 (D 1,1,1) (S 7,1,2) (S 10,2,9) (S 13,4,10) (S 18,6,9) (S 27,1,7) (S 28,3,11) (D 1,1,1)
0 1 9 21 16 8 (D 1,1,1) (S 4,6,8) (S 8,1,5) (S 17,5,8) (S 29,2,8) (S 31,8,9) (S 36,5,5) (D 1,1,1)
0 1 10 18 20 5 (D 1,1,1) (S 11,1,3) (S 26,7,9) (S 35,6,6) (D 1,1,1)
0 1 11 22 21 5 (D 1,1,1) (S 15,4,6) (S 19,4,7) (S 24,1,8) (D 1,1,1)
