214
10
4116600
1748278478
0 1 1 20 24 3 (D 1,1,1) (S 26,4,4) (D 1,1,1)
0 1 2 20 22 3 (D 1,1,1) (S 30,3,3) (D 1,1,1)
0 1 3 15 19 3 (D 1,1,1) (S 31,2,2) (D 1,1,1)
0 1 4 25 20 9 (D 1,1,1) (S 1,5,7) (S 2,7,9) (S 9,2,9) (S 16,2,3) (S 22,7,10) (S 29,8,8) (S 32,5,5) (D 1,1,1)
0 1 5 22 20 7 (D 1,1,1) (S 3,6,8) (S 10,1,3) (S 13,3,7) (S 21,1,7) (S 25,7,7) (D 1,1,1)
0 1 6 17 24 8 (D 1,1,1) (S 0,4,9) (S 4,5,8) (S 15,2,11) (S 19,3,4) (S 27,9,9) (S 28,6,6) (D 1,1,1)
0 1 7 18 18 5 (D 1,1,1) (S 5,4,7) (S 17,1,11) (S 23,1,6) (D 1,1,1)
0 1 8 22 24 5 (D 1,1,1) (S 6,5,10) (S 18,3,10) (S 24,1,10) (D 1,1,1)
0 1 9 21 24 5 (D 1,1,1) (S 8,4,11) (S 14,4,5) (S 20,1,8) (D 1,1,1)
0 1 10 25 19 5 (D 1,1,1) (S 7,9,10) (S 11,5,11) (S 12,2,5) (D 1,1,1)
