206
10
6504900
1748278478
0 1 1 14 18 3 (D 1,1,1) (S 31,4,4) (D 1,1,1)
0 1 2 20 25 8 (D 1,1,1) (S 2,7,11) (S 3,1,7) (S 4,7,10) (S 21,3,5) (S 22,2,3) (S 25,1,4) (D 1,1,1)
0 1 3 18 20 7 (D 1,1,1) (S 0,9,10) (S 1,7,9) (S 11,9,11) (S 29,2,8) (S 36,5,5) (D 1,1,1)
0 1 4 26 31 8 (D 1,1,1) (S 16,4,5) (S 19,5,8) (S 20,6,9) (S 27,4,9) (S 30,2,2) (S 35,6,6) (D 1,1,1)
0 1 5 22 13 5 (D 1,1,1) (S 10,5,7) (S 13,6,8) (S 14,5,11) (D 1,1,1)
0 1 6 19 16 7 (D 1,1,1) (S 5,6,7) (S 18,2,11) (S 23,1,9) (S 24,1,11) (S 28,3,11) (D 1,1,1)
0 1 7 18 17 5 (D 1,1,1) (S 6,1,3) (S 26,1,2) (S 32,8,8) (D 1,1,1)
0 1 8 24 21 5 (D 1,1,1) (S 8,3,9) (S 9,5,10) (S 34,10,10) (D 1,1,1)
0 1 9 24 23 5 (D 1,1,1) (S 7,2,4) (S 12,4,11) (S 15,2,5) (D 1,1,1)
0 1 10 20 22 4 (D 1,1,1) (S 17,4,6) (S 33,3,3) (D 1,1,1)
