1586
19
45092700
1748278487
0 1 1 26 128 6 (D 1,1,1) (S 26,37,33) (S 30,32,36) (S 65,37,37) (S 79,36,36) (D 1,1,1)
0 1 2 29 93 5 (D 1,1,1) (S 12,28,27) (S 50,33,27) (S 72,26,26) (D 1,1,1)
0 1 3 29 77 6 (D 1,1,1) (S 3,21,22) (S 28,22,28) (S 48,28,22) (S 74,20,20) (D 1,1,1)
0 1 4 48 149 9 (D 1,1,1) (S 14,27,26) (S 16,25,26) (S 21,35,36) (S 38,37,36) (S 43,40,41) (S 66,41,41) (S 82,39,39) (D 1,1,1)
0 1 5 41 113 7 (D 1,1,1) (S 20,38,34) (S 39,34,35) (S 44,36,32) (S 60,32,32) (S 80,27,27) (D 1,1,1)
0 1 6 39 103 7 (D 1,1,1) (S 5,14,15) (S 10,35,39) (S 18,39,35) (S 29,35,34) (S 61,34,34) (D 1,1,1)
0 1 7 37 98 6 (D 1,1,1) (S 23,26,19) (S 24,19,26) (S 52,25,25) (S 73,31,31) (D 1,1,1)
0 1 8 47 116 6 (D 1,1,1) (S 15,23,14) (S 42,29,34) (S 53,29,29) (S 64,30,30) (D 1,1,1)
0 1 9 7 24 5 (D 1,1,1) (S 8,8,9) (S 13,3,2) (S 69,2,2) (D 1,1,1)
0 1 10 45 94 7 (D 1,1,1) (S 6,11,16) (S 9,20,21) (S 36,17,20) (S 54,17,17) (S 76,18,18) (D 1,1,1)
0 1 11 16 37 8 (D 1,1,1) (S 4,9,10) (S 11,15,10) (S 17,10,15) (S 31,15,16) (S 34,16,19) (S 77,19,19) (D 1,1,1)
0 1 12 15 34 4 (D 1,1,1) (S 33,4,3) (S 70,3,3) (D 1,1,1)
0 1 13 24 118 8 (D 1,1,1) (S 1,36,40) (S 27,39,40) (S 41,41,40) (S 63,40,40) (S 78,38,38) (S 81,13,13) (D 1,1,1)
0 1 14 23 50 5 (D 1,1,1) (S 2,3,9) (S 37,14,24) (S 62,23,23) (D 1,1,1)
0 1 15 36 63 7 (D 1,1,1) (S 35,14,13) (S 45,13,14) (S 47,16,15) (S 59,10,10) (S 68,9,9) (D 1,1,1)
0 1 16 34 64 6 (D 1,1,1) (S 19,2,8) (S 22,8,7) (S 51,4,4) (S 71,16,16) (D 1,1,1)
0 1 17 33 58 5 (D 1,1,1) (S 46,13,7) (S 56,7,7) (S 75,8,8) (D 1,1,1)
0 1 18 63 101 10 (D 1,1,1) (S 0,4,5) (S 7,5,6) (S 25,12,11) (S 32,11,12) (S 40,12,6) (S 57,6,6) (S 58,11,11) (S 67,15,15) (D 1,1,1)
0 1 19 35 66 4 (D 1,1,1) (S 49,1,7) (S 55,24,24) (D 1,1,1)
