Custo total da solução: 6748
Total de rotas: 10
⏱️ Tempo total: 2334807700 ns
clocks totais do algoritimo referência: 7004423100 clocks
Route 1: 1 2 4 69 58 59 69 4 5 4 2 3 2 1
Route 2: 1 2 4 69 58 59 44 46 47 48 47 49 51 21 22 75 22 21 51 53 52 54 52 50 19 50 49 47 46 44 59 69 4 2 1
Route 3: 1 2 4 69 59 44 43 42 56 55 56 42 41 35 32 31 23 75 22 21 51 53 52 54 52 50 49 47 46 44 59 69 4 2 1
Route 4: 1 2 3 2 4 5 7 8 9 10 11 12 16 13 14 15 17 15 18 19 20 76 12 11 10 9 8 7 5 4 2 1
Route 5: 1 2 4 69 58 60 62 67 56 42 57 58 59 44 59 69 4 2 1
Route 6: 1 2 4 69 59 11 12 76 20 19 20 76 12 16 12 11 10 9 8 7 5 4 2 1
Route 7: 1 2 4 69 58 60 58 59 44 43 44 45 46 47 46 44 59 69 4 2 1
Route 8: 1 2 4 69 58 60 62 63 65 63 62 66 68 66 62 60 61 60 58 69 4 2 1
Route 9: 1 2 4 69 58 57 42 41 35 32 31 32 34 32 33 37 39 40 41 42 56 55 56 67 60 58 69 4 2 1
Route 10: 1 2 4 5 7 8 9 10 11 59 69 4 2 1
