334
9
7010100
1748278485
0 1 1 10 44 5 (D 1,1,1) (S 10,15,11) (S 17,18,17) (S 37,17,17) (D 1,1,1)
0 1 2 6 31 5 (D 1,1,1) (S 1,9,10) (S 8,6,12) (S 36,12,12) (D 1,1,1)
0 1 3 32 63 10 (D 1,1,1) (S 4,10,11) (S 5,12,16) (S 6,16,17) (S 11,14,8) (S 20,14,18) (S 30,18,18) (S 31,8,8) (S 34,7,7) (D 1,1,1)
0 1 4 9 29 5 (D 1,1,1) (S 13,11,15) (S 35,21,21) (S 38,23,23) (D 1,1,1)
0 1 5 20 39 7 (D 1,1,1) (S 0,19,22) (S 14,22,23) (S 25,20,20) (S 26,11,11) (S 33,15,15) (D 1,1,1)
0 1 6 18 48 7 (D 1,1,1) (S 3,20,23) (S 9,15,16) (S 23,13,13) (S 27,6,6) (S 32,10,10) (D 1,1,1)
0 1 7 4 7 4 (D 1,1,1) (S 18,4,3) (S 22,3,1) (D 1,1,1)
0 1 8 17 30 7 (D 1,1,1) (S 2,1,2) (S 15,19,9) (S 19,9,19) (S 21,5,4) (S 29,3,3) (D 1,1,1)
0 1 9 21 43 7 (D 1,1,1) (S 7,2,4) (S 12,21,24) (S 16,24,21) (S 24,19,19) (S 28,5,5) (D 1,1,1)
