1685
22
82889700
1748278479
0 1 1 20 77 6 (D 1,1,1) (S 4,26,27) (S 18,33,37) (S 65,37,33) (S 99,33,33) (D 1,1,1)
0 1 2 31 108 6 (D 1,1,1) (S 2,35,39) (S 6,38,39) (S 16,39,40) (S 95,40,40) (D 1,1,1)
0 1 3 30 120 7 (D 1,1,1) (S 29,38,34) (S 33,35,36) (S 35,36,40) (S 66,36,32) (S 96,31,31) (D 1,1,1)
0 1 4 12 75 5 (D 1,1,1) (S 38,34,35) (S 78,35,35) (S 91,25,25) (D 1,1,1)
0 1 5 19 65 5 (D 1,1,1) (S 25,29,23) (S 40,24,30) (S 77,30,30) (D 1,1,1)
0 1 6 9 51 4 (D 1,1,1) (S 5,17,18) (S 90,17,17) (D 1,1,1)
0 1 7 16 57 7 (D 1,1,1) (S 44,20,17) (S 55,20,21) (S 72,20,19) (S 73,19,16) (S 86,16,16) (D 1,1,1)
0 1 8 21 59 5 (D 1,1,1) (S 24,6,12) (S 63,12,6) (S 97,6,6) (D 1,1,1)
0 1 9 54 138 9 (D 1,1,1) (S 1,22,28) (S 3,21,22) (S 8,27,28) (S 15,21,20) (S 62,27,33) (S 80,27,27) (S 94,21,21) (D 1,1,1)
0 1 10 56 118 7 (D 1,1,1) (S 9,16,17) (S 10,20,27) (S 34,32,26) (S 76,26,26) (S 84,37,37) (D 1,1,1)
0 1 11 13 51 6 (D 1,1,1) (S 22,10,9) (S 23,24,25) (S 69,25,24) (S 75,14,23) (D 1,1,1)
0 1 12 59 141 9 (D 1,1,1) (S 11,30,31) (S 13,25,31) (S 37,31,35) (S 39,32,31) (S 46,32,36) (S 49,39,36) (S 98,36,36) (D 1,1,1)
0 1 13 34 89 9 (D 1,1,1) (S 19,15,10) (S 28,10,11) (S 48,11,12) (S 50,19,26) (S 59,26,32) (S 70,17,11) (S 85,12,12) (D 1,1,1)
0 1 14 13 39 6 (D 1,1,1) (S 0,4,5) (S 7,5,11) (S 51,16,19) (S 93,19,19) (D 1,1,1)
0 1 15 27 80 6 (D 1,1,1) (S 36,24,14) (S 68,23,29) (S 71,34,29) (S 87,23,23) (D 1,1,1)
0 1 16 63 140 9 (D 1,1,1) (S 21,25,15) (S 52,23,14) (S 58,14,24) (S 61,30,29) (S 64,29,34) (S 82,34,34) (S 88,18,18) (D 1,1,1)
0 1 17 3 14 5 (D 1,1,1) (S 43,9,3) (S 45,2,1) (S 53,1,2) (D 1,1,1)
0 1 18 20 47 5 (D 1,1,1) (S 41,16,15) (S 79,15,15) (S 83,9,9) (D 1,1,1)
0 1 19 37 64 8 (D 1,1,1) (S 14,2,3) (S 20,7,13) (S 31,23,13) (S 67,13,23) (S 74,13,7) (S 89,7,7) (D 1,1,1)
0 1 20 27 55 7 (D 1,1,1) (S 30,7,8) (S 32,8,9) (S 42,3,4) (S 60,14,15) (S 81,11,11) (D 1,1,1)
0 1 21 16 32 4 (D 1,1,1) (S 47,4,3) (S 54,7,1) (D 1,1,1)
0 1 22 47 65 9 (D 1,1,1) (S 12,2,8) (S 17,9,10) (S 26,10,15) (S 27,10,4) (S 56,4,10) (S 57,14,13) (S 92,13,13) (D 1,1,1)
