1722
21
78317100
1748278479
0 1 1 17 102 7 (D 1,1,1) (S 5,38,39) (S 39,40,39) (S 44,39,40) (S 66,40,41) (S 89,41,41) (D 1,1,1)
0 1 2 18 84 6 (D 1,1,1) (S 24,39,35) (S 50,35,34) (S 63,34,35) (S 94,35,35) (D 1,1,1)
0 1 3 44 120 7 (D 1,1,1) (S 6,31,32) (S 16,36,39) (S 33,36,40) (S 54,39,36) (S 91,36,36) (D 1,1,1)
0 1 4 39 102 8 (D 1,1,1) (S 13,25,31) (S 34,31,35) (S 47,35,31) (S 64,27,33) (S 73,33,27) (S 82,37,37) (D 1,1,1)
0 1 5 31 74 7 (D 1,1,1) (S 3,24,25) (S 21,25,26) (S 55,26,19) (S 68,18,17) (S 90,11,11) (D 1,1,1)
0 1 6 33 94 6 (D 1,1,1) (S 36,21,20) (S 38,20,27) (S 41,31,30) (S 61,30,31) (D 1,1,1)
0 1 7 27 63 5 (D 1,1,1) (S 26,24,14) (S 30,23,13) (S 67,13,23) (D 1,1,1)
0 1 8 43 117 8 (D 1,1,1) (S 28,25,15) (S 43,16,19) (S 48,22,21) (S 71,21,22) (S 88,22,22) (S 92,26,26) (D 1,1,1)
0 1 9 35 103 8 (D 1,1,1) (S 10,14,15) (S 12,19,20) (S 42,20,17) (S 60,17,20) (S 70,28,22) (S 76,28,28) (D 1,1,1)
0 1 10 15 83 5 (D 1,1,1) (S 0,4,5) (S 9,33,37) (S 40,37,41) (D 1,1,1)
0 1 11 42 90 8 (D 1,1,1) (S 2,27,32) (S 32,32,26) (S 59,26,32) (S 65,27,20) (S 85,17,17) (S 86,18,18) (D 1,1,1)
0 1 12 27 71 6 (D 1,1,1) (S 22,16,11) (S 27,17,11) (S 78,6,6) (S 95,12,12) (D 1,1,1)
0 1 13 20 53 8 (D 1,1,1) (S 17,11,10) (S 52,15,16) (S 69,16,15) (S 75,14,23) (S 84,23,23) (S 87,8,8) (D 1,1,1)
0 1 14 32 98 7 (D 1,1,1) (S 7,16,17) (S 15,11,5) (S 35,5,11) (S 46,21,27) (S 49,32,36) (D 1,1,1)
0 1 15 12 30 6 (D 1,1,1) (S 25,10,4) (S 58,4,10) (S 81,10,10) (S 83,2,2) (D 1,1,1)
0 1 16 43 126 6 (D 1,1,1) (S 18,23,29) (S 29,38,34) (S 51,34,38) (S 93,34,34) (D 1,1,1)
0 1 17 41 91 6 (D 1,1,1) (S 4,13,14) (S 8,29,30) (S 77,30,30) (S 80,5,5) (D 1,1,1)
0 1 18 31 88 7 (D 1,1,1) (S 1,23,24) (S 37,24,30) (S 53,10,9) (S 57,8,9) (S 74,7,13) (D 1,1,1)
0 1 19 28 49 5 (D 1,1,1) (S 23,14,9) (S 62,9,8) (S 79,3,3) (D 1,1,1)
0 1 20 19 50 5 (D 1,1,1) (S 14,15,10) (S 31,15,25) (S 56,7,1) (D 1,1,1)
0 1 21 30 34 7 (D 1,1,1) (S 11,2,8) (S 19,3,2) (S 20,2,3) (S 45,2,1) (S 72,1,7) (D 1,1,1)
