901
11
7089600
1748278486
0 1 1 25 100 5 (D 1,1,1) (S 8,12,11) (S 13,21,24) (S 37,24,24) (D 1,1,1)
0 1 2 28 94 8 (D 1,1,1) (S 1,11,15) (S 14,21,15) (S 16,16,15) (S 21,17,13) (S 22,13,17) (S 26,17,17) (D 1,1,1)
0 1 3 14 55 4 (D 1,1,1) (S 0,19,22) (S 35,22,22) (D 1,1,1)
0 1 4 33 86 6 (D 1,1,1) (S 15,11,5) (S 18,11,10) (S 19,23,20) (S 38,20,20) (D 1,1,1)
0 1 5 36 95 4 (D 1,1,1) (S 27,16,16) (S 31,12,12) (D 1,1,1)
0 1 6 37 95 8 (D 1,1,1) (S 5,3,4) (S 6,4,5) (S 7,5,11) (S 9,23,24) (S 11,20,23) (S 36,23,23) (D 1,1,1)
0 1 7 28 59 4 (D 1,1,1) (S 4,5,10) (S 28,10,10) (D 1,1,1)
0 1 8 35 66 5 (D 1,1,1) (S 12,9,3) (S 17,9,19) (S 25,19,19) (D 1,1,1)
0 1 9 36 124 7 (D 1,1,1) (S 24,6,6) (S 29,8,8) (S 30,14,14) (S 32,15,15) (S 33,2,2) (D 1,1,1)
0 1 10 28 108 7 (D 1,1,1) (S 3,9,10) (S 20,7,8) (S 23,14,18) (S 34,18,18) (S 39,3,3) (D 1,1,1)
0 1 11 10 19 4 (D 1,1,1) (S 2,1,2) (S 10,1,3) (D 1,1,1)
