925
11
8909400
1748278481
0 1 1 15 85 5 (D 1,1,1) (S 7,17,18) (S 15,8,7) (S 44,7,7) (D 1,1,1)
0 1 2 20 74 5 (D 1,1,1) (S 13,24,23) (S 28,23,20) (S 41,20,20) (D 1,1,1)
0 1 3 31 99 9 (D 1,1,1) (S 3,11,15) (S 14,15,21) (S 21,17,13) (S 22,13,17) (S 26,14,13) (S 36,12,12) (S 38,11,11) (D 1,1,1)
0 1 4 24 91 5 (D 1,1,1) (S 9,12,11) (S 29,15,16) (S 33,16,16) (D 1,1,1)
0 1 5 19 102 6 (D 1,1,1) (S 2,8,14) (S 24,14,18) (S 39,18,18) (S 43,10,10) (D 1,1,1)
0 1 6 38 86 7 (D 1,1,1) (S 0,19,22) (S 11,22,23) (S 12,20,23) (S 18,23,22) (S 30,19,20) (D 1,1,1)
0 1 7 40 115 5 (D 1,1,1) (S 17,12,6) (S 34,6,6) (S 37,5,5) (D 1,1,1)
0 1 8 34 84 7 (D 1,1,1) (S 6,3,4) (S 8,4,5) (S 20,11,5) (S 23,10,11) (S 27,16,12) (D 1,1,1)
0 1 9 15 29 4 (D 1,1,1) (S 19,9,3) (S 42,3,3) (D 1,1,1)
0 1 10 37 92 7 (D 1,1,1) (S 1,20,21) (S 10,23,24) (S 32,24,21) (S 35,21,21) (S 40,2,2) (D 1,1,1)
0 1 11 37 68 7 (D 1,1,1) (S 4,1,2) (S 5,9,10) (S 16,9,19) (S 25,19,9) (S 31,1,3) (D 1,1,1)
