939
11
10980300
1748278481
0 1 1 19 73 6 (D 1,1,1) (S 1,13,14) (S 6,14,18) (S 20,18,17) (S 47,17,17) (D 1,1,1)
0 1 2 26 99 8 (D 1,1,1) (S 0,6,7) (S 8,8,14) (S 17,8,7) (S 26,7,8) (S 41,14,14) (S 45,16,16) (D 1,1,1)
0 1 3 25 93 5 (D 1,1,1) (S 28,19,9) (S 35,9,10) (S 44,20,20) (D 1,1,1)
0 1 4 35 83 8 (D 1,1,1) (S 3,11,15) (S 5,15,16) (S 7,16,17) (S 18,13,12) (S 21,12,13) (S 39,13,13) (D 1,1,1)
0 1 5 21 85 5 (D 1,1,1) (S 4,20,23) (S 9,22,23) (S 48,23,23) (D 1,1,1)
0 1 6 24 79 6 (D 1,1,1) (S 2,6,12) (S 19,12,16) (S 25,11,5) (S 42,5,5) (D 1,1,1)
0 1 7 24 69 6 (D 1,1,1) (S 14,10,5) (S 23,5,10) (S 27,10,11) (S 29,11,12) (D 1,1,1)
0 1 8 59 126 8 (D 1,1,1) (S 11,24,23) (S 24,23,22) (S 31,19,20) (S 32,21,15) (S 33,11,10) (S 43,10,10) (D 1,1,1)
0 1 9 34 90 7 (D 1,1,1) (S 10,12,11) (S 12,15,21) (S 37,21,21) (S 40,9,9) (S 46,4,4) (D 1,1,1)
0 1 10 26 115 7 (D 1,1,1) (S 16,9,19) (S 22,22,19) (S 34,19,22) (S 36,24,24) (S 38,2,2) (D 1,1,1)
0 1 11 17 27 5 (D 1,1,1) (S 13,1,2) (S 15,1,3) (S 30,3,4) (D 1,1,1)
