1640
19
56831700
1748278487
0 1 1 10 73 4 (D 1,1,1) (S 27,34,35) (S 76,35,35) (D 1,1,1)
0 1 2 36 107 6 (D 1,1,1) (S 0,35,39) (S 17,36,39) (S 53,39,39) (S 61,36,36) (D 1,1,1)
0 1 3 24 80 6 (D 1,1,1) (S 1,27,32) (S 28,32,31) (S 34,35,31) (S 72,31,31) (D 1,1,1)
0 1 4 18 102 5 (D 1,1,1) (S 31,30,24) (S 36,34,38) (S 69,38,38) (D 1,1,1)
0 1 5 13 50 4 (D 1,1,1) (S 18,6,12) (S 80,12,12) (D 1,1,1)
0 1 6 42 126 6 (D 1,1,1) (S 21,37,36) (S 26,36,40) (S 57,32,32) (S 64,26,26) (D 1,1,1)
0 1 7 36 91 6 (D 1,1,1) (S 10,21,20) (S 38,20,21) (S 52,22,22) (S 70,18,18) (D 1,1,1)
0 1 8 23 101 6 (D 1,1,1) (S 2,38,39) (S 11,39,40) (S 77,40,40) (S 78,15,15) (D 1,1,1)
0 1 9 60 121 9 (D 1,1,1) (S 6,30,31) (S 9,25,31) (S 19,25,26) (S 25,32,26) (S 43,26,25) (S 47,25,24) (S 62,24,24) (D 1,1,1)
0 1 10 37 95 6 (D 1,1,1) (S 30,16,15) (S 45,23,29) (S 46,34,29) (S 67,29,29) (D 1,1,1)
0 1 11 35 75 7 (D 1,1,1) (S 3,5,11) (S 41,11,16) (S 48,17,11) (S 51,11,11) (S 79,6,6) (D 1,1,1)
0 1 12 42 79 5 (D 1,1,1) (S 15,25,15) (S 39,14,13) (S 74,13,13) (D 1,1,1)
0 1 13 37 80 7 (D 1,1,1) (S 16,11,10) (S 29,24,30) (S 54,30,30) (S 59,23,23) (S 60,14,14) (D 1,1,1)
0 1 14 35 109 7 (D 1,1,1) (S 4,37,41) (S 13,33,37) (S 73,37,37) (S 81,21,21) (S 82,4,4) (D 1,1,1)
0 1 15 13 30 4 (D 1,1,1) (S 24,7,8) (S 33,9,14) (D 1,1,1)
0 1 16 58 119 8 (D 1,1,1) (S 5,27,28) (S 8,21,27) (S 42,27,33) (S 66,33,33) (S 71,19,19) (S 75,16,16) (D 1,1,1)
0 1 17 20 35 7 (D 1,1,1) (S 22,8,9) (S 32,9,3) (S 37,1,2) (S 50,1,7) (S 68,7,7) (D 1,1,1)
0 1 18 42 89 8 (D 1,1,1) (S 14,7,13) (S 23,23,13) (S 44,13,23) (S 55,17,17) (S 58,10,10) (S 65,3,3) (D 1,1,1)
0 1 19 46 78 10 (D 1,1,1) (S 7,2,8) (S 12,9,10) (S 20,10,4) (S 35,19,20) (S 40,17,20) (S 49,20,19) (S 56,20,20) (S 63,2,2) (D 1,1,1)
