1653
21
90519000
1748278481
0 1 1 37 107 6 (D 1,1,1) (S 16,28,27) (S 34,31,35) (S 83,35,35) (S 90,34,34) (D 1,1,1)
0 1 2 9 43 4 (D 1,1,1) (S 33,12,11) (S 52,11,12) (D 1,1,1)
0 1 3 31 66 7 (D 1,1,1) (S 3,23,24) (S 4,24,25) (S 19,25,26) (S 62,26,25) (S 74,25,25) (D 1,1,1)
0 1 4 8 39 4 (D 1,1,1) (S 20,6,12) (S 85,12,12) (D 1,1,1)
0 1 5 52 132 10 (D 1,1,1) (S 5,26,27) (S 9,33,37) (S 40,37,41) (S 47,35,31) (S 49,32,36) (S 50,36,35) (S 60,27,20) (S 89,17,17) (D 1,1,1)
0 1 6 27 63 5 (D 1,1,1) (S 29,24,14) (S 30,23,13) (S 63,13,23) (D 1,1,1)
0 1 7 43 109 8 (D 1,1,1) (S 10,14,15) (S 12,19,20) (S 24,37,36) (S 32,36,40) (S 53,39,36) (S 79,36,36) (D 1,1,1)
0 1 8 37 85 9 (D 1,1,1) (S 14,11,10) (S 27,10,11) (S 31,32,26) (S 57,26,32) (S 59,27,33) (S 68,33,27) (S 77,27,27) (D 1,1,1)
0 1 9 36 90 9 (D 1,1,1) (S 22,16,11) (S 26,17,11) (S 35,17,18) (S 48,22,28) (S 73,28,28) (S 92,21,21) (S 96,20,20) (D 1,1,1)
0 1 10 29 118 7 (D 1,1,1) (S 6,38,39) (S 39,40,39) (S 44,39,40) (S 76,40,40) (S 87,18,18) (D 1,1,1)
0 1 11 35 120 8 (D 1,1,1) (S 28,25,15) (S 42,16,19) (S 54,26,19) (S 64,18,17) (S 66,21,22) (S 94,22,22) (D 1,1,1)
0 1 12 27 57 8 (D 1,1,1) (S 23,10,4) (S 56,4,10) (S 65,16,15) (S 70,14,23) (S 86,23,23) (S 95,14,14) (D 1,1,1)
0 1 13 35 126 6 (D 1,1,1) (S 25,39,35) (S 51,34,38) (S 84,38,38) (S 91,13,13) (D 1,1,1)
0 1 14 32 70 6 (D 1,1,1) (S 8,29,30) (S 38,30,24) (S 93,24,24) (S 97,15,15) (D 1,1,1)
0 1 15 18 38 5 (D 1,1,1) (S 2,3,9) (S 21,8,7) (S 69,7,13) (D 1,1,1)
0 1 16 33 87 5 (D 1,1,1) (S 17,23,29) (S 41,31,30) (S 88,30,30) (D 1,1,1)
0 1 17 35 123 7 (D 1,1,1) (S 7,31,32) (S 13,35,39) (S 15,36,39) (S 61,41,40) (S 78,5,5) (D 1,1,1)
0 1 18 8 14 4 (D 1,1,1) (S 45,2,1) (S 67,1,7) (D 1,1,1)
0 1 19 40 92 8 (D 1,1,1) (S 37,21,20) (S 43,20,17) (S 46,11,17) (S 72,11,11) (S 75,10,10) (S 80,16,16) (D 1,1,1)
0 1 20 32 50 8 (D 1,1,1) (S 0,3,4) (S 1,4,5) (S 36,5,11) (S 55,8,9) (S 58,9,8) (S 82,7,7) (D 1,1,1)
0 1 21 23 24 6 (D 1,1,1) (S 11,2,8) (S 18,2,3) (S 71,3,3) (S 81,2,2) (D 1,1,1)
