29502
79
95979228900
95979228900
0 1 1 298 298 12 (D 0,1,1) (S 1,116,1) (S 2,116,115) (S 3,115,114) (S 4,114,113) (S 5,113,103) (S 6,91,103) (S 7,91,103) (S 8,113,103) (S 9,114,113) (S 10,115,114) (S 11,116,115) (S 12,116,1) (D 0,1,1)
0 1 2 865 874 51 (D 0,1,1) (S 13,116,1) (S 14,117,116) (S 15,119,117) (S 16,119,120) (S 17,120,121) (S 18,122,121) (S 19,87,122) (S 20,87,86) (S 21,86,85) (S 22,85,84) (S 23,84,82) (S 24,80,82) (S 25,80,79) (S 26,78,79) (S 27,77,78) (S 28,46,77) (S 29,47,46) (S 30,44,43) (S 31,44,45) (S 32,45,60) (S 33,61,60) (S 34,61,49) (S 35,48,49) (S 36,48,139) (S 37,139,33) (S 38,33,11) (S 39,11,12) (S 40,11,12) (S 41,33,11) (S 42,139,33) (S 43,139,34) (S 44,34,45) (S 45,44,45) (S 46,44,43) (S 47,46,43) (S 48,46,77) (S 49,77,78) (S 50,78,79) (S 51,80,79) (S 52,80,82) (S 53,84,82) (S 54,85,84) (S 55,86,85) (S 56,87,86) (S 57,87,122) (S 58,122,121) (S 59,120,121) (S 60,119,120) (S 61,119,117) (S 62,117,116) (S 63,116,1) (D 0,1,1)
0 1 3 842 842 43 (D 0,1,1) (S 64,116,1) (S 65,117,116) (S 66,118,117) (S 67,118,91) (S 68,91,90) (S 69,90,68) (S 70,68,67) (S 71,67,69) (S 72,69,71) (S 73,72,71) (S 74,72,73) (S 75,44,73) (S 76,44,45) (S 77,34,45) (S 78,139,34) (S 79,139,33) (S 80,33,11) (S 81,11,27) (S 82,28,27) (S 83,28,29) (S 84,29,33) (S 85,139,33) (S 86,139,34) (S 87,34,45) (S 88,44,45) (S 89,44,43) (S 90,46,43) (S 91,46,77) (S 92,77,78) (S 93,78,79) (S 94,80,79) (S 95,80,82) (S 96,84,82) (S 97,85,84) (S 98,86,85) (S 99,87,86) (S 100,87,122) (S 101,122,121) (S 102,120,121) (S 103,119,120) (S 104,119,117) (S 105,117,116) (S 106,116,1) (D 0,1,1)
0 1 4 382 382 25 (D 0,1,1) (S 107,116,1) (S 108,116,115) (S 109,115,114) (S 110,114,113) (S 111,113,112) (S 112,107,112) (S 113,106,107) (S 114,106,105) (S 115,104,105) (S 116,102,104) (S 117,101,102) (S 118,101,102) (S 119,102,104) (S 120,104,105) (S 121,106,105) (S 122,106,107) (S 123,110,107) (S 124,110,111) (S 125,110,111) (S 126,112,110) (S 127,113,112) (S 128,114,113) (S 129,115,114) (S 130,116,115) (S 131,116,1) (D 0,1,1)
0 1 5 707 707 31 (D 0,1,1) (S 132,116,1) (S 133,117,116) (S 134,118,117) (S 135,118,91) (S 136,91,90) (S 137,90,68) (S 138,68,67) (S 139,67,69) (S 140,70,69) (S 141,58,70) (S 142,58,57) (S 143,62,57) (S 144,62,57) (S 145,58,57) (S 146,59,58) (S 147,59,61) (S 148,61,60) (S 149,45,60) (S 150,44,45) (S 151,44,73) (S 152,72,73) (S 153,72,71) (S 154,69,71) (S 155,67,69) (S 156,68,67) (S 157,90,68) (S 158,91,90) (S 159,118,91) (S 160,118,117) (S 161,117,116) (S 162,116,1) (D 0,1,1)
0 1 6 602 602 40 (D 0,1,1) (S 163,116,1) (S 164,117,116) (S 165,119,117) (S 166,119,120) (S 167,120,121) (S 168,122,121) (S 169,87,122) (S 170,87,86) (S 171,86,85) (S 172,85,84) (S 173,84,82) (S 174,80,82) (S 175,80,79) (S 176,78,79) (S 177,77,78) (S 178,46,77) (S 179,46,43) (S 180,43,37) (S 181,37,35) (S 182,37,35) (S 183,43,37) (S 184,44,43) (S 185,44,43) (S 186,46,43) (S 187,46,77) (S 188,77,78) (S 189,78,79) (S 190,80,79) (S 191,80,82) (S 192,84,82) (S 193,85,84) (S 194,86,85) (S 195,87,86) (S 196,87,122) (S 197,122,121) (S 198,120,121) (S 199,119,120) (S 200,119,117) (S 201,117,116) (S 202,116,1) (D 0,1,1)
0 1 7 475 525 31 (D 0,1,1) (S 203,116,1) (S 204,116,115) (S 205,115,114) (S 206,114,113) (S 207,113,112) (S 208,107,112) (S 209,106,107) (S 210,106,105) (S 211,104,105) (S 212,102,104) (S 213,101,102) (S 214,94,101) (S 215,99,96) (S 216,96,97) (S 217,98,97) (S 218,98,97) (S 219,96,97) (S 220,96,95) (S 221,94,95) (S 222,94,101) (S 223,101,102) (S 224,102,104) (S 225,104,105) (S 226,106,105) (S 227,106,107) (S 228,107,112) (S 229,113,112) (S 230,114,113) (S 231,115,114) (S 232,116,115) (S 233,116,1) (D 0,1,1)
0 1 8 502 502 22 (D 0,1,1) (S 234,116,1) (S 235,117,116) (S 236,119,117) (S 237,119,120) (S 238,120,123) (S 239,124,123) (S 240,124,126) (S 241,127,126) (S 242,127,128) (S 243,128,3) (S 244,128,3) (S 245,127,128) (S 246,127,126) (S 247,131,126) (S 248,131,126) (S 249,124,126) (S 250,124,123) (S 251,120,123) (S 252,119,120) (S 253,119,117) (S 254,117,116) (S 255,116,1) (D 0,1,1)
0 1 9 1133 1133 56 (D 0,1,1) (S 256,116,1) (S 257,117,116) (S 258,118,117) (S 259,118,91) (S 260,91,90) (S 261,90,68) (S 262,68,67) (S 263,67,69) (S 264,69,71) (S 265,72,71) (S 266,74,72) (S 267,76,74) (S 268,77,76) (S 269,46,77) (S 270,46,43) (S 271,43,42) (S 272,43,42) (S 273,44,43) (S 274,44,45) (S 275,34,45) (S 276,139,34) (S 277,139,33) (S 278,33,11) (S 279,11,12) (S 280,12,20) (S 281,20,24) (S 282,20,24) (S 283,22,20) (S 284,22,20) (S 285,20,21) (S 286,20,21) (S 287,12,20) (S 288,11,12) (S 289,33,11) (S 290,139,33) (S 291,139,34) (S 292,34,45) (S 293,44,45) (S 294,44,43) (S 295,46,43) (S 296,46,77) (S 297,77,78) (S 298,78,79) (S 299,80,79) (S 300,80,82) (S 301,84,82) (S 302,85,84) (S 303,86,85) (S 304,87,86) (S 305,87,122) (S 306,122,121) (S 307,120,121) (S 308,119,120) (S 309,119,117) (S 310,117,116) (S 311,116,1) (D 0,1,1)
0 1 10 387 387 21 (D 0,1,1) (S 312,116,1) (S 313,117,116) (S 314,119,117) (S 315,119,120) (S 316,120,121) (S 317,122,121) (S 318,122,123) (S 319,124,123) (S 320,124,126) (S 321,127,126) (S 322,127,129) (S 323,129,128) (S 324,127,128) (S 325,127,126) (S 326,124,126) (S 327,124,123) (S 328,120,123) (S 329,119,120) (S 330,119,117) (S 331,117,116) (S 332,116,1) (D 0,1,1)
0 1 11 923 923 60 (D 0,1,1) (S 333,116,1) (S 334,117,116) (S 335,119,117) (S 336,119,120) (S 337,120,121) (S 338,122,121) (S 339,87,122) (S 340,87,86) (S 341,86,85) (S 342,85,84) (S 343,84,82) (S 344,80,82) (S 345,80,79) (S 346,78,79) (S 347,77,78) (S 348,46,77) (S 349,46,43) (S 350,44,43) (S 351,44,45) (S 352,34,45) (S 353,139,34) (S 354,139,33) (S 355,33,11) (S 356,11,12) (S 357,12,13) (S 358,17,13) (S 359,17,18) (S 360,17,18) (S 361,17,15) (S 362,10,15) (S 363,10,9) (S 364,10,9) (S 365,10,15) (S 366,16,15) (S 367,13,16) (S 368,12,13) (S 369,11,12) (S 370,33,11) (S 371,139,33) (S 372,139,34) (S 373,34,45) (S 374,44,45) (S 375,44,43) (S 376,46,43) (S 377,46,77) (S 378,77,78) (S 379,78,79) (S 380,80,79) (S 381,80,82) (S 382,84,82) (S 383,85,84) (S 384,86,85) (S 385,87,86) (S 386,87,122) (S 387,122,121) (S 388,120,121) (S 389,119,120) (S 390,119,117) (S 391,117,116) (S 392,116,1) (D 0,1,1)
0 1 12 379 379 24 (D 0,1,1) (S 393,116,1) (S 394,117,116) (S 395,119,117) (S 396,119,120) (S 397,120,121) (S 398,122,121) (S 399,87,122) (S 400,87,86) (S 401,86,85) (S 402,85,84) (S 403,84,92) (S 404,92,82) (S 405,82,83) (S 406,84,83) (S 407,85,84) (S 408,86,85) (S 409,87,86) (S 410,87,122) (S 411,122,121) (S 412,120,121) (S 413,119,120) (S 414,119,117) (S 415,117,116) (S 416,116,1) (D 0,1,1)
0 1 13 85 85 5 (D 0,1,1) (S 417,116,1) (S 418,116,115) (S 419,115,117) (S 420,117,116) (S 421,116,1) (D 0,1,1)
0 1 14 926 926 56 (D 0,1,1) (S 422,116,1) (S 423,117,116) (S 424,119,117) (S 425,119,120) (S 426,120,121) (S 427,122,121) (S 428,87,122) (S 429,87,86) (S 430,86,85) (S 431,85,84) (S 432,84,82) (S 433,80,82) (S 434,80,79) (S 435,78,79) (S 436,77,78) (S 437,46,77) (S 438,46,43) (S 439,44,43) (S 440,44,45) (S 441,34,45) (S 442,139,34) (S 443,139,33) (S 444,29,33) (S 445,28,29) (S 446,28,30) (S 447,30,32) (S 448,30,32) (S 449,28,30) (S 450,28,27) (S 451,25,27) (S 452,25,27) (S 453,28,27) (S 454,28,29) (S 455,29,33) (S 456,139,33) (S 457,139,34) (S 458,34,45) (S 459,44,45) (S 460,44,43) (S 461,46,43) (S 462,46,77) (S 463,77,78) (S 464,78,79) (S 465,80,79) (S 466,80,82) (S 467,84,82) (S 468,85,84) (S 469,86,85) (S 470,87,86) (S 471,87,122) (S 472,122,121) (S 473,120,121) (S 474,119,120) (S 475,119,117) (S 476,117,116) (S 477,116,1) (D 0,1,1)
0 1 15 546 546 34 (D 0,1,1) (S 478,116,1) (S 479,117,116) (S 480,119,117) (S 481,119,120) (S 482,120,121) (S 483,122,121) (S 484,87,122) (S 485,87,86) (S 486,86,85) (S 487,85,84) (S 488,84,82) (S 489,80,82) (S 490,80,79) (S 491,78,79) (S 492,77,78) (S 493,77,76) (S 494,75,76) (S 495,75,76) (S 496,77,76) (S 497,77,78) (S 498,78,79) (S 499,80,79) (S 500,80,82) (S 501,84,82) (S 502,85,84) (S 503,86,85) (S 504,87,86) (S 505,87,122) (S 506,122,121) (S 507,120,121) (S 508,119,120) (S 509,119,117) (S 510,117,116) (S 511,116,1) (D 0,1,1)
0 1 16 973 973 53 (D 0,1,1) (S 512,116,1) (S 513,117,116) (S 514,118,117) (S 515,118,91) (S 516,91,90) (S 517,90,68) (S 518,68,67) (S 519,67,69) (S 520,69,71) (S 521,72,71) (S 522,74,72) (S 523,76,74) (S 524,77,76) (S 525,46,77) (S 526,46,43) (S 527,44,43) (S 528,44,45) (S 529,34,45) (S 530,139,34) (S 531,139,33) (S 532,33,11) (S 533,11,12) (S 534,12,20) (S 535,20,24) (S 536,25,24) (S 537,25,27) (S 538,28,27) (S 539,28,30) (S 540,28,30) (S 541,28,29) (S 542,29,33) (S 543,139,33) (S 544,139,34) (S 545,34,45) (S 546,44,45) (S 547,44,43) (S 548,46,43) (S 549,46,77) (S 550,77,78) (S 551,78,79) (S 552,80,79) (S 553,80,82) (S 554,84,82) (S 555,85,84) (S 556,86,85) (S 557,87,86) (S 558,87,122) (S 559,122,121) (S 560,120,121) (S 561,119,120) (S 562,119,117) (S 563,117,116) (S 564,116,1) (D 0,1,1)
0 1 17 1037 1037 62 (D 0,1,1) (S 565,116,1) (S 566,117,116) (S 567,119,117) (S 568,119,120) (S 569,120,121) (S 570,122,121) (S 571,87,122) (S 572,87,86) (S 573,86,85) (S 574,85,84) (S 575,84,82) (S 576,80,82) (S 577,80,79) (S 578,78,79) (S 579,77,78) (S 580,46,77) (S 581,46,43) (S 582,44,43) (S 583,44,45) (S 584,34,45) (S 585,139,34) (S 586,139,33) (S 587,33,11) (S 588,11,12) (S 589,12,13) (S 590,17,13) (S 591,17,13) (S 592,13,16) (S 593,16,15) (S 594,10,15) (S 595,10,9) (S 596,8,9) (S 597,8,6) (S 598,6,7) (S 599,6,7) (S 600,6,5) (S 601,6,5) (S 602,8,6) (S 603,11,8) (S 604,33,11) (S 605,139,33) (S 606,139,34) (S 607,34,45) (S 608,44,45) (S 609,44,43) (S 610,46,43) (S 611,46,77) (S 612,77,78) (S 613,78,79) (S 614,80,79) (S 615,80,82) (S 616,84,82) (S 617,85,84) (S 618,86,85) (S 619,87,86) (S 620,87,122) (S 621,122,121) (S 622,120,121) (S 623,119,120) (S 624,119,117) (S 625,117,116) (S 626,116,1) (D 0,1,1)
0 1 18 694 694 41 (D 0,1,1) (S 627,116,1) (S 628,116,115) (S 629,115,114) (S 630,114,113) (S 631,113,112) (S 632,107,112) (S 633,106,107) (S 634,106,105) (S 635,104,105) (S 636,102,104) (S 637,101,102) (S 638,94,101) (S 639,94,93) (S 640,64,93) (S 641,65,64) (S 642,56,65) (S 643,55,56) (S 644,54,55) (S 645,54,140) (S 646,49,140) (S 647,49,140) (S 648,53,140) (S 649,53,140) (S 650,55,140) (S 651,55,56) (S 652,56,65) (S 653,65,64) (S 654,64,93) (S 655,94,93) (S 656,94,101) (S 657,101,102) (S 658,102,104) (S 659,104,105) (S 660,106,105) (S 661,106,107) (S 662,107,112) (S 663,113,112) (S 664,114,113) (S 665,115,114) (S 666,116,115) (S 667,116,1) (D 0,1,1)
0 1 19 624 624 35 (D 0,1,1) (S 668,116,1) (S 669,117,116) (S 670,118,117) (S 671,118,91) (S 672,91,66) (S 673,66,67) (S 674,67,69) (S 675,69,71) (S 676,72,71) (S 677,74,72) (S 678,76,74) (S 679,77,76) (S 680,46,77) (S 681,46,43) (S 682,43,37) (S 683,37,36) (S 684,37,36) (S 685,43,37) (S 686,46,43) (S 687,46,77) (S 688,77,78) (S 689,78,79) (S 690,80,79) (S 691,80,82) (S 692,84,82) (S 693,85,84) (S 694,86,85) (S 695,87,86) (S 696,87,122) (S 697,122,121) (S 698,120,121) (S 699,119,120) (S 700,119,117) (S 701,117,116) (S 702,116,1) (D 0,1,1)
0 1 20 597 597 41 (D 0,1,1) (S 703,116,1) (S 704,117,116) (S 705,119,117) (S 706,119,120) (S 707,120,121) (S 708,122,121) (S 709,87,122) (S 710,87,86) (S 711,86,85) (S 712,85,84) (S 713,84,82) (S 714,80,82) (S 715,80,79) (S 716,78,79) (S 717,77,78) (S 718,46,77) (S 719,46,43) (S 720,43,37) (S 721,37,36) (S 722,38,36) (S 723,38,36) (S 724,36,35) (S 725,37,35) (S 726,43,37) (S 727,46,43) (S 728,46,77) (S 729,77,78) (S 730,78,79) (S 731,80,79) (S 732,80,82) (S 733,84,82) (S 734,85,84) (S 735,86,85) (S 736,87,86) (S 737,87,122) (S 738,122,121) (S 739,120,121) (S 740,119,120) (S 741,119,117) (S 742,117,116) (S 743,116,1) (D 0,1,1)
0 1 21 458 458 28 (D 0,1,1) (S 744,116,1) (S 745,116,115) (S 746,115,114) (S 747,114,113) (S 748,113,112) (S 749,107,112) (S 750,106,107) (S 751,106,105) (S 752,104,105) (S 753,102,104) (S 754,101,102) (S 755,101,66) (S 756,101,66) (S 757,94,101) (S 758,100,94) (S 759,100,94) (S 760,94,101) (S 761,101,102) (S 762,102,104) (S 763,104,105) (S 764,106,105) (S 765,106,107) (S 766,107,112) (S 767,113,112) (S 768,114,113) (S 769,115,114) (S 770,116,115) (S 771,116,1) (D 0,1,1)
0 1 22 458 458 18 (D 0,1,1) (S 772,116,1) (S 773,117,116) (S 774,119,117) (S 775,119,120) (S 776,120,123) (S 777,124,123) (S 778,124,126) (S 779,127,126) (S 780,127,126) (S 781,124,126) (S 782,124,4) (S 783,124,4) (S 784,124,123) (S 785,120,123) (S 786,119,120) (S 787,119,117) (S 788,117,116) (S 789,116,1) (D 0,1,1)
0 1 23 979 979 56 (D 0,1,1) (S 790,116,1) (S 791,117,116) (S 792,119,117) (S 793,119,120) (S 794,120,121) (S 795,122,121) (S 796,87,122) (S 797,87,86) (S 798,86,85) (S 799,85,84) (S 800,84,82) (S 801,80,82) (S 802,80,79) (S 803,78,79) (S 804,77,78) (S 805,46,77) (S 806,46,43) (S 807,44,43) (S 808,44,45) (S 809,34,45) (S 810,139,34) (S 811,139,33) (S 812,29,33) (S 813,28,29) (S 814,28,27) (S 815,25,27) (S 816,25,24) (S 817,23,24) (S 818,26,23) (S 819,26,31) (S 820,31,30) (S 821,28,30) (S 822,28,29) (S 823,29,33) (S 824,139,33) (S 825,139,34) (S 826,34,45) (S 827,44,45) (S 828,44,43) (S 829,46,43) (S 830,46,77) (S 831,77,78) (S 832,78,79) (S 833,80,79) (S 834,80,82) (S 835,84,82) (S 836,85,84) (S 837,86,85) (S 838,87,86) (S 839,87,122) (S 840,122,121) (S 841,120,121) (S 842,119,120) (S 843,119,117) (S 844,117,116) (S 845,116,1) (D 0,1,1)
0 1 24 413 413 23 (D 0,1,1) (S 846,116,1) (S 847,117,116) (S 848,119,117) (S 849,119,120) (S 850,120,123) (S 851,124,123) (S 852,124,126) (S 853,131,126) (S 854,131,132) (S 855,133,132) (S 856,133,135) (S 857,135,134) (S 858,133,134) (S 859,133,132) (S 860,131,132) (S 861,131,126) (S 862,124,126) (S 863,124,123) (S 864,120,123) (S 865,119,120) (S 866,119,117) (S 867,117,116) (S 868,116,1) (D 0,1,1)
0 1 25 694 694 43 (D 0,1,1) (S 869,116,1) (S 870,116,115) (S 871,115,114) (S 872,114,113) (S 873,113,112) (S 874,107,112) (S 875,106,107) (S 876,106,105) (S 877,104,105) (S 878,102,104) (S 879,101,102) (S 880,94,101) (S 881,94,93) (S 882,64,93) (S 883,65,64) (S 884,56,65) (S 885,55,56) (S 886,54,55) (S 887,54,140) (S 888,53,140) (S 889,52,53) (S 890,52,51) (S 891,52,51) (S 892,52,53) (S 893,53,140) (S 894,55,140) (S 895,55,56) (S 896,56,65) (S 897,65,64) (S 898,64,93) (S 899,94,93) (S 900,94,101) (S 901,101,102) (S 902,102,104) (S 903,104,105) (S 904,106,105) (S 905,106,107) (S 906,107,112) (S 907,113,112) (S 908,114,113) (S 909,115,114) (S 910,116,115) (S 911,116,1) (D 0,1,1)
0 1 26 548 548 24 (D 0,1,1) (S 912,116,1) (S 913,117,116) (S 914,118,117) (S 915,118,91) (S 916,91,90) (S 917,90,68) (S 918,68,67) (S 919,67,69) (S 920,69,71) (S 921,75,71) (S 922,75,71) (S 923,72,71) (S 924,74,72) (S 925,74,72) (S 926,72,71) (S 927,69,71) (S 928,67,69) (S 929,68,67) (S 930,90,68) (S 931,91,90) (S 932,118,91) (S 933,118,117) (S 934,117,116) (S 935,116,1) (D 0,1,1)
0 1 27 264 264 17 (D 0,1,1) (S 936,116,1) (S 937,116,115) (S 938,115,114) (S 939,114,113) (S 940,113,112) (S 941,112,110) (S 942,110,111) (S 943,110,111) (S 944,110,107) (S 945,106,107) (S 946,106,107) (S 947,107,112) (S 948,113,112) (S 949,114,113) (S 950,115,114) (S 951,116,115) (S 952,116,1) (D 0,1,1)
0 1 28 389 389 18 (D 0,1,1) (S 953,116,1) (S 954,117,116) (S 955,119,117) (S 956,119,120) (S 957,120,123) (S 958,125,123) (S 959,138,125) (S 960,136,138) (S 961,136,138) (S 962,138,131) (S 963,131,126) (S 964,124,126) (S 965,124,123) (S 966,120,123) (S 967,119,120) (S 968,119,117) (S 969,117,116) (S 970,116,1) (D 0,1,1)
0 1 29 827 827 41 (D 0,1,1) (S 971,116,1) (S 972,117,116) (S 973,118,117) (S 974,118,91) (S 975,91,90) (S 976,90,68) (S 977,68,67) (S 978,67,69) (S 979,70,69) (S 980,58,70) (S 981,59,58) (S 982,59,61) (S 983,61,49) (S 984,48,49) (S 985,50,48) (S 986,50,51) (S 987,50,51) (S 988,50,48) (S 989,48,139) (S 990,48,139) (S 991,48,49) (S 992,49,140) (S 993,55,140) (S 994,55,56) (S 995,56,65) (S 996,65,64) (S 997,64,63) (S 998,93,63) (S 999,94,93) (S 1000,94,101) (S 1001,101,102) (S 1002,102,104) (S 1003,104,105) (S 1004,106,105) (S 1005,106,107) (S 1006,107,112) (S 1007,113,112) (S 1008,114,113) (S 1009,115,114) (S 1010,116,115) (S 1011,116,1) (D 0,1,1)
0 1 30 490 490 34 (D 0,1,1) (S 1012,116,1) (S 1013,117,116) (S 1014,119,117) (S 1015,119,120) (S 1016,120,121) (S 1017,122,121) (S 1018,87,122) (S 1019,87,86) (S 1020,86,85) (S 1021,85,84) (S 1022,84,83) (S 1023,83,81) (S 1024,81,79) (S 1025,78,79) (S 1026,77,78) (S 1027,77,76) (S 1028,77,76) (S 1029,46,77) (S 1030,46,77) (S 1031,77,78) (S 1032,78,79) (S 1033,81,79) (S 1034,83,81) (S 1035,84,83) (S 1036,85,84) (S 1037,86,85) (S 1038,87,86) (S 1039,87,122) (S 1040,122,121) (S 1041,120,121) (S 1042,119,120) (S 1043,119,117) (S 1044,117,116) (S 1045,116,1) (D 0,1,1)
0 1 31 610 610 27 (D 0,1,1) (S 1046,116,1) (S 1047,117,116) (S 1048,118,117) (S 1049,118,91) (S 1050,91,90) (S 1051,90,68) (S 1052,68,67) (S 1053,67,69) (S 1054,69,71) (S 1055,72,71) (S 1056,72,73) (S 1057,44,73) (S 1058,44,73) (S 1059,74,73) (S 1060,76,74) (S 1061,76,74) (S 1062,74,72) (S 1063,72,71) (S 1064,69,71) (S 1065,67,69) (S 1066,68,67) (S 1067,90,68) (S 1068,91,90) (S 1069,118,91) (S 1070,118,117) (S 1071,117,116) (S 1072,116,1) (D 0,1,1)
0 1 32 559 559 25 (D 0,1,1) (S 1073,116,1) (S 1074,117,116) (S 1075,118,117) (S 1076,118,91) (S 1077,91,90) (S 1078,90,68) (S 1079,68,67) (S 1080,67,69) (S 1081,69,71) (S 1082,72,71) (S 1083,72,71) (S 1084,71,70) (S 1085,58,70) (S 1086,59,58) (S 1087,59,58) (S 1088,58,70) (S 1089,70,69) (S 1090,67,69) (S 1091,68,67) (S 1092,90,68) (S 1093,91,90) (S 1094,118,91) (S 1095,118,117) (S 1096,117,116) (S 1097,116,1) (D 0,1,1)
0 1 33 1045 1045 58 (D 0,1,1) (S 1098,116,1) (S 1099,117,116) (S 1100,119,117) (S 1101,119,120) (S 1102,120,121) (S 1103,122,121) (S 1104,87,122) (S 1105,87,86) (S 1106,86,85) (S 1107,85,84) (S 1108,84,82) (S 1109,80,82) (S 1110,80,79) (S 1111,78,79) (S 1112,77,78) (S 1113,46,77) (S 1114,46,43) (S 1115,44,43) (S 1116,44,45) (S 1117,34,45) (S 1118,139,34) (S 1119,139,33) (S 1120,29,33) (S 1121,28,29) (S 1122,28,30) (S 1123,31,30) (S 1124,26,31) (S 1125,26,23) (S 1126,23,24) (S 1127,20,24) (S 1128,20,24) (S 1129,25,24) (S 1130,25,27) (S 1131,28,27) (S 1132,28,29) (S 1133,29,33) (S 1134,139,33) (S 1135,139,34) (S 1136,34,45) (S 1137,44,45) (S 1138,44,43) (S 1139,46,43) (S 1140,46,77) (S 1141,77,78) (S 1142,78,79) (S 1143,80,79) (S 1144,80,82) (S 1145,84,82) (S 1146,85,84) (S 1147,86,85) (S 1148,87,86) (S 1149,87,122) (S 1150,122,121) (S 1151,120,121) (S 1152,119,120) (S 1153,119,117) (S 1154,117,116) (S 1155,116,1) (D 0,1,1)
0 1 34 961 961 56 (D 0,1,1) (S 1156,116,1) (S 1157,117,116) (S 1158,119,117) (S 1159,119,120) (S 1160,120,121) (S 1161,122,121) (S 1162,87,122) (S 1163,87,86) (S 1164,86,85) (S 1165,85,84) (S 1166,84,82) (S 1167,80,82) (S 1168,80,79) (S 1169,78,79) (S 1170,77,78) (S 1171,46,77) (S 1172,46,43) (S 1173,44,43) (S 1174,44,45) (S 1175,34,45) (S 1176,139,34) (S 1177,139,33) (S 1178,29,33) (S 1179,28,29) (S 1180,28,30) (S 1181,31,30) (S 1182,26,31) (S 1183,26,25) (S 1184,25,24) (S 1185,25,24) (S 1186,25,27) (S 1187,28,27) (S 1188,28,29) (S 1189,29,33) (S 1190,139,33) (S 1191,139,34) (S 1192,34,45) (S 1193,44,45) (S 1194,44,43) (S 1195,46,43) (S 1196,46,77) (S 1197,77,78) (S 1198,78,79) (S 1199,80,79) (S 1200,80,82) (S 1201,84,82) (S 1202,85,84) (S 1203,86,85) (S 1204,87,86) (S 1205,87,122) (S 1206,122,121) (S 1207,120,121) (S 1208,119,120) (S 1209,119,117) (S 1210,117,116) (S 1211,116,1) (D 0,1,1)
0 1 35 478 478 31 (D 0,1,1) (S 1212,116,1) (S 1213,116,115) (S 1214,115,114) (S 1215,114,113) (S 1216,113,112) (S 1217,107,112) (S 1218,106,107) (S 1219,106,105) (S 1220,104,105) (S 1221,102,104) (S 1222,101,102) (S 1223,94,101) (S 1224,94,93) (S 1225,64,93) (S 1226,64,63) (S 1227,62,63) (S 1228,62,63) (S 1229,93,63) (S 1230,94,93) (S 1231,94,101) (S 1232,101,102) (S 1233,102,104) (S 1234,104,105) (S 1235,106,105) (S 1236,106,107) (S 1237,107,112) (S 1238,113,112) (S 1239,114,113) (S 1240,115,114) (S 1241,116,115) (S 1242,116,1) (D 0,1,1)
0 1 36 559 630 41 (D 0,1,1) (S 1243,116,1) (S 1244,117,116) (S 1245,119,117) (S 1246,119,120) (S 1247,120,121) (S 1248,122,121) (S 1249,87,122) (S 1250,87,86) (S 1251,86,85) (S 1252,85,84) (S 1253,84,82) (S 1254,80,82) (S 1255,80,79) (S 1256,78,79) (S 1257,77,78) (S 1258,46,77) (S 1259,46,43) (S 1260,41,38) (S 1261,38,36) (S 1262,37,36) (S 1263,37,42) (S 1264,47,42) (S 1265,47,42) (S 1266,43,42) (S 1267,46,43) (S 1268,46,77) (S 1269,77,78) (S 1270,78,79) (S 1271,80,79) (S 1272,80,82) (S 1273,84,82) (S 1274,85,84) (S 1275,86,85) (S 1276,87,86) (S 1277,87,122) (S 1278,122,121) (S 1279,120,121) (S 1280,119,120) (S 1281,119,117) (S 1282,117,116) (S 1283,116,1) (D 0,1,1)
0 1 37 920 920 60 (D 0,1,1) (S 1284,116,1) (S 1285,117,116) (S 1286,119,117) (S 1287,119,120) (S 1288,120,121) (S 1289,122,121) (S 1290,87,122) (S 1291,87,86) (S 1292,86,85) (S 1293,85,84) (S 1294,84,82) (S 1295,80,82) (S 1296,80,79) (S 1297,78,79) (S 1298,77,78) (S 1299,46,77) (S 1300,46,43) (S 1301,44,43) (S 1302,44,45) (S 1303,34,45) (S 1304,139,34) (S 1305,139,33) (S 1306,33,11) (S 1307,11,12) (S 1308,12,13) (S 1309,14,13) (S 1310,14,13) (S 1311,17,13) (S 1312,17,15) (S 1313,17,15) (S 1314,17,18) (S 1315,18,19) (S 1316,18,19) (S 1317,17,18) (S 1318,17,13) (S 1319,12,13) (S 1320,11,12) (S 1321,33,11) (S 1322,139,33) (S 1323,139,34) (S 1324,34,45) (S 1325,44,45) (S 1326,44,43) (S 1327,46,43) (S 1328,46,77) (S 1329,77,78) (S 1330,78,79) (S 1331,80,79) (S 1332,80,82) (S 1333,84,82) (S 1334,85,84) (S 1335,86,85) (S 1336,87,86) (S 1337,87,122) (S 1338,122,121) (S 1339,120,121) (S 1340,119,120) (S 1341,119,117) (S 1342,117,116) (S 1343,116,1) (D 0,1,1)
0 1 38 981 981 58 (D 0,1,1) (S 1344,116,1) (S 1345,117,116) (S 1346,119,117) (S 1347,119,120) (S 1348,120,121) (S 1349,122,121) (S 1350,87,122) (S 1351,87,86) (S 1352,86,85) (S 1353,85,84) (S 1354,84,82) (S 1355,80,82) (S 1356,80,79) (S 1357,78,79) (S 1358,77,78) (S 1359,46,77) (S 1360,46,43) (S 1361,44,43) (S 1362,44,45) (S 1363,34,45) (S 1364,139,34) (S 1365,139,33) (S 1366,29,33) (S 1367,28,29) (S 1368,28,27) (S 1369,28,27) (S 1370,28,30) (S 1371,30,32) (S 1372,30,32) (S 1373,31,30) (S 1374,31,30) (S 1375,28,30) (S 1376,28,29) (S 1377,29,33) (S 1378,139,33) (S 1379,139,34) (S 1380,34,45) (S 1381,44,45) (S 1382,44,43) (S 1383,43,42) (S 1384,47,42) (S 1385,47,46) (S 1386,46,77) (S 1387,77,78) (S 1388,78,79) (S 1389,80,79) (S 1390,80,82) (S 1391,84,82) (S 1392,85,84) (S 1393,86,85) (S 1394,87,86) (S 1395,87,122) (S 1396,122,121) (S 1397,120,121) (S 1398,119,120) (S 1399,119,117) (S 1400,117,116) (S 1401,116,1) (D 0,1,1)
0 1 39 370 370 25 (D 0,1,1) (S 1402,116,1) (S 1403,117,116) (S 1404,119,117) (S 1405,119,120) (S 1406,120,121) (S 1407,122,121) (S 1408,87,122) (S 1409,87,86) (S 1410,86,85) (S 1411,85,84) (S 1412,84,82) (S 1413,80,82) (S 1414,80,81) (S 1415,83,81) (S 1416,84,83) (S 1417,85,84) (S 1418,86,85) (S 1419,87,86) (S 1420,87,122) (S 1421,122,121) (S 1422,120,121) (S 1423,119,120) (S 1424,119,117) (S 1425,117,116) (S 1426,116,1) (D 0,1,1)
0 1 40 462 462 18 (D 0,1,1) (S 1427,116,1) (S 1428,117,116) (S 1429,118,117) (S 1430,118,91) (S 1431,91,90) (S 1432,90,68) (S 1433,90,68) (S 1434,88,90) (S 1435,89,88) (S 1436,92,89) (S 1437,92,89) (S 1438,89,88) (S 1439,88,90) (S 1440,91,90) (S 1441,118,91) (S 1442,118,117) (S 1443,117,116) (S 1444,116,1) (D 0,1,1)
0 1 41 233 233 11 (D 0,1,1) (S 1445,116,1) (S 1446,116,115) (S 1447,115,114) (S 1448,115,114) (S 1449,115,117) (S 1450,119,117) (S 1451,119,120) (S 1452,119,120) (S 1453,119,117) (S 1454,117,116) (S 1455,116,1) (D 0,1,1)
0 1 42 614 614 46 (D 0,1,1) (S 1456,116,1) (S 1457,117,116) (S 1458,119,117) (S 1459,119,120) (S 1460,120,121) (S 1461,122,121) (S 1462,87,122) (S 1463,87,86) (S 1464,86,85) (S 1465,85,84) (S 1466,84,82) (S 1467,80,82) (S 1468,80,79) (S 1469,78,79) (S 1470,77,78) (S 1471,77,76) (S 1472,76,74) (S 1473,74,73) (S 1474,72,73) (S 1475,72,71) (S 1476,71,70) (S 1477,70,69) (S 1478,67,69) (S 1479,68,67) (S 1480,68,67) (S 1481,67,69) (S 1482,69,71) (S 1483,72,71) (S 1484,74,72) (S 1485,76,74) (S 1486,77,76) (S 1487,77,78) (S 1488,78,79) (S 1489,81,79) (S 1490,83,81) (S 1491,84,83) (S 1492,85,84) (S 1493,86,85) (S 1494,87,86) (S 1495,87,122) (S 1496,122,121) (S 1497,120,121) (S 1498,119,120) (S 1499,119,117) (S 1500,117,116) (S 1501,116,1) (D 0,1,1)
0 1 43 456 456 19 (D 0,1,1) (S 1502,116,1) (S 1503,117,116) (S 1504,118,117) (S 1505,118,91) (S 1506,91,66) (S 1507,91,66) (S 1508,91,90) (S 1509,88,90) (S 1510,88,90) (S 1511,91,90) (S 1512,118,91) (S 1513,118,121) (S 1514,122,121) (S 1515,122,121) (S 1516,120,121) (S 1517,119,120) (S 1518,119,117) (S 1519,117,116) (S 1520,116,1) (D 0,1,1)
0 1 44 424 460 20 (D 0,1,1) (S 1521,116,1) (S 1522,117,116) (S 1523,119,117) (S 1524,119,120) (S 1525,120,123) (S 1526,124,123) (S 1527,124,126) (S 1528,126,130) (S 1529,126,130) (S 1530,131,126) (S 1531,131,132) (S 1532,133,132) (S 1533,133,134) (S 1534,138,125) (S 1535,125,123) (S 1536,120,123) (S 1537,119,120) (S 1538,119,117) (S 1539,117,116) (S 1540,116,1) (D 0,1,1)
0 1 45 652 652 46 (D 0,1,1) (S 1541,116,1) (S 1542,117,116) (S 1543,119,117) (S 1544,119,120) (S 1545,120,121) (S 1546,122,121) (S 1547,87,122) (S 1548,87,86) (S 1549,86,85) (S 1550,85,84) (S 1551,84,82) (S 1552,80,82) (S 1553,80,79) (S 1554,78,79) (S 1555,77,78) (S 1556,46,77) (S 1557,46,43) (S 1558,43,37) (S 1559,37,36) (S 1560,38,36) (S 1561,39,38) (S 1562,39,38) (S 1563,41,38) (S 1564,40,41) (S 1565,40,41) (S 1566,41,38) (S 1567,38,36) (S 1568,37,36) (S 1569,43,37) (S 1570,46,43) (S 1571,46,77) (S 1572,77,78) (S 1573,78,79) (S 1574,80,79) (S 1575,80,82) (S 1576,84,82) (S 1577,85,84) (S 1578,86,85) (S 1579,87,86) (S 1580,87,122) (S 1581,122,121) (S 1582,120,121) (S 1583,119,120) (S 1584,119,117) (S 1585,117,116) (S 1586,116,1) (D 0,1,1)
0 1 46 306 366 17 (D 0,1,1) (S 1587,116,1) (S 1588,117,116) (S 1589,118,117) (S 1590,118,91) (S 1591,91,90) (S 1592,88,90) (S 1593,84,83) (S 1594,85,84) (S 1595,86,85) (S 1596,87,86) (S 1597,87,122) (S 1598,122,121) (S 1599,120,121) (S 1600,119,120) (S 1601,119,117) (S 1602,117,116) (S 1603,116,1) (D 0,1,1)
0 1 47 291 291 15 (D 0,1,1) (S 1604,116,1) (S 1605,117,116) (S 1606,118,117) (S 1607,118,91) (S 1608,91,90) (S 1609,88,90) (S 1610,88,86) (S 1611,87,86) (S 1612,87,122) (S 1613,122,121) (S 1614,120,121) (S 1615,119,120) (S 1616,119,117) (S 1617,117,116) (S 1618,116,1) (D 0,1,1)
0 1 48 309 309 16 (D 0,1,1) (S 1619,116,1) (S 1620,117,116) (S 1621,119,117) (S 1622,119,120) (S 1623,120,123) (S 1624,124,123) (S 1625,124,123) (S 1626,122,123) (S 1627,87,122) (S 1628,87,122) (S 1629,122,121) (S 1630,120,121) (S 1631,119,120) (S 1632,119,117) (S 1633,117,116) (S 1634,116,1) (D 0,1,1)
0 1 49 373 373 18 (D 0,1,1) (S 1635,116,1) (S 1636,117,116) (S 1637,119,117) (S 1638,119,120) (S 1639,120,121) (S 1640,122,121) (S 1641,87,122) (S 1642,87,122) (S 1643,122,123) (S 1644,124,123) (S 1645,124,123) (S 1646,125,123) (S 1647,125,123) (S 1648,120,123) (S 1649,119,120) (S 1650,119,117) (S 1651,117,116) (S 1652,116,1) (D 0,1,1)
0 1 50 700 700 44 (D 0,1,1) (S 1653,116,1) (S 1654,117,116) (S 1655,119,117) (S 1656,119,120) (S 1657,120,121) (S 1658,122,121) (S 1659,87,122) (S 1660,87,86) (S 1661,86,85) (S 1662,85,84) (S 1663,84,82) (S 1664,80,82) (S 1665,80,79) (S 1666,78,79) (S 1667,77,78) (S 1668,46,77) (S 1669,46,43) (S 1670,44,43) (S 1671,44,45) (S 1672,45,60) (S 1673,45,60) (S 1674,34,45) (S 1675,139,34) (S 1676,139,34) (S 1677,34,45) (S 1678,44,45) (S 1679,44,43) (S 1680,46,43) (S 1681,46,77) (S 1682,77,78) (S 1683,78,79) (S 1684,80,79) (S 1685,80,82) (S 1686,84,82) (S 1687,85,84) (S 1688,86,85) (S 1689,87,86) (S 1690,87,122) (S 1691,122,121) (S 1692,120,121) (S 1693,119,120) (S 1694,119,117) (S 1695,117,116) (S 1696,116,1) (D 0,1,1)
0 1 51 926 1007 46 (D 0,1,1) (S 1697,116,1) (S 1698,117,116) (S 1699,118,117) (S 1700,118,91) (S 1701,91,90) (S 1702,90,68) (S 1703,68,67) (S 1704,67,69) (S 1705,70,69) (S 1706,58,70) (S 1707,59,58) (S 1708,59,61) (S 1709,61,49) (S 1710,48,49) (S 1711,48,139) (S 1712,139,33) (S 1713,33,11) (S 1714,8,9) (S 1715,8,6) (S 1716,6,7) (S 1717,6,7) (S 1718,8,6) (S 1719,11,8) (S 1720,33,11) (S 1721,139,33) (S 1722,139,34) (S 1723,34,45) (S 1724,44,45) (S 1725,44,43) (S 1726,46,43) (S 1727,46,77) (S 1728,77,78) (S 1729,78,79) (S 1730,80,79) (S 1731,80,82) (S 1732,84,82) (S 1733,85,84) (S 1734,86,85) (S 1735,87,86) (S 1736,87,122) (S 1737,122,121) (S 1738,120,121) (S 1739,119,120) (S 1740,119,117) (S 1741,117,116) (S 1742,116,1) (D 0,1,1)
0 1 52 286 286 15 (D 0,1,1) (S 1743,116,1) (S 1744,116,115) (S 1745,115,114) (S 1746,114,113) (S 1747,113,103) (S 1748,113,103) (S 1749,113,112) (S 1750,107,112) (S 1751,110,107) (S 1752,112,110) (S 1753,113,112) (S 1754,114,113) (S 1755,115,114) (S 1756,116,115) (S 1757,116,1) (D 0,1,1)
0 1 53 618 618 25 (D 0,1,1) (S 1758,116,1) (S 1759,117,116) (S 1760,118,117) (S 1761,118,91) (S 1762,91,90) (S 1763,90,68) (S 1764,68,67) (S 1765,67,69) (S 1766,70,69) (S 1767,58,70) (S 1768,59,58) (S 1769,60,59) (S 1770,61,60) (S 1771,59,61) (S 1772,59,58) (S 1773,58,70) (S 1774,70,69) (S 1775,67,69) (S 1776,68,67) (S 1777,90,68) (S 1778,91,90) (S 1779,118,91) (S 1780,118,117) (S 1781,117,116) (S 1782,116,1) (D 0,1,1)
0 1 54 800 800 46 (D 0,1,1) (S 1783,116,1) (S 1784,117,116) (S 1785,119,117) (S 1786,119,120) (S 1787,120,121) (S 1788,122,121) (S 1789,87,122) (S 1790,87,86) (S 1791,86,85) (S 1792,85,84) (S 1793,84,82) (S 1794,80,82) (S 1795,80,79) (S 1796,78,79) (S 1797,77,78) (S 1798,46,77) (S 1799,46,43) (S 1800,44,43) (S 1801,44,45) (S 1802,34,45) (S 1803,139,34) (S 1804,139,33) (S 1805,29,33) (S 1806,29,33) (S 1807,139,33) (S 1808,139,34) (S 1809,34,45) (S 1810,44,45) (S 1811,44,43) (S 1812,46,43) (S 1813,46,77) (S 1814,77,78) (S 1815,78,79) (S 1816,80,79) (S 1817,80,82) (S 1818,84,82) (S 1819,85,84) (S 1820,86,85) (S 1821,87,86) (S 1822,87,122) (S 1823,122,121) (S 1824,120,121) (S 1825,119,120) (S 1826,119,117) (S 1827,117,116) (S 1828,116,1) (D 0,1,1)
0 1 55 468 551 21 (D 0,1,1) (S 1829,116,1) (S 1830,116,115) (S 1831,115,114) (S 1832,114,113) (S 1833,113,112) (S 1834,107,112) (S 1835,106,107) (S 1836,106,105) (S 1837,104,105) (S 1838,102,104) (S 1839,101,102) (S 1840,94,101) (S 1841,94,95) (S 1842,94,95) (S 1843,94,101) (S 1844,101,66) (S 1845,66,67) (S 1846,118,91) (S 1847,118,117) (S 1848,117,116) (S 1849,116,1) (D 0,1,1)
0 1 56 528 528 16 (D 0,1,1) (S 1850,116,1) (S 1851,117,116) (S 1852,118,117) (S 1853,118,91) (S 1854,91,103) (S 1855,103,102) (S 1856,103,102) (S 1857,91,103) (S 1858,91,90) (S 1859,90,68) (S 1860,90,68) (S 1861,91,90) (S 1862,118,91) (S 1863,118,117) (S 1864,117,116) (S 1865,116,1) (D 0,1,1)
0 1 57 590 590 28 (D 0,1,1) (S 1866,116,1) (S 1867,117,116) (S 1868,118,117) (S 1869,118,91) (S 1870,91,66) (S 1871,66,62) (S 1872,62,57) (S 1873,62,57) (S 1874,62,63) (S 1875,64,63) (S 1876,65,64) (S 1877,56,65) (S 1878,56,65) (S 1879,65,64) (S 1880,64,93) (S 1881,94,93) (S 1882,94,101) (S 1883,101,102) (S 1884,102,104) (S 1885,104,105) (S 1886,106,105) (S 1887,106,107) (S 1888,107,112) (S 1889,113,112) (S 1890,114,113) (S 1891,115,114) (S 1892,116,115) (S 1893,116,1) (D 0,1,1)
0 1 58 204 204 8 (D 0,1,1) (S 1894,116,1) (S 1895,117,116) (S 1896,2,117) (S 1897,2,117) (S 1898,118,117) (S 1899,118,117) (S 1900,117,116) (S 1901,116,1) (D 0,1,1)
0 1 59 564 564 24 (D 0,1,1) (S 1902,116,1) (S 1903,116,115) (S 1904,115,114) (S 1905,114,113) (S 1906,113,112) (S 1907,107,112) (S 1908,106,107) (S 1909,106,105) (S 1910,104,105) (S 1911,102,104) (S 1912,101,102) (S 1913,94,101) (S 1914,94,93) (S 1915,64,93) (S 1916,65,64) (S 1917,56,65) (S 1918,56,57) (S 1919,62,57) (S 1920,66,62) (S 1921,91,66) (S 1922,118,91) (S 1923,118,117) (S 1924,117,116) (S 1925,116,1) (D 0,1,1)
0 1 60 277 277 15 (D 0,1,1) (S 1926,116,1) (S 1927,116,115) (S 1928,115,114) (S 1929,114,113) (S 1930,113,112) (S 1931,107,112) (S 1932,106,107) (S 1933,108,106) (S 1934,107,108) (S 1935,107,112) (S 1936,113,112) (S 1937,114,113) (S 1938,115,114) (S 1939,116,115) (S 1940,116,1) (D 0,1,1)
0 1 61 568 623 40 (D 0,1,1) (S 1941,116,1) (S 1942,117,116) (S 1943,119,117) (S 1944,119,120) (S 1945,120,121) (S 1946,122,121) (S 1947,87,122) (S 1948,87,86) (S 1949,86,85) (S 1950,85,84) (S 1951,84,82) (S 1952,80,82) (S 1953,80,79) (S 1954,78,79) (S 1955,77,78) (S 1956,46,77) (S 1957,47,46) (S 1958,47,42) (S 1959,37,42) (S 1960,37,36) (S 1961,38,36) (S 1962,41,38) (S 1963,43,37) (S 1964,46,43) (S 1965,46,77) (S 1966,77,78) (S 1967,78,79) (S 1968,80,79) (S 1969,80,82) (S 1970,84,82) (S 1971,85,84) (S 1972,86,85) (S 1973,87,86) (S 1974,87,122) (S 1975,122,121) (S 1976,120,121) (S 1977,119,120) (S 1978,119,117) (S 1979,117,116) (S 1980,116,1) (D 0,1,1)
0 1 62 831 840 51 (D 0,1,1) (S 1981,116,1) (S 1982,117,116) (S 1983,119,117) (S 1984,119,120) (S 1985,120,121) (S 1986,122,121) (S 1987,87,122) (S 1988,87,86) (S 1989,86,85) (S 1990,85,84) (S 1991,84,82) (S 1992,80,82) (S 1993,80,79) (S 1994,78,79) (S 1995,77,78) (S 1996,46,77) (S 1997,46,43) (S 1998,44,43) (S 1999,44,45) (S 2000,45,60) (S 2001,61,60) (S 2002,61,49) (S 2003,48,49) (S 2004,50,48) (S 2005,50,48) (S 2006,48,139) (S 2007,139,33) (S 2008,33,11) (S 2009,33,11) (S 2010,139,33) (S 2011,139,34) (S 2012,34,45) (S 2013,44,45) (S 2014,44,43) (S 2015,47,46) (S 2016,46,77) (S 2017,77,78) (S 2018,78,79) (S 2019,80,79) (S 2020,80,82) (S 2021,84,82) (S 2022,85,84) (S 2023,86,85) (S 2024,87,86) (S 2025,87,122) (S 2026,122,121) (S 2027,120,121) (S 2028,119,120) (S 2029,119,117) (S 2030,117,116) (S 2031,116,1) (D 0,1,1)
0 1 63 448 448 20 (D 0,1,1) (S 2032,116,1) (S 2033,117,116) (S 2034,119,117) (S 2035,119,120) (S 2036,120,123) (S 2037,125,123) (S 2038,138,125) (S 2039,136,138) (S 2040,136,137) (S 2041,136,137) (S 2042,134,136) (S 2043,134,136) (S 2044,136,138) (S 2045,138,125) (S 2046,125,123) (S 2047,120,123) (S 2048,119,120) (S 2049,119,117) (S 2050,117,116) (S 2051,116,1) (D 0,1,1)
0 1 64 478 478 28 (D 0,1,1) (S 2052,116,1) (S 2053,116,115) (S 2054,115,114) (S 2055,114,113) (S 2056,113,112) (S 2057,107,112) (S 2058,106,107) (S 2059,106,105) (S 2060,104,105) (S 2061,102,104) (S 2062,101,102) (S 2063,94,101) (S 2064,94,93) (S 2065,93,63) (S 2066,62,63) (S 2067,66,62) (S 2068,101,66) (S 2069,101,102) (S 2070,102,104) (S 2071,104,105) (S 2072,106,105) (S 2073,106,107) (S 2074,107,112) (S 2075,113,112) (S 2076,114,113) (S 2077,115,114) (S 2078,116,115) (S 2079,116,1) (D 0,1,1)
0 1 65 264 264 11 (D 0,1,1) (S 2080,116,1) (S 2081,117,116) (S 2082,119,117) (S 2083,119,120) (S 2084,120,121) (S 2085,118,121) (S 2086,118,91) (S 2087,118,91) (S 2088,118,117) (S 2089,117,116) (S 2090,116,1) (D 0,1,1)
0 1 66 564 572 33 (D 0,1,1) (S 2091,116,1) (S 2092,116,115) (S 2093,115,114) (S 2094,114,113) (S 2095,113,112) (S 2096,107,112) (S 2097,106,107) (S 2098,106,105) (S 2099,104,105) (S 2100,102,104) (S 2101,101,102) (S 2102,94,101) (S 2103,94,93) (S 2104,94,93) (S 2105,100,94) (S 2106,99,100) (S 2107,99,97) (S 2108,96,97) (S 2109,96,95) (S 2110,99,100) (S 2111,100,94) (S 2112,94,101) (S 2113,101,102) (S 2114,102,104) (S 2115,104,105) (S 2116,106,105) (S 2117,106,107) (S 2118,107,112) (S 2119,113,112) (S 2120,114,113) (S 2121,115,114) (S 2122,116,115) (S 2123,116,1) (D 0,1,1)
0 1 67 502 502 22 (D 0,1,1) (S 2124,116,1) (S 2125,117,116) (S 2126,119,117) (S 2127,119,120) (S 2128,120,123) (S 2129,124,123) (S 2130,124,126) (S 2131,127,126) (S 2132,127,128) (S 2133,128,3) (S 2134,128,3) (S 2135,127,128) (S 2136,127,126) (S 2137,131,126) (S 2138,131,126) (S 2139,124,126) (S 2140,124,123) (S 2141,120,123) (S 2142,119,120) (S 2143,119,117) (S 2144,117,116) (S 2145,116,1) (D 0,1,1)
0 1 68 1022 1022 56 (D 0,1,1) (S 2146,116,1) (S 2147,117,116) (S 2148,119,117) (S 2149,119,120) (S 2150,120,121) (S 2151,122,121) (S 2152,87,122) (S 2153,87,86) (S 2154,86,85) (S 2155,85,84) (S 2156,84,82) (S 2157,80,82) (S 2158,80,79) (S 2159,78,79) (S 2160,77,78) (S 2161,46,77) (S 2162,46,43) (S 2163,44,43) (S 2164,44,45) (S 2165,34,45) (S 2166,139,34) (S 2167,139,33) (S 2168,33,11) (S 2169,11,12) (S 2170,12,13) (S 2171,12,13) (S 2172,12,20) (S 2173,22,20) (S 2174,22,20) (S 2175,20,21) (S 2176,20,21) (S 2177,12,20) (S 2178,11,12) (S 2179,33,11) (S 2180,139,33) (S 2181,139,34) (S 2182,34,45) (S 2183,44,45) (S 2184,44,43) (S 2185,46,43) (S 2186,46,77) (S 2187,77,78) (S 2188,78,79) (S 2189,80,79) (S 2190,80,82) (S 2191,84,82) (S 2192,85,84) (S 2193,86,85) (S 2194,87,86) (S 2195,87,122) (S 2196,122,121) (S 2197,120,121) (S 2198,119,120) (S 2199,119,117) (S 2200,117,116) (S 2201,116,1) (D 0,1,1)
0 1 69 908 908 44 (D 0,1,1) (S 2202,116,1) (S 2203,117,116) (S 2204,118,117) (S 2205,118,91) (S 2206,91,90) (S 2207,90,68) (S 2208,68,67) (S 2209,67,69) (S 2210,70,69) (S 2211,58,70) (S 2212,59,58) (S 2213,60,59) (S 2214,45,60) (S 2215,34,45) (S 2216,139,34) (S 2217,139,33) (S 2218,33,11) (S 2219,11,12) (S 2220,11,12) (S 2221,11,8) (S 2222,11,8) (S 2223,33,11) (S 2224,139,33) (S 2225,139,34) (S 2226,34,45) (S 2227,44,45) (S 2228,44,43) (S 2229,46,43) (S 2230,46,77) (S 2231,77,78) (S 2232,78,79) (S 2233,80,79) (S 2234,80,82) (S 2235,84,82) (S 2236,85,84) (S 2237,86,85) (S 2238,87,86) (S 2239,87,122) (S 2240,122,121) (S 2241,120,121) (S 2242,119,120) (S 2243,119,117) (S 2244,117,116) (S 2245,116,1) (D 0,1,1)
0 1 70 953 953 57 (D 0,1,1) (S 2246,116,1) (S 2247,117,116) (S 2248,119,117) (S 2249,119,120) (S 2250,120,121) (S 2251,122,121) (S 2252,87,122) (S 2253,87,86) (S 2254,86,85) (S 2255,85,84) (S 2256,84,82) (S 2257,80,82) (S 2258,80,79) (S 2259,78,79) (S 2260,77,78) (S 2261,46,77) (S 2262,46,43) (S 2263,44,43) (S 2264,44,45) (S 2265,34,45) (S 2266,139,34) (S 2267,139,33) (S 2268,33,11) (S 2269,11,12) (S 2270,12,20) (S 2271,12,20) (S 2272,12,13) (S 2273,13,16) (S 2274,13,16) (S 2275,14,13) (S 2276,14,13) (S 2277,12,13) (S 2278,11,12) (S 2279,33,11) (S 2280,139,33) (S 2281,139,34) (S 2282,34,45) (S 2283,44,45) (S 2284,44,43) (S 2285,46,43) (S 2286,46,77) (S 2287,77,78) (S 2288,78,79) (S 2289,81,79) (S 2290,80,81) (S 2291,80,82) (S 2292,84,82) (S 2293,85,84) (S 2294,86,85) (S 2295,87,86) (S 2296,87,122) (S 2297,122,121) (S 2298,120,121) (S 2299,119,120) (S 2300,119,117) (S 2301,117,116) (S 2302,116,1) (D 0,1,1)
0 1 71 443 443 18 (D 0,1,1) (S 2303,116,1) (S 2304,117,116) (S 2305,119,117) (S 2306,119,120) (S 2307,120,123) (S 2308,124,123) (S 2309,124,4) (S 2310,124,4) (S 2311,124,123) (S 2312,122,123) (S 2313,87,122) (S 2314,87,122) (S 2315,122,121) (S 2316,120,121) (S 2317,119,120) (S 2318,119,117) (S 2319,117,116) (S 2320,116,1) (D 0,1,1)
0 1 72 312 399 10 (D 0,1,1) (S 2321,116,1) (S 2322,116,115) (S 2323,115,114) (S 2324,114,113) (S 2325,113,103) (S 2326,91,66) (S 2327,118,91) (S 2328,118,117) (S 2329,117,116) (S 2330,116,1) (D 0,1,1)
0 1 73 377 377 25 (D 0,1,1) (S 2331,116,1) (S 2332,116,115) (S 2333,115,117) (S 2334,119,117) (S 2335,119,120) (S 2336,120,121) (S 2337,122,121) (S 2338,87,122) (S 2339,87,86) (S 2340,86,85) (S 2341,85,84) (S 2342,84,83) (S 2343,83,81) (S 2344,83,81) (S 2345,84,83) (S 2346,85,84) (S 2347,86,85) (S 2348,87,86) (S 2349,87,122) (S 2350,122,121) (S 2351,120,121) (S 2352,119,120) (S 2353,119,117) (S 2354,117,116) (S 2355,116,1) (D 0,1,1)
0 1 74 208 208 7 (D 0,1,1) (S 2356,116,1) (S 2357,117,116) (S 2358,118,117) (S 2359,118,114) (S 2360,115,114) (S 2361,116,115) (S 2362,116,1) (D 0,1,1)
0 1 75 513 513 19 (D 0,1,1) (S 2363,116,1) (S 2364,116,115) (S 2365,115,114) (S 2366,114,113) (S 2367,113,112) (S 2368,107,112) (S 2369,107,108) (S 2370,109,108) (S 2371,109,108) (S 2372,108,106) (S 2373,106,105) (S 2374,106,105) (S 2375,106,107) (S 2376,107,112) (S 2377,113,112) (S 2378,114,113) (S 2379,115,114) (S 2380,116,115) (S 2381,116,1) (D 0,1,1)
0 1 76 1027 1027 55 (D 0,1,1) (S 2382,116,1) (S 2383,117,116) (S 2384,119,117) (S 2385,119,120) (S 2386,120,121) (S 2387,122,121) (S 2388,87,122) (S 2389,87,86) (S 2390,86,85) (S 2391,85,84) (S 2392,84,82) (S 2393,80,82) (S 2394,80,79) (S 2395,78,79) (S 2396,77,78) (S 2397,46,77) (S 2398,46,43) (S 2399,44,43) (S 2400,44,45) (S 2401,34,45) (S 2402,139,34) (S 2403,139,33) (S 2404,33,11) (S 2405,11,12) (S 2406,12,20) (S 2407,20,21) (S 2408,21,23) (S 2409,26,23) (S 2410,26,31) (S 2411,31,30) (S 2412,28,30) (S 2413,28,29) (S 2414,29,33) (S 2415,139,33) (S 2416,139,34) (S 2417,34,45) (S 2418,44,45) (S 2419,44,43) (S 2420,46,43) (S 2421,46,77) (S 2422,77,78) (S 2423,78,79) (S 2424,80,79) (S 2425,80,82) (S 2426,84,82) (S 2427,85,84) (S 2428,86,85) (S 2429,87,86) (S 2430,87,122) (S 2431,122,121) (S 2432,120,121) (S 2433,119,120) (S 2434,119,117) (S 2435,117,116) (S 2436,116,1) (D 0,1,1)
0 1 77 615 615 40 (D 0,1,1) (S 2437,116,1) (S 2438,117,116) (S 2439,119,117) (S 2440,119,120) (S 2441,120,121) (S 2442,122,121) (S 2443,87,122) (S 2444,87,86) (S 2445,86,85) (S 2446,85,84) (S 2447,84,82) (S 2448,80,82) (S 2449,80,79) (S 2450,78,79) (S 2451,77,78) (S 2452,46,77) (S 2453,46,43) (S 2454,43,37) (S 2455,37,35) (S 2456,35,34) (S 2457,34,45) (S 2458,44,45) (S 2459,44,43) (S 2460,46,43) (S 2461,46,77) (S 2462,77,78) (S 2463,78,79) (S 2464,80,79) (S 2465,80,82) (S 2466,84,82) (S 2467,85,84) (S 2468,86,85) (S 2469,87,86) (S 2470,87,122) (S 2471,122,121) (S 2472,120,121) (S 2473,119,120) (S 2474,119,117) (S 2475,117,116) (S 2476,116,1) (D 0,1,1)
0 1 78 442 442 16 (D 0,1,1) (S 2477,116,1) (S 2478,116,115) (S 2479,115,114) (S 2480,114,113) (S 2481,113,112) (S 2482,107,112) (S 2483,107,108) (S 2484,109,108) (S 2485,109,108) (S 2486,107,108) (S 2487,107,112) (S 2488,113,112) (S 2489,114,113) (S 2490,115,114) (S 2491,116,115) (S 2492,116,1) (D 0,1,1)
0 1 79 36 36 2 (D 0,1,1) (S 2493,116,1) (S 2494,116,1) (D 0,1,1)
