950
11
8196900
1748278486
0 1 1 12 68 5 (D 1,1,1) (S 11,13,12) (S 13,12,13) (S 32,13,13) (D 1,1,1)
0 1 2 21 84 6 (D 1,1,1) (S 2,15,16) (S 8,17,18) (S 33,8,8) (S 43,7,7) (D 1,1,1)
0 1 3 30 90 5 (D 1,1,1) (S 1,6,12) (S 12,12,16) (S 34,16,16) (D 1,1,1)
0 1 4 8 41 4 (D 1,1,1) (S 17,11,5) (S 38,5,5) (D 1,1,1)
0 1 5 27 86 7 (D 1,1,1) (S 0,13,14) (S 3,14,18) (S 26,18,18) (S 36,14,14) (S 42,11,11) (D 1,1,1)
0 1 6 53 130 7 (D 1,1,1) (S 4,10,20) (S 16,23,22) (S 18,9,10) (S 30,23,23) (S 35,20,20) (D 1,1,1)
0 1 7 37 115 6 (D 1,1,1) (S 10,9,19) (S 14,22,19) (S 40,22,22) (S 41,10,10) (D 1,1,1)
0 1 8 24 109 7 (D 1,1,1) (S 6,12,11) (S 7,15,21) (S 22,21,15) (S 24,11,10) (S 27,6,6) (D 1,1,1)
0 1 9 52 131 8 (D 1,1,1) (S 5,4,5) (S 15,5,10) (S 23,24,21) (S 29,21,21) (S 37,24,24) (S 39,19,19) (D 1,1,1)
0 1 10 29 77 6 (D 1,1,1) (S 19,19,9) (S 21,9,3) (S 28,4,4) (S 31,2,2) (D 1,1,1)
0 1 11 17 19 5 (D 1,1,1) (S 9,1,3) (S 20,3,4) (S 25,2,1) (D 1,1,1)
