591
8
1357200
1748278479
0 1 1 16 62 3 (D 1,1,1) (S 3,4,11) (D 1,1,1)
0 1 2 27 37 3 (D 1,1,1) (S 15,2,2) (D 1,1,1)
0 1 3 30 50 3 (D 1,1,1) (S 18,4,4) (D 1,1,1)
0 1 4 25 127 5 (D 1,1,1) (S 1,11,13) (S 14,9,9) (S 17,11,11) (D 1,1,1)
0 1 5 31 87 6 (D 1,1,1) (S 0,2,6) (S 5,6,12) (S 7,8,12) (S 12,12,12) (D 1,1,1)
0 1 6 34 60 5 (D 1,1,1) (S 10,4,10) (S 11,5,5) (S 16,10,10) (D 1,1,1)
0 1 7 18 111 5 (D 1,1,1) (S 2,7,9) (S 8,8,9) (S 9,6,10) (D 1,1,1)
0 1 8 31 57 5 (D 1,1,1) (S 4,2,7) (S 6,1,3) (S 13,3,3) (D 1,1,1)
