1339
15
30161100
1748278484
0 1 1 20 82 4 (D 1,1,1) (S 0,24,27) (S 71,27,27) (D 1,1,1)
0 1 2 19 78 7 (D 1,1,1) (S 3,26,30) (S 21,22,29) (S 42,29,22) (S 53,25,25) (S 62,22,22) (D 1,1,1)
0 1 3 44 106 8 (D 1,1,1) (S 2,16,17) (S 13,17,22) (S 18,29,28) (S 54,28,28) (S 68,24,24) (S 70,21,21) (D 1,1,1)
0 1 4 30 73 5 (D 1,1,1) (S 32,26,23) (S 47,23,18) (S 57,18,18) (D 1,1,1)
0 1 5 48 117 10 (D 1,1,1) (S 1,17,18) (S 4,21,28) (S 14,20,24) (S 40,20,21) (S 41,22,21) (S 46,21,20) (S 58,20,20) (S 59,12,12) (D 1,1,1)
0 1 6 21 53 6 (D 1,1,1) (S 24,13,8) (S 48,7,6) (S 56,6,6) (S 60,4,4) (D 1,1,1)
0 1 7 25 75 6 (D 1,1,1) (S 37,26,18) (S 38,9,10) (S 39,10,9) (S 69,3,3) (D 1,1,1)
0 1 8 65 125 9 (D 1,1,1) (S 10,10,19) (S 27,29,30) (S 29,25,29) (S 45,30,29) (S 51,30,30) (S 63,23,23) (S 67,15,15) (D 1,1,1)
0 1 9 32 76 7 (D 1,1,1) (S 9,10,15) (S 16,15,9) (S 17,9,15) (S 34,14,13) (S 52,7,7) (D 1,1,1)
0 1 10 41 86 8 (D 1,1,1) (S 5,5,8) (S 7,12,13) (S 31,12,11) (S 33,11,12) (S 35,13,16) (S 55,17,17) (D 1,1,1)
0 1 11 27 54 4 (D 1,1,1) (S 36,4,5) (S 64,2,2) (D 1,1,1)
0 1 12 48 100 7 (D 1,1,1) (S 6,1,5) (S 8,15,19) (S 20,16,11) (S 43,11,16) (S 50,16,16) (D 1,1,1)
0 1 13 42 90 8 (D 1,1,1) (S 12,3,10) (S 15,14,15) (S 19,14,8) (S 22,8,14) (S 26,17,14) (S 61,14,14) (D 1,1,1)
0 1 14 43 108 6 (D 1,1,1) (S 25,7,12) (S 28,7,4) (S 44,6,11) (S 49,9,9) (D 1,1,1)
0 1 15 61 116 7 (D 1,1,1) (S 11,11,20) (S 23,20,16) (S 30,21,29) (S 65,29,29) (S 66,8,8) (D 1,1,1)
