297
6
25482312
175069
 0 1 1 13 18  4 (D 0,1,1) (S 4,5,5) (S 33,5,1) (D 0,1,1)
 0 1 2 47 65  12 (D 0,1,1) (S 20,3,4) (S 3,4,4) (S 21,4,2) (S 1,2,2) (S 23,2,3) (S 2,3,3) (S 34,3,9) (S 8,9,9) (S 39,9,19) (S 15,19,19) (D 0,1,1)
 0 1 3 39 48  9 (D 0,1,1) (S 6,7,7) (S 35,7,2) (S 19,2,22) (S 17,22,13) (S 12,13,13) (S 31,7,4) (S 32,4,1) (D 0,1,1)
 0 1 4 49 57  12 (D 0,1,1) (S 38,5,14) (S 28,14,15) (S 5,6,6) (S 37,6,15) (S 29,15,16) (S 13,16,16) (S 10,11,11) (S 30,11,12) (S 11,12,12) (S 16,10,1) (D 0,1,1)
 0 1 5 29 54  7 (D 0,1,1) (S 18,9,10) (S 9,10,10) (S 25,10,18) (S 14,17,17) (S 22,18,19) (D 0,1,1)
 0 1 6 47 55  7 (D 0,1,1) (S 27,8,12) (S 7,8,8) (S 26,20,21) (S 36,21,22) (S 24,2,1) (D 0,1,1)
