150
7
22188190
128428
 0 1 1 20 21  9 (D 0,1,1) (S 1,2,2) (S 9,11,11) (S 16,11,15) (S 25,15,16) (S 13,16,16) (S 35,16,15) (S 17,15,21) (D 0,1,1)
 0 1 2 19 25  7 (D 0,1,1) (S 5,6,6) (S 6,7,7) (S 7,8,8) (S 40,8,7) (S 18,7,6) (D 0,1,1)
 0 1 3 18 20  7 (D 0,1,1) (S 3,4,4) (S 22,10,20) (S 36,23,24) (S 21,24,21) (S 30,21,20) (D 0,1,1)
 0 1 4 20 33  9 (D 0,1,1) (S 38,16,12) (S 11,13,13) (S 29,13,14) (S 12,14,14) (S 31,17,18) (S 34,18,17) (S 24,17,13) (D 0,1,1)
 0 1 5 20 23  8 (D 0,1,1) (S 32,19,20) (S 37,23,20) (S 33,20,23) (S 19,23,22) (S 26,22,19) (S 15,19,9) (D 0,1,1)
 0 1 6 20 17  7 (D 0,1,1) (S 27,2,4) (S 4,5,5) (S 28,5,6) (S 10,12,12) (S 20,11,10) (D 0,1,1)
 0 1 7 20 11  7 (D 0,1,1) (S 14,3,4) (S 39,4,5) (S 23,5,10) (S 8,9,9) (S 2,3,3) (D 0,1,1)
