489
9
54112450
6076507
 0 1 1 63 57  11 (D 0,1,1) (S 32,4,6) (S 3,6,6) (S 60,6,11) (S 8,11,11) (S 57,11,16) (S 12,16,16) (S 50,16,11) (S 9,12,12) (S 35,12,13) (D 0,1,1)
 0 1 2 64 29  8 (D 0,1,1) (S 30,8,9) (S 6,9,9) (S 69,9,10) (S 7,10,10) (S 52,9,2) (S 36,2,1) (D 0,1,1)
 0 1 3 62 50  9 (D 0,1,1) (S 72,2,3) (S 1,3,3) (S 26,3,10) (S 29,10,19) (S 37,19,18) (S 13,17,17) (S 42,17,13) (D 0,1,1)
 0 1 4 65 68  11 (D 0,1,1) (S 68,8,13) (S 39,16,21) (S 15,21,21) (S 73,21,24) (S 34,24,27) (S 19,27,27) (S 27,27,20) (S 14,20,20) (S 53,16,12) (D 0,1,1)
 0 1 5 64 68  13 (D 0,1,1) (S 46,8,14) (S 71,14,17) (S 23,17,22) (S 44,22,29) (S 21,29,29) (S 55,29,21) (S 31,21,28) (S 20,28,28) (S 28,28,24) (S 51,20,16) (S 43,16,13) (D 0,1,1)
 0 1 6 63 39  9 (D 0,1,1) (S 54,2,9) (S 67,9,15) (S 11,15,15) (S 33,15,14) (S 62,14,13) (S 10,13,13) (S 56,13,8) (D 0,1,1)
 0 1 7 65 56  12 (D 0,1,1) (S 17,25,25) (S 65,30,25) (S 59,25,30) (S 22,30,30) (S 25,30,26) (S 18,26,26) (S 64,26,23) (S 58,23,18) (S 61,18,15) (S 41,15,9) (D 0,1,1)
 0 1 8 55 26  9 (D 0,1,1) (S 5,8,8) (S 4,7,7) (S 49,4,7) (S 66,7,4) (S 47,4,5) (S 2,5,5) (S 40,5,1) (D 0,1,1)
 0 1 9 65 96  11 (D 0,1,1) (S 74,7,12) (S 38,11,20) (S 70,20,21) (S 63,21,29) (S 45,29,22) (S 24,22,25) (S 75,23,22) (S 16,22,22) (S 48,14,8) (D 0,1,1)
