14434
28
56758640400
56758640400
0 1 1 5323 623 28 (D 0,1,1) (S 98,38,52) (S 132,52,53) (S 135,53,54) (S 137,54,41) (S 108,41,56) (S 142,56,42) (S 110,42,43) (S 115,45,44) (S 116,45,46) (S 119,46,47) (S 120,47,31) (S 87,31,30) (S 86,30,29) (S 84,29,13) (S 53,13,14) (S 54,14,15) (S 56,15,31) (S 85,29,28) (S 83,28,27) (S 80,27,11) (S 50,11,12) (S 52,12,28) (S 81,27,26) (S 78,26,25) (S 76,25,41) (S 105,41,40) (S 104,40,39) (S 101,39,38) (D 0,1,1)
0 1 2 8155 1155 40 (D 0,1,1) (S 98,38,52) (S 132,52,53) (S 135,53,54) (S 137,54,41) (S 108,41,56) (S 142,56,42) (S 110,42,43) (S 111,43,69) (S 165,69,56) (S 112,44,28) (S 83,28,27) (S 80,27,11) (S 50,11,12) (S 52,12,28) (S 82,27,43) (S 115,45,44) (S 116,45,46) (S 119,46,47) (S 121,47,58) (S 145,58,57) (S 144,57,70) (S 168,70,71) (S 169,71,58) (S 143,57,45) (S 114,45,29) (S 84,29,13) (S 53,13,14) (S 55,14,30) (S 86,30,29) (S 85,29,28) (S 81,27,26) (S 78,26,25) (S 75,25,9) (S 48,9,10) (S 49,10,11) (S 51,12,13) (S 76,25,41) (S 105,41,40) (S 104,40,39) (S 101,39,38) (D 0,1,1)
0 1 3 4890 614 23 (D 0,1,1) (S 98,38,52) (S 131,52,51) (S 154,63,51) (S 156,63,62) (S 152,62,50) (S 126,50,36) (S 95,36,35) (S 93,35,34) (S 91,34,18) (S 60,18,17) (S 59,17,16) (S 58,16,32) (S 88,32,33) (S 57,16,1) (S 37,1,2) (S 39,2,17) (S 89,32,59) (S 146,59,60) (S 147,60,48) (S 123,48,49) (S 125,49,50) (S 127,50,37) (S 97,37,38) (D 0,1,1)
0 1 4 5662 625 27 (D 0,1,1) (S 98,38,52) (S 132,52,53) (S 135,53,54) (S 137,54,41) (S 108,41,56) (S 142,56,42) (S 110,42,43) (S 115,45,44) (S 143,57,45) (S 144,57,70) (S 168,70,71) (S 169,71,58) (S 145,58,57) (S 116,45,46) (S 118,46,30) (S 86,30,29) (S 84,29,13) (S 53,13,14) (S 55,14,30) (S 85,29,28) (S 83,28,27) (S 81,27,26) (S 78,26,25) (S 76,25,41) (S 105,41,40) (S 104,40,39) (S 101,39,38) (D 0,1,1)
0 1 5 5189 736 27 (D 0,1,1) (S 98,38,52) (S 131,52,51) (S 132,52,53) (S 133,53,39) (S 99,39,22) (S 68,22,21) (S 66,21,20) (S 64,20,19) (S 62,19,35) (S 93,35,34) (S 91,34,18) (S 60,18,17) (S 59,17,16) (S 57,16,1) (S 37,1,2) (S 39,2,17) (S 58,16,32) (S 88,32,33) (S 38,2,3) (S 40,3,4) (S 42,4,5) (S 43,5,6) (S 45,6,20) (S 63,20,5) (S 46,6,21) (S 67,21,37) (S 97,37,38) (D 0,1,1)
0 1 6 5300 660 28 (D 0,1,1) (S 98,38,52) (S 132,52,53) (S 135,53,54) (S 137,54,41) (S 108,41,56) (S 142,56,42) (S 110,42,43) (S 115,45,44) (S 114,45,29) (S 84,29,13) (S 53,13,14) (S 54,14,15) (S 56,15,31) (S 87,31,30) (S 86,30,29) (S 85,29,28) (S 83,28,27) (S 81,27,26) (S 77,26,10) (S 49,10,11) (S 50,11,12) (S 52,12,28) (S 80,27,11) (S 78,26,25) (S 76,25,41) (S 105,41,40) (S 104,40,39) (S 101,39,38) (D 0,1,1)
0 1 7 6733 893 39 (D 0,1,1) (S 98,38,52) (S 132,52,53) (S 135,53,54) (S 140,54,66) (S 161,66,65) (S 139,54,65) (S 138,54,55) (S 141,55,67) (S 163,67,68) (S 164,68,56) (S 142,56,42) (S 109,42,41) (S 105,41,40) (S 104,40,39) (S 99,39,22) (S 69,22,23) (S 131,52,51) (S 154,63,51) (S 156,63,62) (S 153,62,61) (S 149,61,50) (S 126,50,36) (S 95,36,35) (S 93,35,34) (S 91,34,18) (S 60,18,17) (S 59,17,16) (S 57,16,1) (S 37,1,2) (S 38,2,3) (S 40,3,4) (S 42,4,5) (S 43,5,6) (S 45,6,20) (S 64,20,19) (S 61,19,4) (S 46,6,21) (S 67,21,37) (S 97,37,38) (D 0,1,1)
0 1 8 5084 546 24 (D 0,1,1) (S 98,38,52) (S 132,52,53) (S 135,53,54) (S 137,54,41) (S 108,41,56) (S 142,56,42) (S 110,42,43) (S 115,45,44) (S 143,57,45) (S 144,57,70) (S 168,70,71) (S 169,71,58) (S 145,58,57) (S 116,45,46) (S 118,46,30) (S 86,30,29) (S 85,29,28) (S 83,28,27) (S 81,27,26) (S 78,26,25) (S 76,25,41) (S 105,41,40) (S 104,40,39) (S 101,39,38) (D 0,1,1)
0 1 9 5537 708 29 (D 0,1,1) (S 98,38,52) (S 132,52,53) (S 135,53,54) (S 136,54,40) (S 103,40,24) (S 72,24,8) (S 47,8,9) (S 48,9,10) (S 49,10,11) (S 50,11,12) (S 52,12,28) (S 83,28,27) (S 81,27,26) (S 108,41,56) (S 142,56,42) (S 110,42,43) (S 111,43,69) (S 166,69,68) (S 164,68,56) (S 112,44,28) (S 78,26,25) (S 76,25,41) (S 107,41,55) (S 141,55,67) (S 162,67,66) (S 161,66,65) (S 159,65,53) (S 133,53,39) (S 101,39,38) (D 0,1,1)
0 1 10 4306 692 26 (D 0,1,1) (S 98,38,52) (S 131,52,51) (S 154,63,51) (S 156,63,62) (S 153,62,61) (S 148,61,49) (S 124,49,35) (S 93,35,34) (S 91,34,18) (S 60,18,17) (S 59,17,16) (S 57,16,1) (S 37,1,2) (S 39,2,17) (S 58,16,32) (S 89,32,59) (S 146,59,60) (S 147,60,48) (S 92,34,48) (S 38,2,3) (S 40,3,4) (S 42,4,5) (S 43,5,6) (S 46,6,21) (S 67,21,37) (S 97,37,38) (D 0,1,1)
0 1 11 5425 584 28 (D 0,1,1) (S 98,38,52) (S 131,52,51) (S 154,63,51) (S 156,63,62) (S 152,62,50) (S 128,50,51) (S 157,63,64) (S 158,64,65) (S 159,65,53) (S 133,53,39) (S 100,39,23) (S 70,23,7) (S 47,8,9) (S 48,9,10) (S 49,10,11) (S 50,11,12) (S 52,12,28) (S 83,28,27) (S 81,27,26) (S 78,26,25) (S 76,25,41) (S 108,41,56) (S 142,56,42) (S 109,42,41) (S 137,54,41) (S 136,54,40) (S 104,40,39) (S 101,39,38) (D 0,1,1)
0 1 12 4532 510 23 (D 0,1,1) (S 98,38,52) (S 132,52,53) (S 135,53,54) (S 137,54,41) (S 108,41,56) (S 142,56,42) (S 110,42,43) (S 112,44,28) (S 83,28,27) (S 82,27,43) (S 115,45,44) (S 116,45,46) (S 119,46,47) (S 120,47,31) (S 87,31,30) (S 86,30,29) (S 85,29,28) (S 81,27,26) (S 78,26,25) (S 76,25,41) (S 105,41,40) (S 104,40,39) (S 101,39,38) (D 0,1,1)
0 1 13 3145 355 15 (D 0,1,1) (S 98,38,52) (S 131,52,51) (S 154,63,51) (S 156,63,62) (S 153,62,61) (S 149,61,50) (S 126,50,36) (S 94,36,20) (S 65,20,35) (S 93,35,34) (S 92,34,48) (S 123,48,49) (S 125,49,50) (S 127,50,37) (S 97,37,38) (D 0,1,1)
0 1 14 2907 331 16 (D 0,1,1) (S 98,38,52) (S 131,52,51) (S 154,63,51) (S 156,63,62) (S 153,62,61) (S 148,61,49) (S 125,49,50) (S 128,50,51) (S 157,63,64) (S 158,64,65) (S 139,54,65) (S 140,54,66) (S 161,66,65) (S 159,65,53) (S 133,53,39) (S 101,39,38) (D 0,1,1)
0 1 15 4602 551 24 (D 0,1,1) (S 98,38,52) (S 132,52,53) (S 135,53,54) (S 137,54,41) (S 108,41,56) (S 142,56,42) (S 110,42,43) (S 115,45,44) (S 116,45,46) (S 118,46,30) (S 86,30,29) (S 85,29,28) (S 83,28,27) (S 81,27,26) (S 78,26,25) (S 75,25,9) (S 48,9,10) (S 49,10,11) (S 50,11,12) (S 52,12,28) (S 76,25,41) (S 105,41,40) (S 104,40,39) (S 101,39,38) (D 0,1,1)
0 1 16 3775 491 23 (D 0,1,1) (S 98,38,52) (S 131,52,51) (S 154,63,51) (S 156,63,62) (S 153,62,61) (S 149,61,50) (S 126,50,36) (S 94,36,20) (S 63,20,5) (S 43,5,6) (S 44,6,7) (S 47,8,9) (S 48,9,10) (S 49,10,11) (S 50,11,12) (S 52,12,28) (S 83,28,27) (S 81,27,26) (S 78,26,25) (S 76,25,41) (S 105,41,40) (S 104,40,39) (S 101,39,38) (D 0,1,1)
0 1 17 3904 540 21 (D 0,1,1) (S 98,38,52) (S 132,52,53) (S 135,53,54) (S 139,54,65) (S 136,54,40) (S 103,40,24) (S 72,24,8) (S 47,8,9) (S 48,9,10) (S 49,10,11) (S 50,11,12) (S 52,12,28) (S 83,28,27) (S 81,27,26) (S 78,26,25) (S 75,25,9) (S 79,26,42) (S 109,42,41) (S 105,41,40) (S 104,40,39) (S 101,39,38) (D 0,1,1)
0 1 18 2268 254 13 (D 0,1,1) (S 98,38,52) (S 132,52,53) (S 133,53,39) (S 99,39,22) (S 68,22,21) (S 66,21,20) (S 64,20,19) (S 61,19,4) (S 42,4,5) (S 43,5,6) (S 46,6,21) (S 67,21,37) (S 97,37,38) (D 0,1,1)
0 1 19 2234 266 11 (D 0,1,1) (S 98,38,52) (S 131,52,51) (S 154,63,51) (S 156,63,62) (S 153,62,61) (S 150,61,60) (S 147,60,48) (S 123,48,49) (S 125,49,50) (S 127,50,37) (S 97,37,38) (D 0,1,1)
0 1 20 2725 328 17 (D 0,1,1) (S 98,38,52) (S 132,52,53) (S 135,53,54) (S 136,54,40) (S 103,40,24) (S 73,24,9) (S 48,9,10) (S 49,10,11) (S 50,11,12) (S 52,12,28) (S 83,28,27) (S 81,27,26) (S 78,26,25) (S 76,25,41) (S 105,41,40) (S 104,40,39) (S 101,39,38) (D 0,1,1)
0 1 21 4741 423 19 (D 0,1,1) (S 98,38,52) (S 132,52,53) (S 135,53,54) (S 136,54,40) (S 103,40,24) (S 74,24,39) (S 102,39,52) (S 131,52,51) (S 154,63,51) (S 156,63,62) (S 152,62,50) (S 126,50,36) (S 95,36,35) (S 93,35,34) (S 92,34,48) (S 123,48,49) (S 125,49,50) (S 127,50,37) (S 97,37,38) (D 0,1,1)
0 1 22 4751 650 30 (D 0,1,1) (S 98,38,52) (S 131,52,51) (S 154,63,51) (S 156,63,62) (S 152,62,50) (S 126,50,36) (S 95,36,35) (S 93,35,34) (S 91,34,18) (S 60,18,17) (S 59,17,16) (S 57,16,1) (S 37,1,2) (S 38,2,3) (S 40,3,4) (S 42,4,5) (S 43,5,6) (S 44,6,7) (S 47,8,9) (S 48,9,10) (S 49,10,11) (S 50,11,12) (S 52,12,28) (S 83,28,27) (S 81,27,26) (S 78,26,25) (S 76,25,41) (S 105,41,40) (S 104,40,39) (S 101,39,38) (D 0,1,1)
0 1 23 1336 143 7 (D 0,1,1) (S 98,38,52) (S 132,52,53) (S 133,53,39) (S 99,39,22) (S 69,22,23) (S 100,39,23) (S 101,39,38) (D 0,1,1)
0 1 24 2470 186 9 (D 0,1,1) (S 98,38,52) (S 132,52,53) (S 131,52,51) (S 154,63,51) (S 156,63,62) (S 152,62,50) (S 126,50,36) (S 96,36,37) (S 97,37,38) (D 0,1,1)
0 1 25 5984 616 27 (D 0,1,1) (S 98,38,52) (S 132,52,53) (S 135,53,54) (S 136,54,40) (S 103,40,24) (S 73,24,9) (S 48,9,10) (S 49,10,11) (S 50,11,12) (S 51,12,13) (S 53,13,14) (S 54,14,15) (S 56,15,31) (S 87,31,30) (S 86,30,29) (S 85,29,28) (S 83,28,27) (S 81,27,26) (S 108,41,56) (S 142,56,42) (S 110,42,43) (S 111,43,69) (S 165,69,56) (S 109,42,41) (S 105,41,40) (S 104,40,39) (S 101,39,38) (D 0,1,1)
0 1 26 1645 187 9 (D 0,1,1) (S 98,38,52) (S 131,52,51) (S 154,63,51) (S 156,63,62) (S 153,62,61) (S 148,61,49) (S 125,49,50) (S 127,50,37) (S 97,37,38) (D 0,1,1)
0 1 27 4939 474 21 (D 0,1,1) (S 98,38,52) (S 132,52,53) (S 135,53,54) (S 137,54,41) (S 108,41,56) (S 142,56,42) (S 110,42,43) (S 115,45,44) (S 143,57,45) (S 144,57,70) (S 167,70,69) (S 166,69,68) (S 164,68,56) (S 109,42,41) (S 107,41,55) (S 141,55,67) (S 162,67,66) (S 161,66,65) (S 159,65,53) (S 133,53,39) (S 101,39,38) (D 0,1,1)
0 1 28 3102 293 15 (D 0,1,1) (S 98,38,52) (S 132,52,53) (S 135,53,54) (S 138,54,55) (S 141,55,67) (S 163,67,68) (S 164,68,56) (S 142,56,42) (S 109,42,41) (S 137,54,41) (S 140,54,66) (S 161,66,65) (S 159,65,53) (S 133,53,39) (S 101,39,38) (D 0,1,1)
