210
20
383727900
383727900
0 1 1 23 8 5 (D 0,1,1) (S 12,1,7) (S 26,7,3) (S 27,3,9) (S 34,9,4) (S 9,4,1) (D 0,1,1)
0 1 2 20 7 4 (D 0,1,1) (S 12,1,7) (S 47,7,11) (S 36,11,4) (S 9,4,1) (D 0,1,1)
0 1 3 24 6 5 (D 0,1,1) (S 13,1,8) (S 38,8,5) (S 37,5,7) (S 26,7,3) (S 8,3,1) (D 0,1,1)
0 1 4 17 10 4 (D 0,1,1) (S 12,1,7) (S 47,7,11) (S 40,11,5) (S 10,5,1) (D 0,1,1)
0 1 5 28 10 5 (D 0,1,1) (S 12,1,7) (S 26,7,3) (S 29,3,11) (S 36,11,4) (S 9,4,1) (D 0,1,1)
0 1 6 35 13 7 (D 0,1,1) (S 13,1,8) (S 21,8,2) (S 18,2,4) (S 31,4,6) (S 41,6,7) (S 26,7,3) (S 8,3,1) (D 0,1,1)
0 1 7 25 8 5 (D 0,1,1) (S 13,1,8) (S 38,8,5) (S 39,5,10) (S 28,10,3) (S 8,3,1) (D 0,1,1)
0 1 8 19 5 3 (D 0,1,1) (S 15,1,10) (S 28,10,3) (S 8,3,1) (D 0,1,1)
0 1 9 25 10 4 (D 0,1,1) (S 15,1,10) (S 49,10,9) (S 34,9,4) (S 9,4,1) (D 0,1,1)
0 1 10 28 8 5 (D 0,1,1) (S 13,1,8) (S 38,8,5) (S 19,5,2) (S 18,2,4) (S 9,4,1) (D 0,1,1)
0 1 11 17 8 4 (D 0,1,1) (S 13,1,8) (S 48,8,9) (S 34,9,4) (S 9,4,1) (D 0,1,1)
0 1 12 23 8 5 (D 0,1,1) (S 13,1,8) (S 21,8,2) (S 18,2,4) (S 30,4,5) (S 10,5,1) (D 0,1,1)
0 1 13 30 8 6 (D 0,1,1) (S 13,1,8) (S 21,8,2) (S 18,2,4) (S 32,4,7) (S 26,7,3) (S 8,3,1) (D 0,1,1)
0 1 14 15 5 3 (D 0,1,1) (S 13,1,8) (S 33,8,4) (S 9,4,1) (D 0,1,1)
0 1 15 21 9 5 (D 0,1,1) (S 13,1,8) (S 21,8,2) (S 23,11,2) (S 36,11,4) (S 9,4,1) (D 0,1,1)
0 1 16 23 8 5 (D 0,1,1) (S 12,1,7) (S 26,7,3) (S 27,3,9) (S 34,9,4) (S 9,4,1) (D 0,1,1)
0 1 17 55 25 12 (D 0,1,1) (S 11,1,6) (S 41,6,7) (S 26,7,3) (S 8,3,1) (S 15,1,10) (S 28,10,3) (S 13,1,8) (S 38,8,5) (S 21,8,2) (S 23,11,2) (S 36,11,4) (S 9,4,1) (D 0,1,1)
0 1 18 32 13 6 (D 0,1,1) (S 15,1,10) (S 28,10,3) (S 8,3,1) (S 11,1,6) (S 41,6,7) (S 26,7,3) (D 0,1,1)
0 1 19 51 28 13 (D 0,1,1) (S 13,1,8) (S 38,8,5) (S 10,5,1) (S 21,8,2) (S 20,2,7) (S 26,7,3) (S 8,3,1) (S 15,1,10) (S 28,10,3) (S 43,6,9) (S 50,9,11) (S 36,11,4) (S 9,4,1) (D 0,1,1)
0 1 20 35 13 7 (D 0,1,1) (S 13,1,8) (S 21,8,2) (S 18,2,4) (S 31,4,6) (S 41,6,7) (S 26,7,3) (S 8,3,1) (D 0,1,1)
