320
9
45630373
1976698
 0 1 1 65 42  11 (D 0,1,1) (S 47,11,12) (S 62,12,11) (S 8,11,11) (S 67,16,15) (S 45,15,16) (S 11,16,16) (S 74,10,9) (S 7,9,9) (S 32,10,1) (D 0,1,1)
 0 1 2 65 39  11 (D 0,1,1) (S 44,1,8) (S 6,8,8) (S 30,8,14) (S 42,14,15) (S 60,15,9) (S 57,9,8) (S 56,8,40) (S 29,40,40) (S 48,1,40) (D 0,1,1)
 0 1 3 64 47  14 (D 0,1,1) (S 35,7,13) (S 41,18,22) (S 33,22,25) (S 37,25,24) (S 64,24,21) (S 71,21,22) (S 59,22,21) (S 14,21,21) (S 55,21,24) (S 15,23,23) (S 39,23,20) (S 68,20,17) (D 0,1,1)
 0 1 4 65 60  13 (D 0,1,1) (S 26,37,37) (S 73,37,30) (S 22,32,32) (S 28,39,39) (S 61,39,38) (S 49,38,39) (S 4,5,5) (S 70,5,4) (S 3,4,4) (S 65,4,3) (S 46,7,6) (D 0,1,1)
 0 1 5 58 29  7 (D 0,1,1) (S 18,28,28) (S 17,27,27) (S 40,27,26) (S 16,26,26) (S 50,26,33) (D 0,1,1)
 0 1 6 65 34  9 (D 0,1,1) (S 58,2,3) (S 53,37,3) (S 2,3,3) (S 10,13,13) (S 13,18,18) (S 72,18,17) (S 12,17,17) (D 0,1,1)
 0 1 7 65 30  11 (D 0,1,1) (S 54,37,38) (S 27,38,38) (S 31,38,31) (S 21,31,31) (S 63,31,30) (S 20,30,30) (S 19,29,29) (S 34,36,2) (S 51,2,1) (D 0,1,1)
 0 1 8 52 17  7 (D 0,1,1) (S 23,33,33) (S 43,33,34) (S 69,34,35) (S 24,35,35) (S 36,35,1) (D 0,1,1)
 0 1 9 60 22  9 (D 0,1,1) (S 38,35,36) (S 25,36,36) (S 1,2,2) (S 52,2,6) (S 5,6,6) (S 66,6,12) (S 9,12,12) (D 0,1,1)
