531
20
9621050700
9621050700
0 1 1 41 15 4 (D 0,1,1) (S 37,1,35) (S 93,35,36) (S 107,36,2) (S 31,1,2) (D 0,1,1)
0 1 2 41 15 4 (D 0,1,1) (S 31,1,2) (S 107,36,2) (S 93,35,36) (S 37,1,35) (D 0,1,1)
0 1 3 12 6 1 (D 0,1,1) (S 35,1,11) (D 0,1,1)
0 1 4 67 34 10 (D 0,1,1) (S 32,1,6) (S 114,7,6) (S 50,7,13) (S 128,18,13) (S 69,18,22) (S 138,22,21) (S 70,20,21) (S 133,20,17) (S 126,17,12) (S 49,6,12) (D 0,1,1)
0 1 5 21 18 2 (D 0,1,1) (S 33,1,8) (S 117,9,8) (D 0,1,1)
0 1 6 28 18 3 (D 0,1,1) (S 31,1,2) (S 107,36,2) (S 94,36,37) (D 0,1,1)
0 1 7 125 75 21 (D 0,1,1) (S 32,1,6) (S 114,7,6) (S 50,7,13) (S 128,18,13) (S 69,18,22) (S 74,22,25) (S 76,24,25) (S 75,23,24) (S 138,22,21) (S 70,20,21) (S 133,20,17) (S 127,17,13) (S 43,3,7) (S 42,3,4) (S 46,4,38) (S 95,37,38) (S 111,5,4) (S 113,39,5) (S 156,39,32) (S 39,2,3) (S 31,1,2) (D 0,1,1)
0 1 8 9 8 1 (D 0,1,1) (S 33,1,8) (D 0,1,1)
0 1 9 23 18 2 (D 0,1,1) (S 36,1,33) (S 78,26,33) (D 0,1,1)
0 1 10 15 10 2 (D 0,1,1) (S 31,1,2) (S 107,36,2) (D 0,1,1)
0 1 11 130 72 14 (D 0,1,1) (S 31,1,2) (S 107,36,2) (S 84,29,36) (S 149,30,29) (S 85,30,31) (S 89,31,38) (S 44,3,37) (S 86,30,37) (S 93,35,36) (S 92,34,35) (S 80,27,28) (S 143,27,26) (S 78,26,33) (S 36,1,33) (D 0,1,1)
0 1 12 33 15 4 (D 0,1,1) (S 35,1,11) (S 123,12,11) (S 49,6,12) (S 32,1,6) (D 0,1,1)
0 1 13 71 32 8 (D 0,1,1) (S 33,1,8) (S 52,8,14) (S 130,15,14) (S 55,9,15) (S 54,9,10) (S 65,15,16) (S 124,16,11) (S 35,1,11) (D 0,1,1)
0 1 14 12 16 1 (D 0,1,1) (S 34,1,10) (D 0,1,1)
0 1 15 12 8 1 (D 0,1,1) (S 37,1,35) (D 0,1,1)
0 1 16 57 29 6 (D 0,1,1) (S 37,1,35) (S 92,34,35) (S 81,27,34) (S 80,27,28) (S 157,34,33) (S 36,1,33) (D 0,1,1)
0 1 17 12 6 1 (D 0,1,1) (S 35,1,11) (D 0,1,1)
0 1 18 89 61 13 (D 0,1,1) (S 126,17,12) (S 127,17,13) (S 128,18,13) (S 134,19,18) (S 50,7,13) (S 43,3,7) (S 42,3,4) (S 111,5,4) (S 113,39,5) (S 156,39,32) (S 153,32,31) (S 39,2,3) (S 31,1,2) (D 0,1,1)
0 1 19 91 46 12 (D 0,1,1) (S 33,1,8) (S 119,40,8) (S 38,1,40) (S 31,1,2) (S 40,2,6) (S 49,6,12) (S 114,7,6) (S 50,7,13) (S 128,18,13) (S 134,19,18) (S 129,19,13) (S 32,1,6) (D 0,1,1)
0 1 20 59 29 6 (D 0,1,1) (S 36,1,33) (S 157,34,33) (S 81,27,34) (S 80,27,28) (S 143,27,26) (S 78,26,33) (D 0,1,1)
