146
6
19194807
76671
 0 1 1 27 23  7 (D 0,1,1) (S 16,1,10) (S 8,10,3) (S 29,3,5) (S 24,2,6) (S 3,6,6) (D 0,1,1)
 0 1 2 26 17  7 (D 0,1,1) (S 15,1,7) (S 26,7,10) (S 10,10,6) (S 22,6,11) (S 7,11,11) (D 0,1,1)
 0 1 3 25 28  7 (D 0,1,1) (S 23,1,8) (S 5,8,8) (S 13,2,4) (S 17,4,8) (S 14,4,7) (D 0,1,1)
 0 1 4 27 9  5 (D 0,1,1) (S 1,2,2) (S 25,2,3) (S 19,3,11) (D 0,1,1)
 0 1 5 25 39  9 (D 0,1,1) (S 21,1,6) (S 9,6,3) (S 2,3,3) (S 28,2,5) (S 27,2,9) (S 6,9,9) (S 11,9,7) (D 0,1,1)
 0 1 6 24 30  8 (D 0,1,1) (S 31,1,5) (S 18,5,7) (S 4,7,7) (S 20,7,8) (S 30,4,9) (S 12,9,1) (D 0,1,1)
