7247
20
2536414800
2536414800
0 1 1 366 156 1 (D 0,1,1) (S 72,4,11) (D 0,1,1)
0 1 2 372 72 1 (D 0,1,1) (S 74,16,1) (D 0,1,1)
0 1 3 585 380 3 (D 0,1,1) (S 67,18,19) (S 75,21,20) (S 68,28,38) (D 0,1,1)
0 1 4 372 102 1 (D 0,1,1) (S 74,16,1) (D 0,1,1)
0 1 5 372 200 1 (D 0,1,1) (S 74,16,1) (D 0,1,1)
0 1 6 0 120 0 (D 0,1,1) (D 0,1,1)
0 1 7 372 158 1 (D 0,1,1) (S 74,16,1) (D 0,1,1)
0 1 8 0 84 0 (D 0,1,1) (D 0,1,1)
0 1 9 366 156 1 (D 0,1,1) (S 72,4,11) (D 0,1,1)
0 1 10 349 278 2 (D 0,1,1) (S 67,18,19) (S 75,21,20) (D 0,1,1)
0 1 11 2056 866 8 (D 0,1,1) (S 67,18,19) (S 75,21,20) (S 68,28,38) (S 77,39,40) (S 78,51,50) (S 79,59,50) (S 76,35,48) (S 74,16,1) (D 0,1,1)
0 1 12 738 722 3 (D 0,1,1) (S 76,35,48) (S 78,51,50) (S 82,65,66) (D 0,1,1)
0 1 13 1570 645 6 (D 0,1,1) (S 76,35,48) (S 79,59,50) (S 78,51,50) (S 82,65,66) (S 71,55,56) (S 74,16,1) (D 0,1,1)
0 1 14 585 566 3 (D 0,1,1) (S 75,21,20) (S 68,28,38) (S 67,18,19) (D 0,1,1)
0 1 15 543 357 2 (D 0,1,1) (S 74,16,1) (S 80,62,54) (D 0,1,1)
0 1 16 946 419 3 (D 0,1,1) (S 76,35,48) (S 70,49,64) (S 69,47,48) (D 0,1,1)
0 1 17 620 314 2 (D 0,1,1) (S 73,11,5) (S 67,18,19) (D 0,1,1)
0 1 18 1029 517 5 (D 0,1,1) (S 67,18,19) (S 75,21,20) (S 68,28,38) (S 77,39,40) (S 76,35,48) (D 0,1,1)
0 1 19 1388 550 6 (D 0,1,1) (S 74,16,1) (S 80,62,54) (S 71,55,56) (S 69,47,48) (S 75,21,20) (S 67,18,19) (D 0,1,1)
0 1 20 1149 585 5 (D 0,1,1) (S 67,18,19) (S 75,21,20) (S 77,39,40) (S 68,28,38) (S 66,5,12) (D 0,1,1)
