496
9
58000590
18487483
 0 1 1 65 81  9 (D 0,1,1) (S 59,7,4) (S 58,6,11) (S 23,24,28) (S 18,28,28) (S 24,28,27) (S 26,27,24) (S 13,20,20) (D 0,1,1)
 0 1 2 64 44  10 (D 0,1,1) (S 3,5,5) (S 29,5,8) (S 44,8,14) (S 9,14,14) (S 35,14,15) (S 32,15,10) (S 51,10,9) (S 65,9,2) (D 0,1,1)
 0 1 3 63 46  8 (D 0,1,1) (S 64,9,15) (S 10,15,15) (S 30,15,19) (S 12,18,18) (S 31,18,17) (S 41,17,13) (D 0,1,1)
 0 1 4 64 30  7 (D 0,1,1) (S 5,8,8) (S 25,8,7) (S 4,7,7) (S 43,6,7) (S 2,4,4) (D 0,1,1)
 0 1 5 65 77  13 (D 0,1,1) (S 45,14,17) (S 48,22,21) (S 14,21,21) (S 61,21,29) (S 63,30,25) (S 16,25,25) (S 20,30,30) (S 38,30,29) (S 37,29,22) (S 34,22,17) (S 39,17,14) (D 0,1,1)
 0 1 6 65 70  9 (D 0,1,1) (S 33,22,25) (S 49,25,29) (S 19,29,29) (S 21,30,26) (S 17,26,26) (S 57,26,18) (S 28,19,10) (D 0,1,1)
 0 1 7 65 47  9 (D 0,1,1) (S 36,8,13) (S 52,13,16) (S 11,16,16) (S 60,16,11) (S 56,11,12) (S 8,12,12) (S 46,13,8) (D 0,1,1)
 0 1 8 63 76  9 (D 0,1,1) (S 42,7,12) (S 62,12,11) (S 7,11,11) (S 40,11,16) (S 53,22,29) (S 15,23,23) (S 54,18,15) (D 0,1,1)
 0 1 9 52 25  9 (D 0,1,1) (S 47,2,9) (S 6,9,9) (S 55,9,10) (S 27,10,3) (S 50,3,2) (S 1,2,2) (S 22,2,1) (D 0,1,1)
