144
6
13258778
8385
 0 1 1 32 50  10 (D 0,1,1) (S 25,1,6) (S 18,6,8) (S 10,8,9) (S 8,9,5) (S 22,5,8) (S 16,2,9) (S 27,3,8) (S 19,2,6) (D 0,1,1)
 0 1 2 29 18  7 (D 0,1,1) (S 29,1,8) (S 7,8,4) (S 1,2,2) (S 12,2,5) (S 21,5,7) (D 0,1,1)
 0 1 3 11 13  5 (D 0,1,1) (S 30,1,4) (S 3,4,4) (S 23,4,6) (D 0,1,1)
 0 1 4 31 29  7 (D 0,1,1) (S 24,1,5) (S 20,5,6) (S 9,6,3) (S 2,3,3) (S 11,3,2) (D 0,1,1)
 0 1 5 34 18  7 (D 0,1,1) (S 26,1,3) (S 15,3,4) (S 14,4,9) (S 6,9,9) (S 4,6,6) (D 0,1,1)
 0 1 6 16 16  6 (D 0,1,1) (S 28,1,7) (S 5,7,7) (S 13,7,8) (S 17,6,7) (D 0,1,1)
