12326
29
1012417800
1012417800
0 1 1 1308 148 2 (D 0,1,1) (S 42,22,23) (S 26,13,23) (D 0,1,1)
0 1 2 6921 527 17 (D 0,1,1) (S 40,21,22) (S 37,20,21) (S 38,20,28) (S 51,27,28) (S 49,26,27) (S 47,25,26) (S 48,25,33) (S 65,33,42) (S 80,42,43) (S 83,43,46) (S 86,46,47) (S 87,47,48) (S 88,48,49) (S 89,49,50) (S 76,39,50) (S 59,30,39) (S 43,22,30) (D 0,1,1)
0 1 3 6575 818 19 (D 0,1,1) (S 40,21,22) (S 20,10,16) (S 6,3,10) (S 5,3,4) (S 16,9,10) (S 17,9,19) (S 33,18,19) (S 34,18,25) (S 48,25,33) (S 64,33,34) (S 66,34,35) (S 68,35,36) (S 70,36,37) (S 56,29,37) (S 57,29,38) (S 73,38,39) (S 59,30,39) (S 58,30,31) (S 43,22,30) (D 0,1,1)
0 1 4 7590 845 21 (D 0,1,1) (S 40,21,22) (S 31,16,21) (S 20,10,16) (S 6,3,10) (S 3,2,3) (S 4,2,9) (S 14,8,9) (S 17,9,19) (S 36,19,26) (S 68,35,36) (S 69,35,44) (S 84,44,47) (S 87,47,48) (S 88,48,49) (S 89,49,50) (S 90,50,51) (S 91,51,52) (S 78,40,51) (S 75,39,40) (S 59,30,39) (S 43,22,30) (D 0,1,1)
0 1 5 3807 406 11 (D 0,1,1) (S 40,21,22) (S 31,16,21) (S 20,10,16) (S 16,9,10) (S 19,10,15) (S 29,15,20) (S 38,20,28) (S 51,27,28) (S 53,28,29) (S 55,29,30) (S 43,22,30) (D 0,1,1)
0 1 6 3604 444 10 (D 0,1,1) (S 43,22,30) (S 55,29,30) (S 56,29,37) (S 70,36,37) (S 68,35,36) (S 66,34,35) (S 69,35,44) (S 84,44,47) (S 87,47,48) (S 72,37,48) (D 0,1,1)
0 1 7 2641 293 7 (D 0,1,1) (S 42,22,23) (S 44,23,24) (S 46,24,32) (S 63,32,41) (S 60,31,32) (S 58,30,31) (S 43,22,30) (D 0,1,1)
0 1 8 4349 453 11 (D 0,1,1) (S 43,22,30) (S 55,29,30) (S 56,29,37) (S 70,36,37) (S 68,35,36) (S 66,34,35) (S 64,33,34) (S 65,33,42) (S 80,42,43) (S 82,43,44) (S 69,35,44) (D 0,1,1)
0 1 9 3850 453 10 (D 0,1,1) (S 24,12,22) (S 10,5,12) (S 25,13,14) (S 27,14,24) (S 46,24,32) (S 63,32,41) (S 77,40,41) (S 61,31,40) (S 58,30,31) (S 43,22,30) (D 0,1,1)
0 1 10 5232 429 11 (D 0,1,1) (S 40,21,22) (S 37,20,21) (S 35,19,20) (S 33,18,19) (S 36,19,26) (S 49,26,27) (S 52,27,36) (S 70,36,37) (S 56,29,37) (S 55,29,30) (S 43,22,30) (D 0,1,1)
0 1 11 3515 431 8 (D 0,1,1) (S 43,22,30) (S 59,30,39) (S 75,39,40) (S 78,40,51) (S 90,50,51) (S 89,49,50) (S 61,31,40) (S 58,30,31) (D 0,1,1)
0 1 12 4858 452 11 (D 0,1,1) (S 24,12,22) (S 10,5,12) (S 7,4,5) (S 9,5,6) (S 11,6,7) (S 13,7,14) (S 25,13,14) (S 26,13,23) (S 45,23,31) (S 58,30,31) (S 43,22,30) (D 0,1,1)
0 1 13 2199 268 6 (D 0,1,1) (S 40,21,22) (S 31,16,21) (S 20,10,16) (S 6,3,10) (S 30,16,17) (S 32,17,21) (D 0,1,1)
0 1 14 6043 561 16 (D 0,1,1) (S 40,21,22) (S 31,16,21) (S 20,10,16) (S 6,3,10) (S 3,2,3) (S 4,2,9) (S 14,8,9) (S 15,8,18) (S 33,18,19) (S 36,19,26) (S 49,26,27) (S 52,27,36) (S 70,36,37) (S 56,29,37) (S 55,29,30) (S 43,22,30) (D 0,1,1)
0 1 15 3519 303 9 (D 0,1,1) (S 24,12,22) (S 10,5,12) (S 7,4,5) (S 8,4,11) (S 18,10,11) (S 19,10,15) (S 28,15,16) (S 31,16,21) (S 40,21,22) (D 0,1,1)
0 1 16 4641 297 9 (D 0,1,1) (S 40,21,22) (S 32,17,21) (S 22,11,17) (S 21,11,12) (S 10,5,12) (S 9,5,6) (S 12,6,13) (S 26,13,23) (S 42,22,23) (D 0,1,1)
0 1 17 7018 604 18 (D 0,1,1) (S 40,21,22) (S 31,16,21) (S 20,10,16) (S 6,3,10) (S 3,2,3) (S 1,1,2) (S 2,1,8) (S 15,8,18) (S 34,18,25) (S 48,25,33) (S 64,33,34) (S 66,34,35) (S 69,35,44) (S 68,35,36) (S 70,36,37) (S 56,29,37) (S 55,29,30) (S 43,22,30) (D 0,1,1)
0 1 18 3540 484 9 (D 0,1,1) (S 43,22,30) (S 55,29,30) (S 56,29,37) (S 70,36,37) (S 68,35,36) (S 66,34,35) (S 67,34,43) (S 80,42,43) (S 81,42,45) (D 0,1,1)
0 1 19 2638 302 5 (D 0,1,1) (S 40,21,22) (S 32,17,21) (S 22,11,17) (S 37,20,21) (S 38,20,28) (D 0,1,1)
0 1 20 2951 371 7 (D 0,1,1) (S 43,22,30) (S 59,30,39) (S 75,39,40) (S 78,40,51) (S 91,51,52) (S 79,41,52) (S 58,30,31) (D 0,1,1)
0 1 21 2159 283 5 (D 0,1,1) (S 24,12,22) (S 37,20,21) (S 39,20,29) (S 55,29,30) (S 43,22,30) (D 0,1,1)
0 1 22 5710 588 14 (D 0,1,1) (S 40,21,22) (S 31,16,21) (S 20,10,16) (S 6,3,10) (S 3,2,3) (S 1,1,2) (S 17,9,19) (S 33,18,19) (S 34,18,25) (S 47,25,26) (S 49,26,27) (S 51,27,28) (S 38,20,28) (S 37,20,21) (D 0,1,1)
0 1 23 5852 452 12 (D 0,1,1) (S 40,21,22) (S 37,20,21) (S 38,20,28) (S 51,27,28) (S 49,26,27) (S 54,28,37) (S 71,37,38) (S 74,38,49) (S 89,49,50) (S 76,39,50) (S 59,30,39) (S 43,22,30) (D 0,1,1)
0 1 24 5243 505 12 (D 0,1,1) (S 43,22,30) (S 55,29,30) (S 56,29,37) (S 70,36,37) (S 68,35,36) (S 66,34,35) (S 67,34,43) (S 80,42,43) (S 81,42,45) (S 85,45,46) (S 83,43,46) (S 50,26,35) (D 0,1,1)
0 1 25 2410 348 6 (D 0,1,1) (S 40,21,22) (S 43,22,30) (S 58,30,31) (S 60,31,32) (S 62,32,40) (S 61,31,40) (D 0,1,1)
0 1 26 3778 304 7 (D 0,1,1) (S 24,12,22) (S 10,5,12) (S 9,5,6) (S 12,6,13) (S 25,13,14) (S 26,13,23) (S 42,22,23) (D 0,1,1)
0 1 27 2203 302 4 (D 0,1,1) (S 40,21,22) (S 37,20,21) (S 43,22,30) (S 59,30,39) (D 0,1,1)
0 1 28 2328 298 4 (D 0,1,1) (S 43,22,30) (S 59,30,39) (S 73,38,39) (S 42,22,23) (D 0,1,1)
0 1 29 3539 357 7 (D 0,1,1) (S 40,21,22) (S 37,20,21) (S 35,19,20) (S 54,28,37) (S 56,29,37) (S 55,29,30) (S 43,22,30) (D 0,1,1)
