7749
20
3144071700
3144071700
0 1 1 683 226 2 (D 0,1,1) (S 42,16,17) (S 23,17,18) (D 0,1,1)
0 1 2 391 154 1 (D 0,1,1) (S 21,10,16) (D 0,1,1)
0 1 3 1261 300 3 (D 0,1,1) (S 21,10,16) (S 20,4,10) (S 18,3,4) (D 0,1,1)
0 1 4 372 146 1 (D 0,1,1) (S 44,21,20) (D 0,1,1)
0 1 5 377 155 1 (D 0,1,1) (S 45,22,16) (D 0,1,1)
0 1 6 363 152 1 (D 0,1,1) (S 41,14,13) (D 0,1,1)
0 1 7 1370 227 4 (D 0,1,1) (S 41,14,13) (S 40,13,19) (S 43,19,20) (S 44,21,20) (D 0,1,1)
0 1 8 405 288 2 (D 0,1,1) (S 26,21,27) (S 61,39,33) (D 0,1,1)
0 1 9 0 74 0 (D 0,1,1) (D 0,1,1)
0 1 10 578 299 2 (D 0,1,1) (S 33,1,7) (S 41,14,13) (D 0,1,1)
0 1 11 398 284 3 (D 0,1,1) (S 26,21,27) (S 50,27,26) (S 53,32,26) (D 0,1,1)
0 1 12 3043 1107 16 (D 0,1,1) (S 34,5,6) (S 22,11,12) (S 23,17,18) (S 24,18,24) (S 49,24,30) (S 27,23,29) (S 51,28,34) (S 57,35,41) (S 32,40,41) (S 31,39,40) (S 62,39,38) (S 59,38,37) (S 52,31,25) (S 53,32,26) (S 29,32,33) (S 26,21,27) (D 0,1,1)
0 1 13 1610 509 7 (D 0,1,1) (S 47,22,28) (S 51,28,34) (S 57,35,41) (S 63,41,42) (S 58,36,30) (S 49,24,30) (S 48,23,22) (D 0,1,1)
0 1 14 1484 740 7 (D 0,1,1) (S 42,16,17) (S 21,10,16) (S 36,10,9) (S 41,14,13) (S 48,23,22) (S 26,21,27) (S 50,27,26) (D 0,1,1)
0 1 15 1021 438 6 (D 0,1,1) (S 26,21,27) (S 50,27,26) (S 53,32,26) (S 62,39,38) (S 31,39,40) (S 55,34,33) (D 0,1,1)
0 1 16 2131 816 8 (D 0,1,1) (S 44,21,20) (S 43,19,20) (S 33,1,7) (S 36,10,9) (S 20,4,10) (S 38,11,5) (S 34,5,6) (S 21,10,16) (D 0,1,1)
0 1 17 1541 445 6 (D 0,1,1) (S 21,10,16) (S 20,4,10) (S 22,11,12) (S 39,12,18) (S 24,18,24) (S 48,23,22) (D 0,1,1)
0 1 18 1210 523 4 (D 0,1,1) (S 33,1,7) (S 17,1,2) (S 19,3,9) (S 47,22,28) (D 0,1,1)
0 1 19 1655 438 4 (D 0,1,1) (S 21,10,16) (S 20,4,10) (S 18,3,4) (S 38,11,5) (D 0,1,1)
0 1 20 1038 428 4 (D 0,1,1) (S 26,21,27) (S 50,27,26) (S 25,19,25) (S 52,31,25) (D 0,1,1)
