41059
16
310358834
305064330
 0 1 1 3900 598  24 (D 0,350,350) (S 572,350,112) (S 406,47,422) (S 21,21,21) (S 146,146,146) (S 683,146,184) (S 184,184,184) (S 819,184,529) (S 494,529,528) (S 668,694,138) (S 138,138,138) (S 578,619,142) (S 142,142,142) (S 815,142,834) (S 816,835,836) (S 817,836,837) (S 818,837,838) (S 344,344,344) (S 444,344,467) (S 282,282,282) (S 827,844,845) (S 284,284,284) (S 520,404,112) (D 0,350,350)
 0 1 2 3999 1808  16 (D 0,350,350) (S 1,1,1) (S 497,533,534) (S 300,300,300) (S 498,535,308) (S 308,308,308) (S 500,535,537) (S 499,537,536) (S 103,103,103) (S 22,22,22) (S 378,22,388) (S 605,22,645) (S 141,141,141) (S 631,349,663) (S 630,662,661) (D 0,350,350)
 0 1 3 4000 4792  98 (D 0,350,350) (S 757,794,574) (S 762,456,455) (S 764,799,90) (S 90,90,90) (S 2,2,2) (S 457,480,479) (S 382,26,27) (S 27,27,27) (S 28,28,28) (S 26,26,26) (S 543,26,123) (S 123,123,123) (S 542,123,489) (S 64,64,64) (S 432,64,65) (S 65,65,65) (S 224,224,224) (S 63,63,63) (S 541,587,489) (S 466,489,481) (S 458,481,482) (S 304,304,304) (S 540,586,585) (S 709,740,129) (S 129,129,129) (S 320,320,320) (S 189,189,189) (S 164,164,164) (S 163,163,163) (S 295,295,295) (S 702,732,733) (S 77,77,77) (S 570,79,613) (S 453,79,474) (S 79,79,79) (S 78,78,78) (S 600,77,639) (S 765,639,59) (S 59,59,59) (S 401,417,418) (S 402,418,419) (S 403,419,420) (S 44,44,44) (S 550,421,446) (S 551,446,46) (S 405,46,421) (S 404,421,44) (S 45,45,45) (S 268,268,268) (S 191,191,191) (S 128,128,128) (S 552,128,594) (S 46,46,46) (S 426,446,445) (S 425,444,443) (S 424,443,417) (S 400,417,416) (S 637,416,667) (S 635,524,666) (S 701,731,411) (S 397,411,412) (S 40,40,40) (S 492,525,524) (S 636,524,667) (S 136,136,136) (S 566,136,41) (S 41,41,41) (S 567,41,608) (S 712,609,743) (S 568,609,610) (S 137,137,137) (S 760,796,797) (S 493,527,526) (S 101,101,101) (S 330,330,330) (S 238,238,238) (S 237,237,237) (S 236,236,236) (S 239,239,239) (S 194,194,194) (S 193,193,193) (S 192,192,192) (S 160,160,160) (S 162,162,162) (S 161,161,161) (S 759,160,267) (S 267,267,267) (S 266,266,266) (S 756,266,793) (S 755,793,792) (S 729,763,762) (S 261,261,261) (S 730,261,763) (S 195,195,195) (S 147,147,147) (S 155,155,155) (D 0,350,350)
 0 1 4 3911 2675  96 (D 0,350,350) (S 598,637,636) (S 597,636,635) (S 522,561,116) (S 116,116,116) (S 623,116,131) (S 131,131,131) (S 553,131,595) (S 305,305,305) (S 596,595,561) (S 523,561,562) (S 645,674,675) (S 646,675,385) (S 376,386,18) (S 80,80,80) (S 506,80,544) (S 14,14,14) (S 734,15,768) (S 15,15,15) (S 374,14,386) (S 373,386,385) (S 333,333,333) (S 372,384,383) (S 371,383,382) (S 496,531,532) (S 805,828,382) (S 806,382,18) (S 18,18,18) (S 227,227,227) (S 459,88,483) (S 169,169,169) (S 648,169,483) (S 647,483,676) (S 666,692,676) (S 667,676,693) (S 88,88,88) (S 60,60,60) (S 61,61,61) (S 264,264,264) (S 430,451,60) (S 429,60,450) (S 263,263,263) (S 428,449,448) (S 807,448,521) (S 215,215,215) (S 213,213,213) (S 699,214,728) (S 214,214,214) (S 808,829,541) (S 503,104,541) (S 488,521,449) (S 487,449,520) (S 486,519,298) (S 298,298,298) (S 375,387,16) (S 16,16,16) (S 17,17,17) (S 439,17,461) (S 440,461,69) (S 69,69,69) (S 441,69,462) (S 105,105,105) (S 508,105,546) (S 510,547,548) (S 509,547,546) (S 319,319,319) (S 507,545,105) (S 399,415,414) (S 398,414,413) (S 452,413,76) (S 76,76,76) (S 517,76,557) (S 516,557,556) (S 106,106,106) (S 301,301,301) (S 784,811,683) (S 656,683,684) (S 657,684,655) (S 622,655,7) (S 7,7,7) (S 621,7,34) (S 34,34,34) (S 390,34,402) (S 366,375,374) (S 365,374,373) (S 13,13,13) (S 653,680,679) (S 652,678,679) (S 786,812,813) (S 274,274,274) (S 803,826,562) (S 6,6,6) (S 357,6,360) (S 358,361,3) (S 3,3,3) (D 0,350,350)
 0 1 5 3515 1066  16 (D 0,350,350) (S 288,288,288) (S 35,35,35) (S 579,621,620) (S 830,620,850) (S 345,345,345) (S 283,283,283) (S 828,846,847) (S 328,328,328) (S 829,848,849) (S 660,687,688) (S 310,310,310) (S 158,158,158) (S 625,657,157) (S 157,157,157) (D 0,350,350)
 0 1 6 3999 5543  114 (D 0,350,350) (S 349,350,351) (S 332,332,332) (S 156,156,156) (S 547,591,592) (S 442,464,463) (S 789,463,190) (S 190,190,190) (S 790,190,234) (S 235,235,235) (S 234,234,234) (S 484,515,516) (S 175,175,175) (S 664,691,690) (S 791,690,817) (S 530,571,572) (S 792,571,216) (S 216,216,216) (S 793,216,9) (S 9,9,9) (S 272,272,272) (S 144,144,144) (S 714,252,744) (S 252,252,252) (S 251,251,251) (S 117,117,117) (S 580,143,622) (S 143,143,143) (S 797,823,187) (S 335,335,335) (S 334,334,334) (S 690,718,716) (S 689,716,717) (S 692,717,719) (S 724,719,754) (S 691,719,260) (S 260,260,260) (S 188,188,188) (S 187,187,187) (S 217,217,217) (S 324,324,324) (S 218,218,218) (S 232,232,232) (S 273,273,273) (S 204,204,204) (S 241,241,241) (S 206,206,206) (S 242,242,242) (S 209,209,209) (S 210,210,210) (S 211,211,211) (S 212,212,212) (S 245,245,245) (S 244,244,244) (S 208,208,208) (S 207,207,207) (S 243,243,243) (S 205,205,205) (S 202,202,202) (S 176,176,176) (S 177,177,177) (S 203,203,203) (S 706,737,736) (S 181,181,181) (S 178,178,178) (S 179,179,179) (S 538,584,583) (S 323,323,323) (S 801,825,102) (S 102,102,102) (S 569,611,612) (S 800,102,824) (S 799,824,223) (S 223,223,223) (S 62,62,62) (S 431,453,452) (S 798,452,729) (S 700,729,730) (S 711,249,742) (S 250,250,250) (S 249,249,249) (S 248,248,248) (S 331,331,331) (S 219,219,219) (S 257,257,257) (S 262,262,262) (S 735,769,770) (S 796,770,822) (S 526,117,566) (S 795,821,820) (S 256,256,256) (S 258,258,258) (S 794,819,818) (S 641,670,167) (S 167,167,167) (S 642,167,671) (S 287,287,287) (S 694,720,721) (S 316,316,316) (S 359,362,363) (S 183,183,183) (S 681,183,708) (S 560,134,603) (S 564,603,602) (S 559,602,133) (S 133,133,133) (S 150,150,150) (S 607,150,149) (S 149,149,149) (S 606,646,601) (S 593,562,560) (S 521,560,361) (S 113,113,113) (D 0,350,350)
 0 1 7 3972 3730  72 (D 0,350,350) (S 744,559,514) (S 351,354,355) (S 423,441,442) (S 469,491,492) (S 675,701,702) (S 93,93,93) (S 231,231,231) (S 379,389,390) (S 380,390,23) (S 23,23,23) (S 663,390,504) (S 676,504,703) (S 718,703,254) (S 254,254,254) (S 317,317,317) (S 719,317,255) (S 255,255,255) (S 677,255,704) (S 478,505,24) (S 24,24,24) (S 477,24,504) (S 314,314,314) (S 639,314,551) (S 513,551,552) (S 640,551,166) (S 166,166,166) (S 230,230,230) (S 114,114,114) (S 240,240,240) (S 115,115,115) (S 743,779,778) (S 742,777,247) (S 247,247,247) (S 246,246,246) (S 697,725,724) (S 741,724,710) (S 684,710,711) (S 479,506,507) (S 70,70,70) (S 98,98,98) (S 708,725,429) (S 410,429,428) (S 49,49,49) (S 665,49,511) (S 482,511,512) (S 233,233,233) (S 481,511,510) (S 480,509,508) (S 409,427,48) (S 48,48,48) (S 525,565,564) (S 524,564,563) (S 473,498,499) (S 775,498,563) (S 776,563,807) (S 489,523,522) (S 629,522,660) (S 299,299,299) (S 119,119,119) (S 577,340,468) (S 491,470,434) (S 415,434,53) (S 53,53,53) (S 416,53,435) (S 490,435,470) (S 446,470,469) (S 787,685,814) (S 341,341,341) (S 802,636,394) (S 571,614,615) (D 0,350,350)
 0 1 8 3999 1806  53 (D 0,350,350) (S 822,86,841) (S 823,343,842) (S 824,842,697) (S 533,577,578) (S 515,555,108) (S 108,108,108) (S 693,108,168) (S 168,168,168) (S 643,672,673) (S 670,697,673) (S 644,673,578) (S 534,579,391) (S 381,391,25) (S 31,31,31) (S 685,712,713) (S 686,713,10) (S 10,10,10) (S 11,11,11) (S 448,11,472) (S 447,11,471) (S 132,132,132) (S 745,132,780) (S 462,485,486) (S 746,485,781) (S 747,781,782) (S 96,96,96) (S 97,97,97) (S 408,425,426) (S 476,425,503) (S 628,597,659) (S 811,659,832) (S 396,174,410) (S 471,494,495) (S 470,493,94) (S 122,122,122) (S 809,122,830) (S 342,342,342) (S 275,275,275) (S 812,471,549) (S 511,549,289) (S 512,289,550) (S 289,289,289) (S 687,397,714) (S 386,397,31) (S 532,576,575) (S 813,575,833) (S 281,281,281) (S 814,833,279) (S 279,279,279) (S 669,696,695) (S 820,839,529) (D 0,350,350)
 0 1 9 3979 3265  62 (D 0,350,350) (S 75,75,75) (S 42,42,42) (S 768,200,661) (S 769,661,801) (S 770,1,348) (S 348,348,349) (S 632,349,490) (S 54,54,54) (S 55,55,55) (S 417,55,436) (S 56,56,56) (S 418,56,437) (S 468,437,431) (S 413,431,50) (S 50,50,50) (S 427,447,312) (S 312,312,312) (S 180,180,180) (S 716,180,746) (S 671,180,698) (S 672,698,699) (S 52,52,52) (S 414,432,433) (S 51,51,51) (S 419,51,437) (S 91,91,91) (S 467,54,490) (S 309,309,309) (S 633,309,159) (S 159,159,159) (S 634,664,665) (S 329,329,329) (S 831,851,852) (S 270,270,270) (S 833,855,286) (S 286,286,286) (S 285,285,285) (S 832,853,854) (S 773,803,804) (S 118,118,118) (S 529,568,570) (S 303,303,303) (S 528,568,569) (S 527,567,118) (S 269,269,269) (S 772,802,322) (S 322,322,322) (S 201,201,201) (S 576,141,618) (S 140,140,140) (S 713,618,359) (S 356,359,358) (S 355,358,357) (S 354,357,200) (S 200,200,200) (S 82,82,82) (S 456,477,478) (S 783,423,811) (S 171,171,171) (S 785,375,812) (D 0,350,350)
 0 1 10 2865 344  15 (D 0,350,350) (S 391,403,404) (S 392,404,405) (S 393,405,406) (S 302,302,302) (S 394,407,408) (S 589,408,145) (S 145,145,145) (S 588,145,628) (S 736,628,627) (S 29,29,29) (S 383,29,392) (S 384,393,394) (S 112,112,112) (D 0,350,350)
 0 1 11 3981 1902  18 (D 0,350,350) (S 485,517,518) (S 174,174,174) (S 556,598,599) (S 710,598,741) (S 555,598,597) (S 627,658,597) (S 94,94,94) (S 707,738,739) (S 539,122,114) (S 92,92,92) (S 265,265,265) (S 336,336,336) (S 738,773,290) (S 290,290,290) (S 592,290,632) (S 228,228,228) (D 0,350,350)
 0 1 12 3971 1579  44 (D 0,350,350) (S 291,291,291) (S 292,292,292) (S 495,529,530) (S 519,559,558) (S 661,558,173) (S 139,139,139) (S 573,138,139) (S 173,173,173) (S 821,173,840) (S 483,513,514) (S 590,629,630) (S 591,631,632) (S 704,632,229) (S 229,229,229) (S 703,734,369) (S 12,12,12) (S 363,369,370) (S 325,325,325) (S 364,371,372) (S 557,372,600) (S 679,600,107) (S 107,107,107) (S 315,315,315) (S 412,315,33) (S 33,33,33) (S 387,33,398) (S 388,398,399) (S 680,707,600) (S 32,32,32) (S 385,395,396) (S 30,30,30) (S 445,468,469) (S 340,340,340) (S 777,340,469) (S 778,469,4) (S 659,686,172) (S 781,74,809) (S 782,810,423) (S 407,423,424) (S 620,654,34) (S 654,681,126) (S 586,627,130) (D 0,350,350)
 0 1 13 4000 3910  87 (D 0,350,350) (S 47,47,47) (S 682,709,184) (S 280,280,280) (S 86,86,86) (S 343,343,343) (S 825,697,577) (S 25,25,25) (S 826,843,278) (S 278,278,278) (S 185,185,185) (S 318,318,318) (S 748,783,626) (S 585,626,625) (S 154,154,154) (S 186,186,186) (S 601,640,641) (S 602,641,642) (S 454,475,81) (S 81,81,81) (S 455,81,476) (S 758,795,574) (S 531,574,573) (S 337,337,337) (S 749,573,147) (S 595,147,634) (S 338,338,338) (S 226,226,226) (S 750,784,785) (S 761,785,277) (S 277,277,277) (S 339,339,339) (S 95,95,95) (S 198,198,198) (S 434,456,457) (S 66,66,66) (S 435,66,458) (S 436,458,459) (S 225,225,225) (S 67,67,67) (S 437,67,68) (S 68,68,68) (S 472,497,496) (S 565,606,607) (S 311,311,311) (S 753,788,789) (S 197,197,197) (S 71,71,71) (S 449,473,72) (S 72,72,72) (S 450,72,454) (S 433,454,455) (S 763,455,798) (S 84,84,84) (S 720,748,749) (S 259,259,259) (S 721,749,750) (S 723,752,753) (S 722,752,751) (S 85,85,85) (S 740,776,775) (S 220,220,220) (S 739,220,774) (S 727,759,757) (S 726,757,758) (S 728,760,761) (S 725,756,755) (S 754,790,791) (S 196,196,196) (S 698,726,727) (S 321,321,321) (S 438,460,321) (S 752,787,786) (S 751,786,165) (S 165,165,165) (S 638,668,669) (S 253,253,253) (S 715,253,745) (S 361,366,367) (S 377,367,19) (S 19,19,19) (S 20,20,20) (S 362,367,368) (S 276,276,276) (S 810,831,174) (S 554,596,132) (D 0,350,350)
 0 1 14 3688 2762  74 (D 0,350,350) (S 443,465,466) (S 594,633,352) (S 350,352,353) (S 306,306,306) (S 558,601,133) (S 134,134,134) (S 561,134,8) (S 8,8,8) (S 562,8,604) (S 563,605,135) (S 135,135,135) (S 148,148,148) (S 584,623,624) (S 583,623,438) (S 420,438,439) (S 504,543,542) (S 347,347,347) (S 346,346,346) (S 582,346,347) (S 581,542,593) (S 549,593,43) (S 43,43,43) (S 505,43,543) (S 575,543,439) (S 421,439,294) (S 294,294,294) (S 57,57,57) (S 422,57,440) (S 296,296,296) (S 461,296,57) (S 460,57,484) (S 58,58,58) (S 618,484,652) (S 293,293,293) (S 617,484,623) (S 616,623,376) (S 367,376,377) (S 222,222,222) (S 370,380,381) (S 537,582,580) (S 536,121,581) (S 121,121,121) (S 120,120,120) (S 535,580,379) (S 369,379,378) (S 368,378,377) (S 615,376,651) (S 614,651,153) (S 153,153,153) (S 613,650,152) (S 152,152,152) (S 612,152,649) (S 611,649,151) (S 151,151,151) (S 610,151,648) (S 619,648,653) (S 673,653,313) (S 313,313,313) (S 608,647,603) (S 609,603,648) (S 674,700,182) (S 182,182,182) (S 717,182,747) (S 170,170,170) (S 651,170,677) (S 650,677,104) (S 104,104,104) (S 649,104,169) (S 678,706,705) (S 87,87,87) (S 624,87,656) (S 804,656,827) (D 0,350,350)
 0 1 15 3982 3156  62 (D 0,350,350) (S 599,351,638) (S 658,675,685) (S 271,271,271) (S 788,815,816) (S 688,683,715) (S 544,588,589) (S 545,589,124) (S 124,124,124) (S 626,124,557) (S 518,76,83) (S 83,83,83) (S 109,109,109) (S 110,110,110) (S 111,111,111) (S 766,111,800) (S 767,800,199) (S 199,199,199) (S 327,327,327) (S 38,38,38) (S 732,765,365) (S 360,365,364) (S 695,723,722) (S 696,722,364) (S 39,39,39) (S 326,326,326) (S 221,221,221) (S 733,766,767) (S 731,764,500) (S 474,500,501) (S 475,502,501) (S 37,37,37) (S 463,37,487) (S 705,409,735) (S 297,297,297) (S 465,297,488) (S 89,89,89) (S 464,89,409) (S 395,409,37) (S 36,36,36) (S 353,356,5) (S 5,5,5) (S 352,5,4) (S 4,4,4) (S 779,808,172) (S 172,172,172) (S 780,478,74) (S 74,74,74) (S 73,73,73) (S 546,590,73) (S 451,73,400) (S 389,400,401) (S 662,400,689) (S 127,127,127) (S 655,424,682) (S 125,125,125) (S 548,125,126) (S 126,126,126) (S 574,617,616) (S 587,616,627) (S 130,130,130) (D 0,350,350)
 0 1 16 3976 2123  14 (D 0,350,350) (S 771,201,645) (S 502,540,539) (S 501,539,538) (S 737,772,771) (S 99,99,99) (S 604,644,643) (S 514,553,554) (S 100,100,100) (S 411,307,430) (S 307,307,307) (S 603,307,564) (S 774,806,805) (D 0,350,350)
