121
6
15840634
39144
 0 1 1 25 15  6 (D 0,1,1) (S 21,1,2) (S 22,2,4) (S 26,4,8) (S 13,8,10) (D 0,1,1)
 0 1 2 22 38  8 (D 0,1,1) (S 18,2,9) (S 11,9,4) (S 19,4,7) (S 28,7,9) (S 14,9,10) (S 7,10,1) (D 0,1,1)
 0 1 3 27 23  7 (D 0,1,1) (S 24,1,6) (S 3,6,6) (S 12,6,9) (S 6,9,9) (S 17,6,10) (D 0,1,1)
 0 1 4 27 17  7 (D 0,1,1) (S 9,1,5) (S 8,5,7) (S 4,7,7) (S 20,7,8) (S 5,8,8) (D 0,1,1)
 0 1 5 26 16  6 (D 0,1,1) (S 25,1,3) (S 1,2,2) (S 23,2,6) (S 15,6,11) (D 0,1,1)
 0 1 6 27 12  6 (D 0,1,1) (S 27,1,11) (S 10,11,3) (S 2,3,3) (S 16,3,10) (D 0,1,1)
