711
20
10549200
10549200
0 1 1 4 22 4 (D 0,1,1) (S 23,1,12) (S 27,12,6) (S 26,7,6) (S 15,7,12) (D 0,1,1)
0 1 2 3 28 3 (D 0,1,1) (S 23,1,12) (S 27,12,6) (S 11,5,6) (D 0,1,1)
0 1 3 6 50 6 (D 0,1,1) (S 19,1,2) (S 8,2,3) (S 25,5,3) (S 11,5,6) (S 27,12,6) (S 23,1,12) (D 0,1,1)
0 1 4 4 50 4 (D 0,1,1) (S 19,1,2) (S 10,2,9) (S 17,9,10) (S 22,1,10) (D 0,1,1)
0 1 5 4 28 4 (D 0,1,1) (S 23,1,12) (S 27,12,6) (S 11,5,6) (S 13,5,12) (D 0,1,1)
0 1 6 3 39 3 (D 0,1,1) (S 19,1,2) (S 9,2,4) (S 20,1,4) (D 0,1,1)
0 1 7 1 26 1 (D 0,1,1) (S 19,1,2) (D 0,1,1)
0 1 8 4 22 4 (D 0,1,1) (S 21,1,7) (S 26,7,6) (S 27,12,6) (S 23,1,12) (D 0,1,1)
0 1 9 1 38 1 (D 0,1,1) (S 22,1,10) (D 0,1,1)
0 1 10 3 22 3 (D 0,1,1) (S 23,1,12) (S 27,12,6) (S 26,7,6) (D 0,1,1)
0 1 11 6 56 6 (D 0,1,1) (S 23,1,12) (S 27,12,6) (S 11,5,6) (S 25,5,3) (S 24,3,4) (S 20,1,4) (D 0,1,1)
0 1 12 1 8 1 (D 0,1,1) (S 23,1,12) (D 0,1,1)
0 1 13 2 14 2 (D 0,1,1) (S 23,1,12) (S 27,12,6) (D 0,1,1)
0 1 14 1 34 1 (D 0,1,1) (S 20,1,4) (D 0,1,1)
0 1 15 1 34 1 (D 0,1,1) (S 20,1,4) (D 0,1,1)
0 1 16 1 8 1 (D 0,1,1) (S 23,1,12) (D 0,1,1)
0 1 17 9 63 9 (D 0,1,1) (S 23,1,12) (S 27,12,6) (S 26,7,6) (S 14,7,8) (S 28,8,10) (S 18,10,11) (S 29,9,11) (S 10,2,9) (S 19,1,2) (D 0,1,1)
0 1 18 3 58 3 (D 0,1,1) (S 19,1,2) (S 10,2,9) (S 29,9,11) (D 0,1,1)
0 1 19 8 73 8 (D 0,1,1) (S 23,1,12) (S 27,12,6) (S 11,5,6) (S 25,5,3) (S 12,5,11) (S 29,9,11) (S 10,2,9) (S 19,1,2) (D 0,1,1)
0 1 20 4 38 4 (D 0,1,1) (S 23,1,12) (S 27,12,6) (S 26,7,6) (S 14,7,8) (D 0,1,1)
