839
20
3446893500
3446893500
0 1 1 52 47 7 (D 0,1,1) (S 110,6,1) (S 43,3,9) (S 113,4,3) (S 115,10,4) (S 40,2,3) (S 112,7,2) (S 48,6,7) (D 0,1,1)
0 1 2 139 57 25 (D 0,1,1) (S 110,6,1) (S 120,12,6) (S 59,11,12) (S 131,19,11) (S 76,19,26) (S 89,26,30) (S 170,34,30) (S 12,34,40) (S 11,34,35) (S 14,35,41) (S 24,41,48) (S 25,41,49) (S 30,44,49) (S 27,42,44) (S 16,36,42) (S 15,36,37) (S 18,37,43) (S 28,43,45) (S 32,45,50) (S 172,37,31) (S 84,23,31) (S 68,15,23) (S 136,15,14) (S 134,14,13) (S 121,13,6) (D 0,1,1)
0 1 3 144 64 23 (D 0,1,1) (S 110,6,1) (S 120,12,6) (S 59,11,12) (S 131,19,11) (S 76,19,26) (S 89,26,30) (S 162,30,27) (S 170,34,30) (S 175,34,33) (S 11,34,35) (S 13,35,36) (S 16,36,42) (S 27,42,44) (S 31,44,50) (S 29,43,50) (S 19,38,43) (S 17,37,38) (S 172,37,31) (S 84,23,31) (S 68,15,23) (S 136,15,14) (S 134,14,13) (S 121,13,6) (D 0,1,1)
0 1 4 99 49 15 (D 0,1,1) (S 110,6,1) (S 121,13,6) (S 134,14,13) (S 136,15,14) (S 68,15,23) (S 84,23,31) (S 172,37,31) (S 18,37,43) (S 28,43,45) (S 32,45,50) (S 29,43,50) (S 19,38,43) (S 96,28,38) (S 95,28,32) (S 171,32,31) (D 0,1,1)
0 1 5 93 40 14 (D 0,1,1) (S 110,6,1) (S 121,13,6) (S 134,14,13) (S 136,15,14) (S 68,15,23) (S 84,23,31) (S 172,37,31) (S 18,37,43) (S 173,37,32) (S 95,28,32) (S 158,28,25) (S 85,24,25) (S 141,24,16) (S 138,16,15) (D 0,1,1)
0 1 6 157 60 23 (D 0,1,1) (S 110,6,1) (S 120,12,6) (S 59,11,12) (S 131,19,11) (S 76,19,26) (S 89,26,30) (S 170,34,30) (S 12,34,40) (S 106,33,40) (S 107,33,46) (S 33,46,47) (S 34,47,48) (S 35,48,49) (S 36,49,50) (S 32,45,50) (S 28,43,45) (S 18,37,43) (S 172,37,31) (S 84,23,31) (S 68,15,23) (S 136,15,14) (S 134,14,13) (S 121,13,6) (D 0,1,1)
0 1 7 72 34 12 (D 0,1,1) (S 110,6,1) (S 120,12,6) (S 59,11,12) (S 131,19,11) (S 76,19,26) (S 88,26,29) (S 169,39,29) (S 105,33,39) (S 106,33,40) (S 12,34,40) (S 170,34,30) (S 89,26,30) (D 0,1,1)
0 1 8 78 38 12 (D 0,1,1) (S 110,6,1) (S 48,6,7) (S 122,8,7) (S 53,8,9) (S 56,9,15) (S 138,16,15) (S 141,24,16) (S 68,15,23) (S 152,23,22) (S 136,15,14) (S 134,14,13) (S 121,13,6) (D 0,1,1)
0 1 9 67 25 10 (D 0,1,1) (S 110,6,1) (S 120,12,6) (S 62,12,20) (S 146,20,19) (S 76,19,26) (S 88,26,29) (S 145,29,18) (S 72,18,19) (S 131,19,11) (S 59,11,12) (D 0,1,1)
0 1 10 85 48 16 (D 0,1,1) (S 110,6,1) (S 120,12,6) (S 132,13,12) (S 59,11,12) (S 131,19,11) (S 72,18,19) (S 73,18,26) (S 88,26,29) (S 89,26,30) (S 162,30,27) (S 12,34,40) (S 22,40,47) (S 14,35,41) (S 11,34,35) (S 170,34,30) (S 76,19,26) (D 0,1,1)
0 1 11 80 45 11 (D 0,1,1) (S 110,6,1) (S 121,13,6) (S 134,14,13) (S 136,15,14) (S 68,15,23) (S 152,23,22) (S 153,31,22) (S 171,32,31) (S 85,24,25) (S 86,24,32) (S 84,23,31) (D 0,1,1)
0 1 12 68 34 11 (D 0,1,1) (S 110,6,1) (S 120,12,6) (S 59,11,12) (S 131,19,11) (S 76,19,26) (S 89,26,30) (S 170,34,30) (S 88,26,29) (S 145,29,18) (S 72,18,19) (S 46,5,11) (D 0,1,1)
0 1 13 48 21 7 (D 0,1,1) (S 110,6,1) (S 121,13,6) (S 134,14,13) (S 54,8,14) (S 122,8,7) (S 112,7,2) (S 48,6,7) (D 0,1,1)
0 1 14 84 51 11 (D 0,1,1) (S 110,6,1) (S 121,13,6) (S 134,14,13) (S 136,15,14) (S 56,9,15) (S 129,17,10) (S 115,10,4) (S 113,4,3) (S 40,2,3) (S 112,7,2) (S 48,6,7) (D 0,1,1)
0 1 15 41 30 6 (D 0,1,1) (S 110,6,1) (S 121,13,6) (S 134,14,13) (S 64,13,21) (S 80,21,27) (S 148,21,20) (D 0,1,1)
0 1 16 86 41 13 (D 0,1,1) (S 110,6,1) (S 120,12,6) (S 62,12,20) (S 146,20,19) (S 76,19,26) (S 89,26,30) (S 162,30,27) (S 92,27,31) (S 13,35,36) (S 11,34,35) (S 170,34,30) (S 131,19,11) (S 59,11,12) (D 0,1,1)
0 1 17 88 41 13 (D 0,1,1) (S 110,6,1) (S 121,13,6) (S 134,14,13) (S 136,15,14) (S 138,16,15) (S 141,24,16) (S 154,24,23) (S 68,15,23) (S 56,9,15) (S 132,13,12) (S 59,11,12) (S 46,5,11) (S 109,5,1) (D 0,1,1)
0 1 18 77 44 12 (D 0,1,1) (S 110,6,1) (S 120,12,6) (S 59,11,12) (S 131,19,11) (S 72,18,19) (S 46,5,11) (S 64,13,21) (S 134,14,13) (S 136,15,14) (S 68,15,23) (S 152,23,22) (S 121,13,6) (D 0,1,1)
0 1 19 89 48 13 (D 0,1,1) (S 109,5,1) (S 46,5,11) (S 59,11,12) (S 132,13,12) (S 134,14,13) (S 136,15,14) (S 138,16,15) (S 141,24,16) (S 85,24,25) (S 71,17,25) (S 140,17,16) (S 121,13,6) (S 110,6,1) (D 0,1,1)
0 1 20 35 22 5 (D 0,1,1) (S 110,6,1) (S 120,12,6) (S 62,12,20) (S 112,7,2) (S 48,6,7) (D 0,1,1)
