522
9
50469656
1394964
 0 1 1 65 32  12 (D 0,1,1) (S 5,8,8) (S 20,8,7) (S 2,4,4) (S 74,4,7) (S 4,7,7) (S 46,7,6) (S 3,6,6) (S 71,6,7) (S 43,7,4) (S 40,4,5) (D 0,1,1)
 0 1 2 65 105  13 (D 0,1,1) (S 45,12,11) (S 54,11,16) (S 13,21,21) (S 60,21,22) (S 39,22,21) (S 50,21,29) (S 42,30,23) (S 47,23,22) (S 64,22,29) (S 68,29,22) (S 38,14,13) (D 0,1,1)
 0 1 3 64 54  9 (D 0,1,1) (S 63,9,10) (S 27,10,19) (S 11,18,18) (S 24,15,14) (S 72,14,8) (S 26,8,5) (S 31,5,1) (D 0,1,1)
 0 1 4 59 51  9 (D 0,1,1) (S 70,8,13) (S 33,13,12) (S 62,12,16) (S 21,16,17) (S 10,17,17) (S 48,17,13) (S 65,13,8) (D 0,1,1)
 0 1 5 61 35  9 (D 0,1,1) (S 67,2,3) (S 1,3,3) (S 53,3,2) (S 8,15,15) (S 23,15,10) (S 56,10,9) (S 49,9,2) (D 0,1,1)
 0 1 6 61 23  7 (D 0,1,1) (S 35,1,2) (S 52,2,9) (S 6,9,9) (S 28,9,8) (S 22,8,1) (D 0,1,1)
 0 1 7 65 75  11 (D 0,1,1) (S 44,13,16) (S 29,16,21) (S 25,21,28) (S 75,28,29) (S 41,30,25) (S 16,26,26) (S 36,26,30) (S 69,23,18) (S 58,15,9) (D 0,1,1)
 0 1 8 63 80  13 (D 0,1,1) (S 61,14,17) (S 32,17,22) (S 30,22,25) (S 15,25,25) (S 66,25,29) (S 18,29,29) (S 73,30,29) (S 59,29,21) (S 14,24,24) (S 9,16,16) (S 51,16,12) (D 0,1,1)
 0 1 9 63 67  10 (D 0,1,1) (S 7,11,11) (S 34,11,20) (S 12,20,20) (S 37,24,27) (S 17,27,27) (S 19,27,20) (S 57,20,16) (S 55,16,13) (D 0,1,1)
