120
6
15706179
31296
 0 1 1 24 15  5 (D 0,1,1) (S 8,2,4) (S 3,4,4) (S 15,4,9) (D 0,1,1)
 0 1 2 26 33  9 (D 0,1,1) (S 26,1,6) (S 21,6,9) (S 13,9,10) (S 12,10,8) (S 6,8,8) (S 14,2,9) (S 23,6,11) (D 0,1,1)
 0 1 3 27 9  5 (D 0,1,1) (S 27,1,2) (S 1,2,2) (S 28,3,11) (D 0,1,1)
 0 1 4 24 24  8 (D 0,1,1) (S 18,1,7) (S 4,5,5) (S 10,5,2) (S 25,2,6) (S 19,6,10) (S 7,10,10) (D 0,1,1)
 0 1 5 27 17  6 (D 0,1,1) (S 17,1,11) (S 22,6,7) (S 5,7,7) (S 24,7,8) (D 0,1,1)
 0 1 6 26 22  7 (D 0,1,1) (S 2,3,3) (S 16,3,5) (S 9,5,7) (S 20,7,9) (S 11,9,1) (D 0,1,1)
