283
8
37979718
7971600
 0 1 1 45 33  7 (D 0,1,1) (S 41,20,21) (S 50,21,24) (S 21,24,23) (S 22,23,21) (S 9,15,15) (D 0,1,1)
 0 1 2 44 43  7 (D 0,1,1) (S 48,5,4) (S 24,4,3) (S 25,5,6) (S 20,6,12) (S 38,11,1) (D 0,1,1)
 0 1 3 45 48  13 (D 0,1,1) (S 29,12,17) (S 11,17,17) (S 36,17,16) (S 31,16,17) (S 44,17,13) (S 23,13,14) (S 8,14,14) (S 15,14,18) (S 49,18,17) (S 33,17,12) (S 6,12,12) (D 0,1,1)
 0 1 4 45 36  9 (D 0,1,1) (S 34,1,11) (S 18,11,6) (S 42,6,7) (S 13,7,13) (S 7,13,13) (S 10,16,16) (S 17,16,12) (D 0,1,1)
 0 1 5 45 40  8 (D 0,1,1) (S 3,5,5) (S 4,8,8) (S 19,8,7) (S 26,7,6) (S 43,6,5) (S 14,5,1) (D 0,1,1)
 0 1 6 45 35  7 (D 0,1,1) (S 47,1,9) (S 45,19,22) (S 12,22,22) (S 37,24,21) (S 46,21,15) (D 0,1,1)
 0 1 7 44 20  6 (D 0,1,1) (S 39,1,19) (S 27,19,20) (S 35,20,15) (S 16,20,1) (D 0,1,1)
 0 1 8 45 28  10 (D 0,1,1) (S 40,19,9) (S 5,9,9) (S 2,3,3) (S 28,10,2) (S 51,2,10) (S 1,2,2) (S 32,2,4) (S 30,4,5) (D 0,1,1)
