15867
22
116766295200
116766295200
0 1 1 2709 992 11 (D 0,1,1) (S 84,15,14) (S 90,38,37) (S 88,27,28) (S 85,17,8) (S 83,12,21) (S 91,42,41) (S 86,19,18) (S 93,52,51) (S 98,64,77) (S 105,77,76) (S 104,75,74) (D 0,1,1)
0 1 2 3369 1204 16 (D 0,1,1) (S 114,95,84) (S 109,84,96) (S 120,108,109) (S 134,140,118) (S 135,140,141) (S 136,141,131) (S 130,131,132) (S 131,133,143) (S 137,142,132) (S 132,136,137) (S 141,147,146) (S 133,138,128) (S 124,117,106) (S 129,129,128) (S 126,125,124) (S 115,99,98) (D 0,1,1)
0 1 3 1872 760 8 (D 0,1,1) (S 80,3,4) (S 82,4,5) (S 84,15,14) (S 88,27,28) (S 93,52,51) (S 98,64,77) (S 105,77,76) (S 104,75,74) (D 0,1,1)
0 1 4 3260 1568 19 (D 0,1,1) (S 120,108,109) (S 134,140,118) (S 135,140,141) (S 136,141,131) (S 130,131,132) (S 140,145,144) (S 139,144,134) (S 115,99,98) (S 117,100,101) (S 128,127,128) (S 124,117,106) (S 122,114,113) (S 126,125,124) (S 121,110,111) (S 111,91,79) (S 105,77,76) (S 104,75,74) (S 96,61,62) (S 98,64,77) (D 0,1,1)
0 1 5 1590 944 8 (D 0,1,1) (S 130,131,132) (S 131,133,143) (S 137,142,132) (S 132,136,137) (S 133,138,128) (S 124,117,106) (S 126,125,124) (S 115,99,98) (D 0,1,1)
0 1 6 1619 772 6 (D 0,1,1) (S 113,93,106) (S 124,117,106) (S 123,116,129) (S 129,129,128) (S 126,125,124) (S 115,99,98) (D 0,1,1)
0 1 7 2722 1263 15 (D 0,1,1) (S 130,131,132) (S 96,61,62) (S 97,63,50) (S 87,20,11) (S 83,12,21) (S 86,19,18) (S 94,53,52) (S 93,52,51) (S 100,65,78) (S 105,77,76) (S 116,100,89) (S 104,75,74) (S 103,73,60) (S 95,60,61) (S 81,59,72) (D 0,1,1)
0 1 8 1154 611 6 (D 0,1,1) (S 96,61,62) (S 97,63,50) (S 93,52,51) (S 98,64,77) (S 105,77,76) (S 104,75,74) (D 0,1,1)
0 1 9 2086 612 9 (D 0,1,1) (S 90,38,37) (S 88,27,28) (S 91,42,41) (S 94,53,52) (S 93,52,51) (S 92,50,51) (S 98,64,77) (S 105,77,76) (S 104,75,74) (D 0,1,1)
0 1 10 2189 574 9 (D 0,1,1) (S 130,131,132) (S 131,133,143) (S 138,142,141) (S 136,141,131) (S 125,123,111) (S 117,100,101) (S 110,90,78) (S 105,77,76) (S 104,75,74) (D 0,1,1)
0 1 11 1339 478 5 (D 0,1,1) (S 99,65,52) (S 93,52,51) (S 92,50,51) (S 97,63,50) (S 81,59,72) (D 0,1,1)
0 1 12 2166 732 9 (D 0,1,1) (S 116,100,89) (S 117,100,101) (S 112,93,82) (S 106,81,80) (S 107,82,69) (S 101,69,56) (S 98,64,77) (S 105,77,76) (S 115,99,98) (D 0,1,1)
0 1 13 1634 653 7 (D 0,1,1) (S 80,3,4) (S 82,4,5) (S 88,27,28) (S 93,52,51) (S 98,64,77) (S 105,77,76) (S 104,75,74) (D 0,1,1)
0 1 14 2011 611 8 (D 0,1,1) (S 115,99,98) (S 110,90,78) (S 105,77,76) (S 97,63,50) (S 90,38,37) (S 93,52,51) (S 98,64,77) (S 104,75,74) (D 0,1,1)
0 1 15 769 363 3 (D 0,1,1) (S 81,59,72) (S 102,70,83) (S 109,84,96) (D 0,1,1)
0 1 16 3071 947 12 (D 0,1,1) (S 116,100,89) (S 117,100,101) (S 112,93,82) (S 107,82,69) (S 94,53,52) (S 93,52,51) (S 92,50,51) (S 91,42,41) (S 87,20,11) (S 83,12,21) (S 105,77,76) (S 104,75,74) (D 0,1,1)
0 1 17 2119 570 9 (D 0,1,1) (S 116,100,89) (S 117,100,101) (S 127,126,137) (S 141,147,146) (S 140,145,144) (S 139,144,134) (S 110,90,78) (S 105,77,76) (S 104,75,74) (D 0,1,1)
0 1 18 923 386 4 (D 0,1,1) (S 134,140,118) (S 120,108,109) (S 119,108,95) (S 114,95,84) (D 0,1,1)
0 1 19 265 245 1 (D 0,1,1) (S 108,84,70) (D 0,1,1)
0 1 20 1503 489 7 (D 0,1,1) (S 130,131,132) (S 140,145,144) (S 137,142,132) (S 119,108,95) (S 114,95,84) (S 108,84,70) (S 102,70,83) (D 0,1,1)
0 1 21 1424 600 6 (D 0,1,1) (S 90,38,37) (S 88,27,28) (S 85,17,8) (S 83,12,21) (S 105,77,76) (S 104,75,74) (D 0,1,1)
0 1 22 819 493 4 (D 0,1,1) (S 116,100,89) (S 117,100,101) (S 126,125,124) (S 115,99,98) (D 0,1,1)
