139
8
21876340
68241
 0 1 1 27 14  5 (D 0,1,1) (S 36,1,11) (S 1,2,2) (S 16,2,5) (D 0,1,1)
 0 1 2 23 27  6 (D 0,1,1) (S 20,3,9) (S 26,2,3) (S 21,3,11) (S 10,7,1) (D 0,1,1)
 0 1 3 27 16  9 (D 0,1,1) (S 32,1,3) (S 17,3,10) (S 14,10,7) (S 15,7,3) (S 2,3,3) (S 28,3,5) (S 12,5,10) (D 0,1,1)
 0 1 4 26 27  8 (D 0,1,1) (S 25,1,5) (S 35,5,11) (S 22,7,9) (S 9,9,8) (S 11,8,5) (S 4,5,5) (D 0,1,1)
 0 1 5 25 15  6 (D 0,1,1) (S 24,1,8) (S 34,2,4) (S 29,4,6) (S 18,6,7) (D 0,1,1)
 0 1 6 25 12  6 (D 0,1,1) (S 23,6,9) (S 7,9,9) (S 30,4,11) (S 6,7,7) (D 0,1,1)
 0 1 7 25 18  7 (D 0,1,1) (S 27,1,9) (S 33,4,10) (S 8,10,10) (S 13,10,6) (S 5,6,6) (D 0,1,1)
 0 1 8 27 10  5 (D 0,1,1) (S 31,1,4) (S 3,4,4) (S 19,4,7) (D 0,1,1)
