461
8
8697524
10516
 0 1 1 34 149  7 (D 0,1,1) (S 7,2,7) (S 15,7,9) (S 5,9,9) (S 20,8,9) (S 12,8,12) (D 0,1,1)
 0 1 2 15 14  4 (D 0,1,1) (S 16,1,3) (S 2,3,3) (D 0,1,1)
 0 1 3 34 93  6 (D 0,1,1) (S 11,6,12) (S 18,12,13) (S 8,13,11) (S 6,11,11) (D 0,1,1)
 0 1 4 23 20  3 (D 0,1,1) (S 3,4,4) (D 0,1,1)
 0 1 5 34 48  5 (D 0,1,1) (S 19,2,6) (S 9,6,10) (S 4,5,5) (D 0,1,1)
 0 1 6 27 10  4 (D 0,1,1) (S 17,1,2) (S 1,2,2) (D 0,1,1)
 0 1 7 30 107  4 (D 0,1,1) (S 10,4,11) (S 14,10,11) (D 0,1,1)
 0 1 8 15 20  3 (D 0,1,1) (S 13,1,4) (D 0,1,1)
