153
7
25296952
1501411
 0 1 1 19 11  5 (D 0,1,1) (S 22,1,2) (S 3,4,4) (S 4,5,5) (D 0,1,1)
 0 1 2 19 24  8 (D 0,1,1) (S 26,23,24) (S 12,21,21) (S 27,16,15) (S 9,15,15) (S 16,15,21) (S 35,21,20) (D 0,1,1)
 0 1 3 20 21  8 (D 0,1,1) (S 39,20,23) (S 28,23,20) (S 23,23,22) (S 31,22,19) (S 11,19,19) (S 15,19,9) (D 0,1,1)
 0 1 4 20 29  10 (D 0,1,1) (S 1,2,2) (S 38,12,13) (S 37,13,14) (S 21,14,18) (S 40,18,17) (S 10,17,17) (S 14,17,16) (S 41,16,12) (D 0,1,1)
 0 1 5 20 26  9 (D 0,1,1) (S 36,11,12) (S 29,12,6) (S 19,6,7) (S 30,6,12) (S 33,12,11) (S 8,11,11) (S 20,11,10) (D 0,1,1)
 0 1 6 19 31  7 (D 0,1,1) (S 32,7,8) (S 5,8,8) (S 17,8,14) (S 24,17,13) (S 25,13,12) (D 0,1,1)
 0 1 7 20 11  8 (D 0,1,1) (S 2,3,3) (S 13,3,4) (S 34,4,5) (S 7,10,10) (S 18,10,9) (S 6,9,9) (D 0,1,1)
