29684
48
50399741700
50399741700
0 1 1 414 623 23 (D 0,1,1) (S 201,1,116) (S 202,116,117) (S 206,117,119) (S 207,119,120) (S 211,120,121) (S 212,121,122) (S 213,87,122) (S 159,86,87) (S 158,85,86) (S 157,84,85) (S 155,82,84) (S 152,80,82) (S 149,79,80) (S 148,78,79) (S 147,77,78) (S 146,46,77) (S 105,43,46) (S 99,37,43) (S 90,36,37) (S 91,36,38) (S 95,38,41) (S 96,41,47) (S 104,46,47) (D 0,1,1)
0 1 2 190 380 5 (D 0,1,1) (S 201,1,116) (S 202,116,117) (S 205,117,118) (S 209,91,118) (S 165,66,91) (D 0,1,1)
0 1 3 221 442 8 (D 0,1,1) (S 201,1,116) (S 200,115,116) (S 199,114,115) (S 198,113,114) (S 196,112,113) (S 195,107,112) (S 189,107,108) (S 191,108,109) (D 0,1,1)
0 1 4 687 1067 36 (D 0,1,1) (S 201,1,116) (S 202,116,117) (S 206,117,119) (S 207,119,120) (S 211,120,121) (S 212,121,122) (S 213,87,122) (S 159,86,87) (S 158,85,86) (S 157,84,85) (S 155,82,84) (S 152,80,82) (S 149,79,80) (S 148,78,79) (S 147,77,78) (S 146,46,77) (S 105,43,46) (S 100,43,44) (S 101,44,45) (S 102,34,45) (S 86,34,139) (S 106,33,139) (S 84,29,33) (S 79,28,29) (S 80,28,30) (S 81,30,31) (S 82,26,31) (S 76,23,26) (S 73,23,24) (S 74,24,25) (S 72,20,24) (S 70,20,22) (S 68,12,20) (S 58,12,13) (S 57,11,12) (S 85,11,33) (D 0,1,1)
0 1 5 501 934 32 (D 0,1,1) (S 201,1,116) (S 202,116,117) (S 206,117,119) (S 207,119,120) (S 211,120,121) (S 212,121,122) (S 213,87,122) (S 159,86,87) (S 158,85,86) (S 157,84,85) (S 155,82,84) (S 152,80,82) (S 149,79,80) (S 148,78,79) (S 147,77,78) (S 146,46,77) (S 105,43,46) (S 100,43,44) (S 101,44,45) (S 102,34,45) (S 86,34,139) (S 106,33,139) (S 85,11,33) (S 57,11,12) (S 58,12,13) (S 63,13,17) (S 62,15,17) (S 60,10,15) (S 67,10,19) (S 66,18,19) (S 65,17,18) (S 59,13,14) (D 0,1,1)
0 1 6 549 979 30 (D 0,1,1) (S 201,1,116) (S 202,116,117) (S 206,117,119) (S 207,119,120) (S 211,120,121) (S 212,121,122) (S 213,87,122) (S 159,86,87) (S 158,85,86) (S 157,84,85) (S 155,82,84) (S 152,80,82) (S 149,79,80) (S 148,78,79) (S 147,77,78) (S 146,46,77) (S 105,43,46) (S 100,43,44) (S 101,44,45) (S 102,34,45) (S 86,34,139) (S 106,33,139) (S 84,29,33) (S 79,28,29) (S 80,28,30) (S 81,30,31) (S 82,26,31) (S 76,23,26) (S 73,23,24) (S 74,24,25) (D 0,1,1)
0 1 7 556 904 31 (D 0,1,1) (S 201,1,116) (S 202,116,117) (S 206,117,119) (S 207,119,120) (S 211,120,121) (S 212,121,122) (S 213,87,122) (S 159,86,87) (S 158,85,86) (S 157,84,85) (S 155,82,84) (S 152,80,82) (S 149,79,80) (S 148,78,79) (S 147,77,78) (S 146,46,77) (S 105,43,46) (S 100,43,44) (S 101,44,45) (S 102,34,45) (S 86,34,139) (S 106,33,139) (S 85,11,33) (S 57,11,12) (S 68,12,20) (S 72,20,24) (S 74,24,25) (S 77,25,27) (S 78,27,28) (S 79,28,29) (S 84,29,33) (D 0,1,1)
0 1 8 679 1027 33 (D 0,1,1) (S 201,1,116) (S 202,116,117) (S 206,117,119) (S 207,119,120) (S 211,120,121) (S 212,121,122) (S 213,87,122) (S 159,86,87) (S 158,85,86) (S 157,84,85) (S 155,82,84) (S 152,80,82) (S 149,79,80) (S 148,78,79) (S 147,77,78) (S 146,46,77) (S 105,43,46) (S 100,43,44) (S 101,44,45) (S 102,34,45) (S 86,34,139) (S 106,33,139) (S 85,11,33) (S 57,11,12) (S 68,12,20) (S 69,20,21) (S 71,21,23) (S 76,23,26) (S 82,26,31) (S 81,30,31) (S 80,28,30) (S 79,28,29) (S 84,29,33) (D 0,1,1)
0 1 9 538 910 31 (D 0,1,1) (S 201,1,116) (S 202,116,117) (S 206,117,119) (S 207,119,120) (S 211,120,121) (S 212,121,122) (S 213,87,122) (S 159,86,87) (S 158,85,86) (S 157,84,85) (S 155,82,84) (S 152,80,82) (S 149,79,80) (S 148,78,79) (S 147,77,78) (S 146,46,77) (S 105,43,46) (S 100,43,44) (S 101,44,45) (S 102,34,45) (S 86,34,139) (S 106,33,139) (S 85,11,33) (S 56,8,11) (S 54,8,9) (S 55,9,10) (S 60,10,15) (S 62,15,17) (S 63,13,17) (S 58,12,13) (S 57,11,12) (D 0,1,1)
0 1 10 463 926 28 (D 0,1,1) (S 201,1,116) (S 202,116,117) (S 206,117,119) (S 207,119,120) (S 211,120,121) (S 212,121,122) (S 213,87,122) (S 159,86,87) (S 158,85,86) (S 157,84,85) (S 155,82,84) (S 152,80,82) (S 149,79,80) (S 148,78,79) (S 147,77,78) (S 146,46,77) (S 105,43,46) (S 100,43,44) (S 101,44,45) (S 102,34,45) (S 86,34,139) (S 106,33,139) (S 84,29,33) (S 79,28,29) (S 78,27,28) (S 77,25,27) (S 80,28,30) (S 83,30,32) (D 0,1,1)
0 1 11 681 699 36 (D 0,1,1) (S 201,1,116) (S 202,116,117) (S 205,117,118) (S 209,91,118) (S 163,90,91) (S 164,68,90) (S 132,67,68) (S 133,67,69) (S 134,69,70) (S 240,58,70) (S 119,58,59) (S 123,59,61) (S 124,49,61) (S 108,48,49) (S 109,48,50) (S 110,50,51) (S 111,51,52) (S 112,52,53) (S 113,53,140) (S 237,55,140) (S 116,55,56) (S 129,56,65) (S 128,64,65) (S 169,64,93) (S 171,93,94) (S 180,94,101) (S 182,101,102) (S 185,102,104) (S 186,104,105) (S 187,105,106) (S 188,106,107) (S 195,107,112) (S 196,112,113) (S 198,113,114) (S 199,114,115) (S 200,115,116) (D 0,1,1)
0 1 12 344 646 21 (D 0,1,1) (S 201,1,116) (S 200,115,116) (S 199,114,115) (S 198,113,114) (S 196,112,113) (S 195,107,112) (S 188,106,107) (S 187,105,106) (S 186,104,105) (S 185,102,104) (S 182,101,102) (S 180,94,101) (S 171,93,94) (S 169,64,93) (S 128,64,65) (S 129,56,65) (S 116,55,56) (S 115,54,55) (S 238,54,140) (S 113,53,140) (S 237,55,140) (D 0,1,1)
0 1 13 400 800 23 (D 0,1,1) (S 201,1,116) (S 202,116,117) (S 206,117,119) (S 207,119,120) (S 211,120,121) (S 212,121,122) (S 213,87,122) (S 159,86,87) (S 158,85,86) (S 157,84,85) (S 155,82,84) (S 152,80,82) (S 149,79,80) (S 148,78,79) (S 147,77,78) (S 146,46,77) (S 105,43,46) (S 100,43,44) (S 101,44,45) (S 102,34,45) (S 86,34,139) (S 106,33,139) (S 84,29,33) (D 0,1,1)
0 1 14 393 650 29 (D 0,1,1) (S 201,1,116) (S 202,116,117) (S 206,117,119) (S 207,119,120) (S 211,120,121) (S 212,121,122) (S 213,87,122) (S 159,86,87) (S 158,85,86) (S 157,84,85) (S 155,82,84) (S 152,80,82) (S 149,79,80) (S 148,78,79) (S 147,77,78) (S 146,46,77) (S 105,43,46) (S 99,37,43) (S 89,35,37) (S 88,35,36) (S 91,36,38) (S 95,38,41) (S 94,40,41) (S 93,39,40) (S 92,38,39) (S 90,36,37) (S 97,37,42) (S 103,42,47) (S 104,46,47) (D 0,1,1)
0 1 15 730 829 37 (D 0,1,1) (S 201,1,116) (S 202,116,117) (S 205,117,118) (S 209,91,118) (S 163,90,91) (S 164,68,90) (S 132,67,68) (S 133,67,69) (S 134,69,70) (S 240,58,70) (S 119,58,59) (S 123,59,61) (S 124,49,61) (S 114,49,140) (S 108,48,49) (S 109,48,50) (S 110,50,51) (S 107,48,139) (S 86,34,139) (S 102,34,45) (S 101,44,45) (S 100,43,44) (S 105,43,46) (S 146,46,77) (S 147,77,78) (S 148,78,79) (S 149,79,80) (S 152,80,82) (S 155,82,84) (S 157,84,85) (S 158,85,86) (S 159,86,87) (S 213,87,122) (S 212,121,122) (S 211,120,121) (S 207,119,120) (S 206,117,119) (D 0,1,1)
0 1 16 565 622 32 (D 0,1,1) (S 201,1,116) (S 202,116,117) (S 206,117,119) (S 207,119,120) (S 211,120,121) (S 212,121,122) (S 213,87,122) (S 159,86,87) (S 158,85,86) (S 157,84,85) (S 155,82,84) (S 152,80,82) (S 149,79,80) (S 148,78,79) (S 147,77,78) (S 146,46,77) (S 105,43,46) (S 99,37,43) (S 100,43,44) (S 101,44,45) (S 102,34,45) (S 121,45,60) (S 120,59,60) (S 119,58,59) (S 240,58,70) (S 134,69,70) (S 133,67,69) (S 132,67,68) (S 164,68,90) (S 163,90,91) (S 209,91,118) (S 205,117,118) (D 0,1,1)
0 1 17 719 965 38 (D 0,1,1) (S 201,1,116) (S 202,116,117) (S 205,117,118) (S 209,91,118) (S 163,90,91) (S 164,68,90) (S 132,67,68) (S 133,67,69) (S 136,69,71) (S 137,71,72) (S 139,72,74) (S 140,73,74) (S 141,44,73) (S 101,44,45) (S 102,34,45) (S 86,34,139) (S 106,33,139) (S 85,11,33) (S 56,8,11) (S 53,6,8) (S 51,5,6) (S 52,6,7) (S 100,43,44) (S 105,43,46) (S 146,46,77) (S 147,77,78) (S 148,78,79) (S 149,79,80) (S 152,80,82) (S 155,82,84) (S 157,84,85) (S 158,85,86) (S 159,86,87) (S 213,87,122) (S 212,121,122) (S 211,120,121) (S 207,119,120) (S 206,117,119) (D 0,1,1)
0 1 18 421 551 19 (D 0,1,1) (S 201,1,116) (S 202,116,117) (S 205,117,118) (S 209,91,118) (S 165,66,91) (S 130,62,66) (S 125,57,62) (S 118,57,58) (S 240,58,70) (S 135,70,71) (S 137,71,72) (S 139,72,74) (S 140,73,74) (S 138,72,73) (S 136,69,71) (S 133,67,69) (S 132,67,68) (S 164,68,90) (S 163,90,91) (D 0,1,1)
0 1 19 592 650 28 (D 0,1,1) (S 201,1,116) (S 200,115,116) (S 199,114,115) (S 198,113,114) (S 196,112,113) (S 195,107,112) (S 188,106,107) (S 187,105,106) (S 186,104,105) (S 185,102,104) (S 182,101,102) (S 180,94,101) (S 171,93,94) (S 169,64,93) (S 128,64,65) (S 129,56,65) (S 117,56,57) (S 118,57,58) (S 119,58,59) (S 240,58,70) (S 134,69,70) (S 133,67,69) (S 132,67,68) (S 164,68,90) (S 163,90,91) (S 209,91,118) (S 205,117,118) (S 202,116,117) (D 0,1,1)
0 1 20 286 487 20 (D 0,1,1) (S 201,1,116) (S 202,116,117) (S 206,117,119) (S 207,119,120) (S 211,120,121) (S 212,121,122) (S 213,87,122) (S 159,86,87) (S 158,85,86) (S 157,84,85) (S 155,82,84) (S 152,80,82) (S 149,79,80) (S 148,78,79) (S 147,77,78) (S 146,46,77) (S 145,76,77) (S 150,79,81) (S 154,81,83) (S 156,83,84) (D 0,1,1)
0 1 21 348 525 19 (D 0,1,1) (S 201,1,116) (S 200,115,116) (S 199,114,115) (S 198,113,114) (S 196,112,113) (S 195,107,112) (S 188,106,107) (S 187,105,106) (S 186,104,105) (S 185,102,104) (S 182,101,102) (S 180,94,101) (S 172,94,95) (S 173,95,96) (S 174,96,97) (S 175,97,98) (S 177,97,99) (S 178,99,100) (S 179,94,100) (D 0,1,1)
0 1 22 310 488 9 (D 0,1,1) (S 201,1,116) (S 202,116,117) (S 205,117,118) (S 209,91,118) (S 165,66,91) (S 130,62,66) (S 132,67,68) (S 164,68,90) (S 163,90,91) (D 0,1,1)
0 1 23 667 885 34 (D 0,1,1) (S 201,1,116) (S 202,116,117) (S 205,117,118) (S 209,91,118) (S 163,90,91) (S 164,68,90) (S 132,67,68) (S 133,67,69) (S 136,69,71) (S 142,71,75) (S 143,75,76) (S 145,76,77) (S 146,46,77) (S 105,43,46) (S 100,43,44) (S 101,44,45) (S 102,34,45) (S 86,34,139) (S 106,33,139) (S 85,11,33) (S 57,11,12) (S 147,77,78) (S 148,78,79) (S 149,79,80) (S 152,80,82) (S 155,82,84) (S 157,84,85) (S 158,85,86) (S 159,86,87) (S 213,87,122) (S 212,121,122) (S 211,120,121) (S 207,119,120) (S 206,117,119) (D 0,1,1)
0 1 24 374 577 24 (D 0,1,1) (S 201,1,116) (S 202,116,117) (S 206,117,119) (S 207,119,120) (S 211,120,121) (S 212,121,122) (S 213,87,122) (S 159,86,87) (S 158,85,86) (S 157,84,85) (S 155,82,84) (S 152,80,82) (S 149,79,80) (S 148,78,79) (S 147,77,78) (S 146,46,77) (S 105,43,46) (S 100,43,44) (S 141,44,73) (S 140,73,74) (S 144,74,76) (S 145,76,77) (S 153,82,83) (S 156,83,84) (D 0,1,1)
0 1 25 329 596 20 (D 0,1,1) (S 201,1,116) (S 200,115,116) (S 199,114,115) (S 198,113,114) (S 196,112,113) (S 195,107,112) (S 188,106,107) (S 187,105,106) (S 186,104,105) (S 185,102,104) (S 182,101,102) (S 180,94,101) (S 171,93,94) (S 170,63,93) (S 126,62,63) (S 125,57,62) (S 127,63,64) (S 128,64,65) (S 129,56,65) (S 169,64,93) (D 0,1,1)
0 1 26 228 413 13 (D 0,1,1) (S 201,1,116) (S 202,116,117) (S 206,117,119) (S 207,119,120) (S 216,120,123) (S 215,123,124) (S 219,124,126) (S 226,126,131) (S 227,131,132) (S 228,132,133) (S 229,133,134) (S 231,134,135) (S 230,133,135) (D 0,1,1)
0 1 27 480 645 30 (D 0,1,1) (S 201,1,116) (S 202,116,117) (S 205,117,118) (S 209,91,118) (S 163,90,91) (S 162,88,90) (S 161,88,89) (S 166,89,92) (S 167,82,92) (S 152,80,82) (S 149,79,80) (S 148,78,79) (S 147,77,78) (S 146,46,77) (S 105,43,46) (S 99,37,43) (S 89,35,37) (S 97,37,42) (S 103,42,47) (S 98,42,43) (S 100,43,44) (S 155,82,84) (S 157,84,85) (S 158,85,86) (S 159,86,87) (S 213,87,122) (S 212,121,122) (S 211,120,121) (S 207,119,120) (S 206,117,119) (D 0,1,1)
0 1 28 267 511 12 (D 0,1,1) (S 201,1,116) (S 202,116,117) (S 205,117,118) (S 209,91,118) (S 163,90,91) (S 164,68,90) (S 132,67,68) (S 133,67,69) (S 134,69,70) (S 135,70,71) (S 142,71,75) (S 136,69,71) (D 0,1,1)
0 1 29 208 416 10 (D 0,1,1) (S 201,1,116) (S 202,116,117) (S 206,117,119) (S 207,119,120) (S 216,120,123) (S 215,123,124) (S 219,124,126) (S 220,126,127) (S 224,127,129) (S 225,126,130) (D 0,1,1)
0 1 30 229 458 14 (D 0,1,1) (S 201,1,116) (S 200,115,116) (S 199,114,115) (S 198,113,114) (S 196,112,113) (S 195,107,112) (S 188,106,107) (S 187,105,106) (S 186,104,105) (S 185,102,104) (S 182,101,102) (S 180,94,101) (S 171,93,94) (S 169,64,93) (D 0,1,1)
0 1 31 312 448 16 (D 0,1,1) (S 201,1,116) (S 202,116,117) (S 206,117,119) (S 207,119,120) (S 216,120,123) (S 215,123,124) (S 219,124,126) (S 226,126,131) (S 227,131,132) (S 228,132,133) (S 229,133,134) (S 232,134,136) (S 233,136,137) (S 234,136,138) (S 236,125,138) (S 217,123,125) (D 0,1,1)
0 1 32 472 626 29 (D 0,1,1) (S 201,1,116) (S 202,116,117) (S 206,117,119) (S 207,119,120) (S 211,120,121) (S 212,121,122) (S 213,87,122) (S 159,86,87) (S 158,85,86) (S 157,84,85) (S 155,82,84) (S 152,80,82) (S 149,79,80) (S 148,78,79) (S 147,77,78) (S 146,46,77) (S 105,43,46) (S 99,37,43) (S 89,35,37) (S 88,35,36) (S 91,36,38) (S 90,36,37) (S 167,82,92) (S 166,89,92) (S 161,88,89) (S 162,88,90) (S 163,90,91) (S 209,91,118) (S 205,117,118) (D 0,1,1)
0 1 33 431 639 19 (D 0,1,1) (S 201,1,116) (S 202,116,117) (S 205,117,118) (S 209,91,118) (S 163,90,91) (S 164,68,90) (S 132,67,68) (S 133,67,69) (S 136,69,71) (S 137,71,72) (S 138,72,73) (S 141,44,73) (S 101,44,45) (S 121,45,60) (S 122,60,61) (S 123,59,61) (S 119,58,59) (S 240,58,70) (S 134,69,70) (D 0,1,1)
0 1 34 473 907 31 (D 0,1,1) (S 201,1,116) (S 202,116,117) (S 206,117,119) (S 207,119,120) (S 211,120,121) (S 212,121,122) (S 213,87,122) (S 159,86,87) (S 158,85,86) (S 157,84,85) (S 155,82,84) (S 152,80,82) (S 149,79,80) (S 148,78,79) (S 147,77,78) (S 146,46,77) (S 105,43,46) (S 100,43,44) (S 101,44,45) (S 102,34,45) (S 86,34,139) (S 106,33,139) (S 85,11,33) (S 57,11,12) (S 58,12,13) (S 63,13,17) (S 62,15,17) (S 60,10,15) (S 55,9,10) (S 61,15,16) (S 64,13,16) (D 0,1,1)
0 1 35 196 370 13 (D 0,1,1) (S 201,1,116) (S 202,116,117) (S 206,117,119) (S 207,119,120) (S 211,120,121) (S 212,121,122) (S 213,87,122) (S 159,86,87) (S 158,85,86) (S 157,84,85) (S 156,83,84) (S 154,81,83) (S 155,82,84) (D 0,1,1)
0 1 36 586 967 31 (D 0,1,1) (S 201,1,116) (S 202,116,117) (S 206,117,119) (S 207,119,120) (S 211,120,121) (S 212,121,122) (S 213,87,122) (S 159,86,87) (S 158,85,86) (S 157,84,85) (S 168,84,92) (S 167,82,92) (S 152,80,82) (S 149,79,80) (S 148,78,79) (S 147,77,78) (S 146,46,77) (S 105,43,46) (S 100,43,44) (S 101,44,45) (S 102,34,45) (S 86,34,139) (S 106,33,139) (S 85,11,33) (S 239,11,27) (S 78,27,28) (S 80,28,30) (S 81,30,31) (S 79,28,29) (S 84,29,33) (S 155,82,84) (D 0,1,1)
0 1 37 315 505 13 (D 0,1,1) (S 201,1,116) (S 200,115,116) (S 199,114,115) (S 198,113,114) (S 196,112,113) (S 195,107,112) (S 188,106,107) (S 190,106,108) (S 191,108,109) (S 189,107,108) (S 192,107,110) (S 193,110,111) (S 194,110,112) (D 0,1,1)
0 1 38 415 513 20 (D 0,1,1) (S 201,1,116) (S 202,116,117) (S 205,117,118) (S 209,91,118) (S 184,91,103) (S 183,102,103) (S 182,101,102) (S 180,94,101) (S 171,93,94) (S 170,63,93) (S 179,94,100) (S 185,102,104) (S 186,104,105) (S 187,105,106) (S 188,106,107) (S 195,107,112) (S 196,112,113) (S 198,113,114) (S 199,114,115) (S 200,115,116) (D 0,1,1)
0 1 39 291 526 13 (D 0,1,1) (S 201,1,116) (S 202,116,117) (S 206,117,119) (S 207,119,120) (S 216,120,123) (S 215,123,124) (S 219,124,126) (S 220,126,127) (S 224,127,129) (S 223,128,129) (S 222,3,128) (S 221,127,128) (S 217,123,125) (D 0,1,1)
0 1 40 303 606 15 (D 0,1,1) (S 201,1,116) (S 200,115,116) (S 199,114,115) (S 198,113,114) (S 196,112,113) (S 195,107,112) (S 188,106,107) (S 187,105,106) (S 186,104,105) (S 185,102,104) (S 183,102,103) (S 182,101,102) (S 181,66,101) (S 180,94,101) (S 172,94,95) (D 0,1,1)
0 1 41 200 291 10 (D 0,1,1) (S 201,1,116) (S 202,116,117) (S 212,121,122) (S 213,87,122) (S 159,86,87) (S 160,86,88) (S 162,88,90) (S 163,90,91) (S 209,91,118) (S 205,117,118) (D 0,1,1)
0 1 42 339 513 12 (D 0,1,1) (S 201,1,116) (S 202,116,117) (S 206,117,119) (S 207,119,120) (S 216,120,123) (S 215,123,124) (S 218,4,124) (S 219,124,126) (S 226,126,131) (S 235,131,138) (S 236,125,138) (S 217,123,125) (D 0,1,1)
0 1 43 230 369 10 (D 0,1,1) (S 201,1,116) (S 200,115,116) (S 199,114,115) (S 198,113,114) (S 197,103,113) (S 196,112,113) (S 195,107,112) (S 188,106,107) (S 190,106,108) (S 189,107,108) (D 0,1,1)
0 1 44 225 291 10 (D 0,1,1) (S 201,1,116) (S 202,116,117) (S 205,117,118) (S 210,118,121) (S 212,121,122) (S 214,122,123) (S 215,123,124) (S 216,120,123) (S 207,119,120) (S 206,117,119) (D 0,1,1)
0 1 45 127 205 6 (D 0,1,1) (S 201,1,116) (S 200,115,116) (S 199,114,115) (S 203,115,117) (S 206,117,119) (S 202,116,117) (D 0,1,1)
0 1 46 195 390 6 (D 0,1,1) (S 201,1,116) (S 202,116,117) (S 205,117,118) (S 209,91,118) (S 163,90,91) (S 164,68,90) (D 0,1,1)
0 1 47 139 253 7 (D 0,1,1) (S 201,1,116) (S 202,116,117) (S 204,2,117) (S 206,117,119) (S 207,119,120) (S 211,120,121) (S 216,120,123) (D 0,1,1)
0 1 48 642 660 34 (D 0,1,1) (S 201,1,116) (S 200,115,116) (S 199,114,115) (S 208,114,118) (S 209,91,118) (S 163,90,91) (S 164,68,90) (S 132,67,68) (S 133,67,69) (S 136,69,71) (S 137,71,72) (S 138,72,73) (S 141,44,73) (S 101,44,45) (S 102,34,45) (S 87,34,35) (S 89,35,37) (S 99,37,43) (S 105,43,46) (S 146,46,77) (S 147,77,78) (S 148,78,79) (S 149,79,80) (S 152,80,82) (S 155,82,84) (S 157,84,85) (S 158,85,86) (S 159,86,87) (S 213,87,122) (S 212,121,122) (S 211,120,121) (S 207,119,120) (S 206,117,119) (S 202,116,117) (D 0,1,1)
