619
9
117560912
56891081
 0 1 1 75 74  12 (D 0,1,1) (S 6,8,8) (S 51,8,9) (S 46,3,4) (S 3,4,4) (S 39,4,10) (S 25,10,16) (S 79,16,23) (S 42,23,22) (S 73,21,20) (S 86,20,19) (D 0,1,1)
 0 1 2 71 37  8 (D 0,1,1) (S 44,6,18) (S 64,18,12) (S 26,12,13) (S 34,13,2) (S 1,2,2) (S 35,2,1) (D 0,1,1)
 0 1 3 75 43  12 (D 0,1,1) (S 10,12,12) (S 12,19,19) (S 70,19,20) (S 81,20,26) (S 15,26,26) (S 65,26,20) (S 84,20,14) (S 11,14,14) (S 32,14,13) (S 38,12,6) (D 0,1,1)
 0 1 4 75 96  14 (D 0,1,1) (S 57,1,7) (S 56,7,13) (S 49,15,9) (S 53,10,11) (S 9,11,11) (S 58,11,17) (S 80,17,24) (S 14,24,24) (S 69,24,11) (S 66,11,5) (S 54,5,4) (S 47,3,2) (D 0,1,1)
 0 1 5 22 22  6 (D 0,1,1) (S 4,6,6) (S 74,6,7) (S 5,7,7) (S 43,7,6) (D 0,1,1)
 0 1 6 74 86  15 (D 0,1,1) (S 36,19,25) (S 63,25,30) (S 19,30,30) (S 75,31,32) (S 20,32,32) (S 71,32,27) (S 59,27,28) (S 60,28,27) (S 16,27,27) (S 13,21,21) (S 85,21,15) (S 24,15,14) (S 68,13,7) (D 0,1,1)
 0 1 7 73 78  12 (D 0,1,1) (S 76,15,21) (S 41,21,22) (S 72,22,28) (S 17,28,28) (S 83,28,34) (S 22,34,34) (S 21,33,33) (S 77,34,24) (S 28,17,16) (S 62,16,15) (D 0,1,1)
 0 1 8 75 84  11 (D 0,1,1) (S 45,18,29) (S 18,29,29) (S 50,29,25) (S 82,25,29) (S 23,29,30) (S 33,30,31) (S 31,31,26) (S 37,26,25) (S 27,19,13) (D 0,1,1)
 0 1 9 74 99  14 (D 0,1,1) (S 29,15,22) (S 30,28,23) (S 40,23,24) (S 78,24,17) (S 52,17,11) (S 61,5,11) (S 67,11,10) (S 2,3,3) (S 55,3,10) (S 8,10,10) (S 7,9,9) (S 48,9,15) (D 0,1,1)
