644
9
63081962
2728104
 0 1 1 75 78  14 (D 0,1,1) (S 63,1,7) (S 42,7,13) (S 38,14,8) (S 48,8,9) (S 23,9,3) (S 43,3,4) (S 2,4,4) (S 19,4,11) (S 67,5,11) (S 85,11,10) (S 55,3,2) (S 25,2,1) (D 0,1,1)
 0 1 2 73 75  11 (D 0,1,1) (S 59,19,20) (S 7,15,15) (S 52,15,21) (S 10,21,21) (S 36,21,27) (S 69,27,28) (S 20,28,23) (S 24,22,15) (S 30,15,14) (D 0,1,1)
 0 1 3 75 117  13 (D 0,1,1) (S 4,9,9) (S 39,10,11) (S 65,11,24) (S 12,24,24) (S 83,24,17) (S 84,11,17) (S 76,17,11) (S 5,11,11) (S 51,5,4) (S 35,4,10) (S 81,16,15) (D 0,1,1)
 0 1 4 75 99  16 (D 0,1,1) (S 73,14,20) (S 41,20,26) (S 33,26,31) (S 75,31,32) (S 49,27,32) (S 45,32,33) (S 46,33,32) (S 15,32,32) (S 62,32,31) (S 26,31,30) (S 66,30,25) (S 18,30,29) (S 80,29,18) (S 82,6,1) (D 0,1,1)
 0 1 5 75 48  8 (D 0,1,1) (S 60,12,18) (S 57,29,25) (S 13,25,25) (S 9,19,19) (S 31,19,12) (S 21,12,6) (D 0,1,1)
 0 1 6 74 91  14 (D 0,1,1) (S 58,2,8) (S 71,10,3) (S 72,3,10) (S 22,10,16) (S 29,16,17) (S 54,17,24) (S 40,24,34) (S 16,33,33) (S 27,33,28) (S 14,28,28) (S 64,21,20) (S 79,20,14) (D 0,1,1)
 0 1 7 73 37  8 (D 0,1,1) (S 50,6,18) (S 8,18,18) (S 44,18,12) (S 37,12,13) (S 6,13,13) (S 1,2,2) (D 0,1,1)
 0 1 8 75 80  13 (D 0,1,1) (S 28,9,10) (S 78,16,23) (S 11,23,23) (S 32,23,22) (S 56,22,28) (S 61,28,34) (S 17,34,34) (S 70,28,27) (S 34,27,26) (S 68,26,20) (S 77,20,19) (D 0,1,1)
 0 1 9 19 19  6 (D 0,1,1) (S 47,1,6) (S 53,6,7) (S 3,7,7) (S 74,7,1) (D 0,1,1)
