5695
20
1086000300
1086000300
0 1 1 640 152 2 (D 0,1,1) (S 12,2,1) (S 21,7,2) (D 0,1,1)
0 1 2 537 133 2 (D 0,1,1) (S 20,6,2) (S 12,2,1) (D 0,1,1)
0 1 3 322 78 1 (D 0,1,1) (S 12,2,1) (D 0,1,1)
0 1 4 1119 227 4 (D 0,1,1) (S 12,2,1) (S 21,7,2) (S 22,7,12) (S 28,11,12) (D 0,1,1)
0 1 5 1047 382 4 (D 0,1,1) (S 28,11,12) (S 36,15,12) (S 44,19,15) (S 46,19,20) (D 0,1,1)
0 1 6 126 224 1 (D 0,1,1) (S 28,11,12) (D 0,1,1)
0 1 7 991 230 3 (D 0,1,1) (S 12,2,1) (S 21,7,2) (S 23,8,7) (D 0,1,1)
0 1 8 1230 378 5 (D 0,1,1) (S 12,2,1) (S 21,7,2) (S 23,8,7) (S 24,8,13) (S 32,13,14) (D 0,1,1)
0 1 9 609 198 2 (D 0,1,1) (S 12,2,1) (S 14,3,4) (D 0,1,1)
0 1 10 716 232 3 (D 0,1,1) (S 12,2,1) (S 14,3,4) (S 18,5,4) (D 0,1,1)
0 1 11 1593 412 6 (D 0,1,1) (S 12,2,1) (S 21,7,2) (S 23,8,7) (S 24,8,13) (S 32,13,14) (S 41,17,14) (D 0,1,1)
0 1 12 843 298 4 (D 0,1,1) (S 12,2,1) (S 14,3,4) (S 18,5,4) (S 19,5,10) (D 0,1,1)
0 1 13 659 304 3 (D 0,1,1) (S 28,11,12) (S 36,15,12) (S 44,19,15) (D 0,1,1)
0 1 14 370 268 2 (D 0,1,1) (S 28,11,12) (S 36,15,12) (D 0,1,1)
0 1 15 322 78 1 (D 0,1,1) (S 12,2,1) (D 0,1,1)
0 1 16 0 154 0 (D 0,1,1) (D 0,1,1)
0 1 17 2964 471 12 (D 0,1,1) (S 12,2,1) (S 21,7,2) (S 23,8,7) (S 25,9,8) (S 27,10,9) (S 34,14,10) (S 32,13,14) (S 33,13,16) (S 46,19,20) (S 44,19,15) (S 36,15,12) (S 28,11,12) (D 0,1,1)
0 1 18 2332 460 10 (D 0,1,1) (S 12,2,1) (S 21,7,2) (S 23,8,7) (S 24,8,13) (S 32,13,14) (S 41,17,14) (S 48,21,20) (S 37,15,16) (S 36,15,12) (S 28,11,12) (D 0,1,1)
0 1 19 1022 309 5 (D 0,1,1) (S 42,18,11) (S 45,19,18) (S 44,19,15) (S 36,15,12) (S 28,11,12) (D 0,1,1)
0 1 20 3599 707 16 (D 0,1,1) (S 12,2,1) (S 21,7,2) (S 23,8,7) (S 25,9,8) (S 27,10,9) (S 19,5,10) (S 18,5,4) (S 14,3,4) (S 34,14,10) (S 41,17,14) (S 33,13,16) (S 37,15,16) (S 44,19,15) (S 45,19,18) (S 36,15,12) (S 28,11,12) (D 0,1,1)
