394
6
11860035
102821
 0 1 1 5 66  7 (D 0,1,1) (S 17,1,7) (S 22,7,8) (S 24,8,11) (S 6,7,6) (S 4,6,6) (D 0,1,1)
 0 1 2 5 76  5 (D 0,1,1) (S 1,2,2) (S 13,2,3) (S 11,3,13) (D 0,1,1)
 0 1 3 5 77  7 (D 0,1,1) (S 15,1,4) (S 5,9,9) (S 12,9,10) (S 7,10,8) (S 20,7,12) (D 0,1,1)
 0 1 4 5 65  7 (D 0,1,1) (S 14,1,10) (S 9,10,11) (S 8,11,5) (S 3,5,5) (S 21,5,6) (D 0,1,1)
 0 1 5 1 8  3 (D 0,1,1) (S 19,1,12) (D 0,1,1)
 0 1 6 5 102  7 (D 0,1,1) (S 23,12,13) (S 16,4,13) (S 2,3,3) (S 10,3,5) (S 18,5,13) (D 0,1,1)
