480
8
28167798
625402
 0 1 1 40 68  8 (D 0,1,1) (S 41,10,11) (S 6,15,15) (S 33,15,16) (S 25,16,12) (S 5,12,12) (S 47,12,11) (D 0,1,1)
 0 1 2 40 92  11 (D 0,1,1) (S 26,5,11) (S 2,6,6) (S 3,7,7) (S 30,8,7) (S 22,8,14) (S 31,14,18) (S 8,18,18) (S 38,14,13) (S 14,13,12) (D 0,1,1)
 0 1 3 34 22  8 (D 0,1,1) (S 43,1,3) (S 24,3,9) (S 45,9,3) (S 1,3,3) (S 18,4,2) (S 21,2,1) (D 0,1,1)
 0 1 4 40 39  6 (D 0,1,1) (S 17,4,5) (S 19,5,10) (S 15,10,9) (S 29,3,1) (D 0,1,1)
 0 1 5 37 36  5 (D 0,1,1) (S 42,9,19) (S 9,19,19) (S 28,19,9) (D 0,1,1)
 0 1 6 40 64  9 (D 0,1,1) (S 16,16,17) (S 7,17,17) (S 39,17,13) (S 23,13,17) (S 37,16,15) (S 4,11,11) (S 48,11,5) (D 0,1,1)
 0 1 7 39 92  8 (D 0,1,1) (S 40,10,20) (S 34,23,22) (S 11,22,22) (S 27,23,24) (S 46,23,20) (S 35,20,10) (D 0,1,1)
 0 1 8 40 67  9 (D 0,1,1) (S 10,20,20) (S 13,20,21) (S 32,21,24) (S 12,24,24) (S 44,24,21) (S 36,21,15) (S 20,15,11) (D 0,1,1)
