6986
20
9604123500
9604123500
0 1 1 2303 252 8 (D 0,1,1) (S 30,21,22) (S 39,27,26) (S 38,26,34) (S 47,34,33) (S 46,33,32) (S 45,32,24) (S 33,24,25) (S 35,25,21) (D 0,1,1)
0 1 2 2215 194 7 (D 0,1,1) (S 29,21,17) (S 21,17,18) (S 25,18,23) (S 32,23,22) (S 39,27,26) (S 37,26,25) (S 35,25,21) (D 0,1,1)
0 1 3 1809 176 7 (D 0,1,1) (S 29,21,17) (S 20,17,16) (S 18,16,8) (S 9,8,7) (S 8,7,13) (S 16,13,15) (S 28,20,21) (D 0,1,1)
0 1 4 1809 176 7 (D 0,1,1) (S 29,21,17) (S 20,17,16) (S 18,16,8) (S 9,8,7) (S 8,7,13) (S 16,13,15) (S 28,20,21) (D 0,1,1)
0 1 5 1805 312 8 (D 0,1,1) (S 29,21,17) (S 21,17,18) (S 24,18,19) (S 26,19,10) (S 12,10,9) (S 20,17,16) (S 19,16,15) (S 28,20,21) (D 0,1,1)
0 1 6 956 119 5 (D 0,1,1) (S 30,21,22) (S 22,17,22) (S 20,17,16) (S 19,16,15) (S 28,20,21) (D 0,1,1)
0 1 7 1629 263 7 (D 0,1,1) (S 29,21,17) (S 21,17,18) (S 23,18,10) (S 12,10,9) (S 20,17,16) (S 19,16,15) (S 28,20,21) (D 0,1,1)
0 1 8 2148 245 8 (D 0,1,1) (S 30,21,22) (S 39,27,26) (S 37,26,25) (S 36,25,33) (S 46,33,32) (S 45,32,24) (S 33,24,25) (S 35,25,21) (D 0,1,1)
0 1 9 1339 208 6 (D 0,1,1) (S 29,21,17) (S 20,17,16) (S 19,16,15) (S 17,14,24) (S 33,24,25) (S 35,25,21) (D 0,1,1)
0 1 10 2215 194 7 (D 0,1,1) (S 29,21,17) (S 21,17,18) (S 25,18,23) (S 32,23,22) (S 39,27,26) (S 37,26,25) (S 35,25,21) (D 0,1,1)
0 1 11 2608 282 8 (D 0,1,1) (S 29,21,17) (S 21,17,18) (S 23,18,10) (S 25,18,23) (S 32,23,22) (S 39,27,26) (S 37,26,25) (S 35,25,21) (D 0,1,1)
0 1 12 844 102 4 (D 0,1,1) (S 29,21,17) (S 20,17,16) (S 19,16,15) (S 28,20,21) (D 0,1,1)
0 1 13 978 97 4 (D 0,1,1) (S 30,21,22) (S 39,27,26) (S 37,26,25) (S 35,25,21) (D 0,1,1)
0 1 14 3969 685 15 (D 0,1,1) (S 29,21,17) (S 21,17,18) (S 23,18,10) (S 12,10,9) (S 2,2,3) (S 3,4,5) (S 4,5,11) (S 14,11,10) (S 24,18,19) (S 27,19,30) (S 42,29,23) (S 32,23,22) (S 39,27,26) (S 37,26,25) (S 35,25,21) (D 0,1,1)
0 1 15 8096 1652 37 (D 0,1,1) (S 29,21,17) (S 21,17,18) (S 23,18,10) (S 11,10,4) (S 3,4,5) (S 4,5,11) (S 14,11,10) (S 12,10,9) (S 10,9,8) (S 9,8,7) (S 7,7,6) (S 6,6,12) (S 15,12,13) (S 16,13,15) (S 28,20,21) (S 20,17,16) (S 19,16,15) (S 30,21,22) (S 39,27,26) (S 38,26,34) (S 48,34,35) (S 50,35,36) (S 52,36,37) (S 44,31,28) (S 41,28,29) (S 42,29,23) (S 32,23,22) (S 51,36,31) (S 43,31,27) (S 37,26,25) (S 36,25,33) (S 46,33,32) (S 45,32,24) (S 33,24,25) (S 18,16,8) (S 5,6,1) (S 8,7,13) (D 0,1,1)
0 1 16 2768 571 13 (D 0,1,1) (S 30,21,22) (S 39,27,26) (S 37,26,25) (S 35,25,21) (S 38,26,34) (S 48,34,35) (S 50,35,36) (S 51,36,31) (S 44,31,28) (S 41,28,29) (S 53,38,30) (S 42,29,23) (S 32,23,22) (D 0,1,1)
0 1 17 2147 238 9 (D 0,1,1) (S 30,21,22) (S 39,27,26) (S 38,26,34) (S 48,34,35) (S 50,35,36) (S 51,36,31) (S 43,31,27) (S 37,26,25) (S 35,25,21) (D 0,1,1)
0 1 18 1333 199 6 (D 0,1,1) (S 29,21,17) (S 20,17,16) (S 19,16,15) (S 39,27,26) (S 37,26,25) (S 35,25,21) (D 0,1,1)
0 1 19 3737 416 13 (D 0,1,1) (S 30,21,22) (S 39,27,26) (S 38,26,34) (S 48,34,35) (S 49,35,27) (S 37,26,25) (S 34,25,20) (S 28,20,21) (S 29,21,17) (S 21,17,18) (S 25,18,23) (S 32,23,22) (S 35,25,21) (D 0,1,1)
0 1 20 3841 605 16 (D 0,1,1) (S 29,21,17) (S 20,17,16) (S 19,16,15) (S 17,14,24) (S 33,24,25) (S 36,25,33) (S 46,33,32) (S 45,32,24) (S 35,25,21) (S 18,16,8) (S 9,8,7) (S 7,7,6) (S 6,6,12) (S 15,12,13) (S 16,13,15) (S 28,20,21) (D 0,1,1)
