388
6
12337556
22327
 0 1 1 5 68  7 (D 0,1,1) (S 22,1,10) (S 7,10,10) (S 20,7,8) (S 4,7,7) (S 9,7,12) (D 0,1,1)
 0 1 2 5 85  7 (D 0,1,1) (S 8,12,5) (S 18,3,5) (S 2,3,3) (S 15,3,4) (S 13,2,4) (D 0,1,1)
 0 1 3 5 89  7 (D 0,1,1) (S 14,1,4) (S 17,4,13) (S 23,5,11) (S 10,11,8) (S 5,8,8) (D 0,1,1)
 0 1 4 1 8  3 (D 0,1,1) (S 21,1,12) (D 0,1,1)
 0 1 5 5 88  7 (D 0,1,1) (S 25,12,13) (S 16,5,13) (S 12,5,6) (S 3,6,6) (S 11,6,12) (D 0,1,1)
 0 1 6 5 50  6 (D 0,1,1) (S 24,1,2) (S 1,2,2) (S 6,9,9) (S 19,9,10) (D 0,1,1)
