29967
55
20896611900
20896611900
0 1 1 351 400 11 (D 0,1,1) (S 124,2,1) (S 126,4,2) (S 205,69,4) (S 204,69,59) (S 194,59,11) (S 35,10,11) (S 132,10,9) (S 131,9,8) (S 130,8,7) (S 31,5,7) (S 29,4,5) (D 0,1,1)
0 1 2 234 468 5 (D 0,1,1) (S 124,2,1) (S 126,4,2) (S 205,69,4) (S 105,58,69) (S 94,57,58) (D 0,1,1)
0 1 3 436 485 15 (D 0,1,1) (S 124,2,1) (S 126,4,2) (S 29,4,5) (S 31,5,7) (S 130,8,7) (S 131,9,8) (S 132,10,9) (S 35,10,11) (S 81,11,48) (S 178,48,47) (S 177,47,46) (S 78,44,46) (S 219,59,44) (S 204,69,59) (S 205,69,4) (D 0,1,1)
0 1 4 376 752 11 (D 0,1,1) (S 124,2,1) (S 126,4,2) (S 205,69,4) (S 105,58,69) (S 94,57,58) (S 191,57,42) (S 171,42,41) (S 72,40,41) (S 69,39,40) (S 166,39,37) (S 164,37,33) (D 0,1,1)
0 1 5 376 752 11 (D 0,1,1) (S 124,2,1) (S 126,4,2) (S 205,69,4) (S 105,58,69) (S 94,57,58) (S 191,57,42) (S 171,42,41) (S 72,40,41) (S 69,39,40) (S 166,39,37) (S 164,37,33) (D 0,1,1)
0 1 6 367 734 9 (D 0,1,1) (S 124,2,1) (S 126,4,2) (S 205,69,4) (S 105,58,69) (S 94,57,58) (S 191,57,42) (S 171,42,41) (S 71,35,41) (S 162,35,32) (D 0,1,1)
0 1 7 234 468 5 (D 0,1,1) (S 124,2,1) (S 126,4,2) (S 205,69,4) (S 105,58,69) (S 94,57,58) (D 0,1,1)
0 1 8 351 400 11 (D 0,1,1) (S 124,2,1) (S 126,4,2) (S 29,4,5) (S 31,5,7) (S 130,8,7) (S 131,9,8) (S 132,10,9) (S 35,10,11) (S 194,59,11) (S 204,69,59) (S 205,69,4) (D 0,1,1)
0 1 9 124 248 3 (D 0,1,1) (S 124,2,1) (S 126,4,2) (S 205,69,4) (D 0,1,1)
0 1 10 347 694 13 (D 0,1,1) (S 124,2,1) (S 126,4,2) (S 29,4,5) (S 31,5,7) (S 130,8,7) (S 131,9,8) (S 132,10,9) (S 35,10,11) (S 36,11,12) (S 214,76,12) (S 215,76,20) (S 46,18,20) (S 113,18,72) (D 0,1,1)
0 1 11 241 482 6 (D 0,1,1) (S 124,2,1) (S 126,4,2) (S 205,69,4) (S 204,69,59) (S 219,59,44) (S 75,43,44) (D 0,1,1)
0 1 12 241 482 6 (D 0,1,1) (S 124,2,1) (S 126,4,2) (S 205,69,4) (S 204,69,59) (S 219,59,44) (S 75,43,44) (D 0,1,1)
0 1 13 124 248 3 (D 0,1,1) (S 124,2,1) (S 126,4,2) (S 205,69,4) (D 0,1,1)
0 1 14 436 485 15 (D 0,1,1) (S 124,2,1) (S 126,4,2) (S 205,69,4) (S 204,69,59) (S 219,59,44) (S 78,44,46) (S 177,47,46) (S 178,48,47) (S 81,11,48) (S 35,10,11) (S 132,10,9) (S 131,9,8) (S 130,8,7) (S 31,5,7) (S 29,4,5) (D 0,1,1)
0 1 15 347 694 13 (D 0,1,1) (S 124,2,1) (S 126,4,2) (S 29,4,5) (S 31,5,7) (S 130,8,7) (S 131,9,8) (S 132,10,9) (S 35,10,11) (S 36,11,12) (S 214,76,12) (S 215,76,20) (S 46,18,20) (S 113,18,72) (D 0,1,1)
0 1 16 367 734 9 (D 0,1,1) (S 124,2,1) (S 126,4,2) (S 205,69,4) (S 105,58,69) (S 94,57,58) (S 191,57,42) (S 171,42,41) (S 71,35,41) (S 162,35,32) (D 0,1,1)
0 1 17 410 820 10 (D 0,1,1) (S 124,2,1) (S 126,4,2) (S 205,69,4) (S 105,58,69) (S 94,57,58) (S 191,57,42) (S 171,42,41) (S 71,35,41) (S 162,35,32) (S 63,32,34) (D 0,1,1)
0 1 18 550 859 15 (D 0,1,1) (S 124,2,1) (S 126,4,2) (S 205,69,4) (S 105,58,69) (S 94,57,58) (S 191,57,42) (S 171,42,41) (S 72,40,41) (S 69,39,40) (S 166,39,37) (S 164,37,33) (S 62,32,33) (S 63,32,34) (S 162,35,32) (S 71,35,41) (D 0,1,1)
0 1 19 409 818 15 (D 0,1,1) (S 124,2,1) (S 126,4,2) (S 29,4,5) (S 31,5,7) (S 130,8,7) (S 131,9,8) (S 132,10,9) (S 35,10,11) (S 36,11,12) (S 214,76,12) (S 215,76,20) (S 46,18,20) (S 113,18,72) (S 207,72,71) (S 108,70,71) (D 0,1,1)
0 1 20 388 760 17 (D 0,1,1) (S 124,2,1) (S 126,4,2) (S 29,4,5) (S 31,5,7) (S 130,8,7) (S 131,9,8) (S 132,10,9) (S 35,10,11) (S 36,11,12) (S 214,76,12) (S 215,76,20) (S 46,18,20) (S 113,18,72) (S 207,72,71) (S 110,71,73) (S 112,73,74) (S 111,72,73) (D 0,1,1)
0 1 21 709 874 26 (D 0,1,1) (S 124,2,1) (S 126,4,2) (S 205,69,4) (S 204,69,59) (S 219,59,44) (S 78,44,46) (S 177,47,46) (S 180,49,47) (S 182,51,49) (S 218,51,21) (S 146,22,21) (S 49,22,75) (S 115,23,75) (S 158,31,23) (S 157,31,30) (S 61,31,32) (S 62,32,33) (S 65,33,36) (S 164,37,33) (S 166,39,37) (S 69,39,40) (S 72,40,41) (S 171,42,41) (S 191,57,42) (S 94,57,58) (S 105,58,69) (D 0,1,1)
0 1 22 322 644 16 (D 0,1,1) (S 124,2,1) (S 126,4,2) (S 205,69,4) (S 204,69,59) (S 219,59,44) (S 78,44,46) (S 177,47,46) (S 180,49,47) (S 182,51,49) (S 218,51,21) (S 146,22,21) (S 50,22,24) (S 51,24,25) (S 151,26,25) (S 152,26,23) (S 153,27,26) (D 0,1,1)
0 1 23 425 850 10 (D 0,1,1) (S 124,2,1) (S 126,4,2) (S 205,69,4) (S 105,58,69) (S 94,57,58) (S 191,57,42) (S 171,42,41) (S 71,35,41) (S 162,35,32) (S 61,31,32) (D 0,1,1)
0 1 24 328 656 14 (D 0,1,1) (S 124,2,1) (S 126,4,2) (S 205,69,4) (S 204,69,59) (S 219,59,44) (S 78,44,46) (S 177,47,46) (S 180,49,47) (S 182,51,49) (S 218,51,21) (S 146,22,21) (S 49,22,75) (S 115,23,75) (S 158,31,23) (D 0,1,1)
0 1 25 316 632 12 (D 0,1,1) (S 124,2,1) (S 126,4,2) (S 205,69,4) (S 105,58,69) (S 94,57,58) (S 191,57,42) (S 171,42,41) (S 72,40,41) (S 69,39,40) (S 70,35,39) (S 166,39,37) (S 67,37,38) (D 0,1,1)
0 1 26 329 562 16 (D 0,1,1) (S 124,2,1) (S 126,4,2) (S 29,4,5) (S 31,5,7) (S 130,8,7) (S 131,9,8) (S 132,10,9) (S 35,10,11) (S 36,11,12) (S 135,16,12) (S 136,16,13) (S 39,13,14) (S 40,14,15) (S 139,77,13) (S 119,76,77) (S 214,76,12) (D 0,1,1)
0 1 27 330 589 19 (D 0,1,1) (S 124,2,1) (S 126,4,2) (S 205,69,4) (S 204,69,59) (S 219,59,44) (S 78,44,46) (S 177,47,46) (S 180,49,47) (S 181,50,49) (S 183,52,50) (S 185,53,52) (S 184,53,51) (S 218,51,21) (S 146,22,21) (S 50,22,24) (S 51,24,25) (S 150,75,25) (S 49,22,75) (S 186,54,52) (D 0,1,1)
0 1 28 404 592 13 (D 0,1,1) (S 124,2,1) (S 126,4,2) (S 205,69,4) (S 105,58,69) (S 94,57,58) (S 191,57,42) (S 171,42,41) (S 72,40,41) (S 69,39,40) (S 92,42,56) (S 114,56,67) (S 220,67,60) (S 97,58,60) (D 0,1,1)
0 1 29 305 610 14 (D 0,1,1) (S 124,2,1) (S 126,4,2) (S 205,69,4) (S 204,69,59) (S 219,59,44) (S 78,44,46) (S 177,47,46) (S 180,49,47) (S 182,51,49) (S 218,51,21) (S 146,22,21) (S 50,22,24) (S 51,24,25) (S 58,25,29) (D 0,1,1)
0 1 30 272 544 9 (D 0,1,1) (S 124,2,1) (S 126,4,2) (S 205,69,4) (S 105,58,69) (S 97,58,60) (S 99,60,62) (S 198,63,62) (S 199,64,63) (S 200,65,63) (D 0,1,1)
0 1 31 273 546 8 (D 0,1,1) (S 124,2,1) (S 126,4,2) (S 205,69,4) (S 105,58,69) (S 97,58,60) (S 99,60,62) (S 201,66,62) (S 202,68,66) (D 0,1,1)
0 1 32 279 558 14 (D 0,1,1) (S 124,2,1) (S 126,4,2) (S 205,69,4) (S 204,69,59) (S 219,59,44) (S 78,44,46) (S 177,47,46) (S 180,49,47) (S 182,51,49) (S 184,53,51) (S 146,22,21) (S 50,22,24) (S 49,22,75) (S 218,51,21) (D 0,1,1)
0 1 33 338 619 14 (D 0,1,1) (S 124,2,1) (S 126,4,2) (S 29,4,5) (S 31,5,7) (S 130,8,7) (S 131,9,8) (S 132,10,9) (S 35,10,11) (S 36,11,12) (S 214,76,12) (S 141,18,15) (S 140,17,15) (S 118,15,77) (S 119,76,77) (D 0,1,1)
0 1 34 294 524 11 (D 0,1,1) (S 124,2,1) (S 126,4,2) (S 205,69,4) (S 204,69,59) (S 219,59,44) (S 78,44,46) (S 177,47,46) (S 180,49,47) (S 145,21,19) (S 90,19,50) (S 181,50,49) (D 0,1,1)
0 1 35 288 576 11 (D 0,1,1) (S 124,2,1) (S 126,4,2) (S 205,69,4) (S 204,69,59) (S 219,59,44) (S 78,44,46) (S 177,47,46) (S 180,49,47) (S 181,50,49) (S 90,19,50) (S 45,19,20) (D 0,1,1)
0 1 36 255 510 12 (D 0,1,1) (S 124,2,1) (S 126,4,2) (S 29,4,5) (S 31,5,7) (S 130,8,7) (S 131,9,8) (S 132,10,9) (S 35,10,11) (S 36,11,12) (S 214,76,12) (S 215,76,20) (S 46,18,20) (D 0,1,1)
0 1 37 228 456 6 (D 0,1,1) (S 124,2,1) (S 126,4,2) (S 205,69,4) (S 105,58,69) (S 97,58,60) (S 98,60,61) (D 0,1,1)
0 1 38 228 456 7 (D 0,1,1) (S 124,2,1) (S 126,4,2) (S 205,69,4) (S 105,58,69) (S 97,58,60) (S 99,60,62) (S 201,66,62) (D 0,1,1)
0 1 39 284 503 17 (D 0,1,1) (S 124,2,1) (S 126,4,2) (S 205,69,4) (S 204,69,59) (S 219,59,44) (S 76,44,45) (S 77,45,46) (S 177,47,46) (S 178,48,47) (S 180,49,47) (S 181,50,49) (S 183,52,50) (S 186,54,52) (S 185,53,52) (S 184,53,51) (S 182,51,49) (S 78,44,46) (D 0,1,1)
0 1 40 315 534 14 (D 0,1,1) (S 124,2,1) (S 126,4,2) (S 29,4,5) (S 31,5,7) (S 130,8,7) (S 131,9,8) (S 132,10,9) (S 35,10,11) (S 36,11,12) (S 214,76,12) (S 119,76,77) (S 139,77,13) (S 136,16,13) (S 135,16,12) (D 0,1,1)
0 1 41 272 461 8 (D 0,1,1) (S 124,2,1) (S 126,4,2) (S 205,69,4) (S 105,58,69) (S 97,58,60) (S 99,60,62) (S 123,62,67) (S 220,67,60) (D 0,1,1)
0 1 42 372 528 10 (D 0,1,1) (S 124,2,1) (S 126,4,2) (S 205,69,4) (S 105,58,69) (S 97,58,60) (S 220,67,60) (S 114,56,67) (S 92,42,56) (S 191,57,42) (S 94,57,58) (D 0,1,1)
0 1 43 242 484 7 (D 0,1,1) (S 124,2,1) (S 126,4,2) (S 205,69,4) (S 105,58,69) (S 97,58,60) (S 99,60,62) (S 198,63,62) (D 0,1,1)
0 1 44 200 363 8 (D 0,1,1) (S 124,2,1) (S 126,4,2) (S 205,69,4) (S 204,69,59) (S 219,59,44) (S 76,44,45) (S 77,45,46) (S 78,44,46) (D 0,1,1)
0 1 45 175 350 7 (D 0,1,1) (S 124,2,1) (S 126,4,2) (S 29,4,5) (S 31,5,7) (S 130,8,7) (S 131,9,8) (S 132,10,9) (D 0,1,1)
0 1 46 473 522 20 (D 0,1,1) (S 124,2,1) (S 126,4,2) (S 29,4,5) (S 31,5,7) (S 130,8,7) (S 131,9,8) (S 132,10,9) (S 35,10,11) (S 36,11,12) (S 214,76,12) (S 215,76,20) (S 45,19,20) (S 90,19,50) (S 181,50,49) (S 180,49,47) (S 177,47,46) (S 78,44,46) (S 219,59,44) (S 204,69,59) (S 205,69,4) (D 0,1,1)
0 1 47 192 316 6 (D 0,1,1) (S 124,2,1) (S 126,4,2) (S 205,69,4) (S 204,69,59) (S 95,58,59) (S 105,58,69) (D 0,1,1)
0 1 48 297 594 11 (D 0,1,1) (S 124,2,1) (S 126,4,2) (S 205,69,4) (S 204,69,59) (S 219,59,44) (S 78,44,46) (S 177,47,46) (S 180,49,47) (S 181,50,49) (S 90,19,50) (S 142,19,18) (D 0,1,1)
0 1 49 137 274 6 (D 0,1,1) (S 124,2,1) (S 126,4,2) (S 29,4,5) (S 31,5,7) (S 130,8,7) (S 30,5,6) (D 0,1,1)
0 1 50 253 438 8 (D 0,1,1) (S 124,2,1) (S 126,4,2) (S 205,69,4) (S 105,58,69) (S 97,58,60) (S 95,58,59) (S 219,59,44) (S 204,69,59) (D 0,1,1)
0 1 51 407 598 13 (D 0,1,1) (S 124,2,1) (S 126,4,2) (S 205,69,4) (S 105,58,69) (S 97,58,60) (S 220,67,60) (S 114,56,67) (S 189,56,55) (S 92,42,56) (S 172,43,42) (S 171,42,41) (S 191,57,42) (S 94,57,58) (D 0,1,1)
0 1 52 105 210 3 (D 0,1,1) (S 124,2,1) (S 126,4,2) (S 29,4,5) (D 0,1,1)
0 1 53 228 456 10 (D 0,1,1) (S 124,2,1) (S 126,4,2) (S 205,69,4) (S 204,69,59) (S 219,59,44) (S 78,44,46) (S 177,47,46) (S 180,49,47) (S 181,50,49) (S 183,52,50) (D 0,1,1)
0 1 54 396 691 20 (D 0,1,1) (S 124,2,1) (S 27,2,3) (S 126,4,2) (S 205,69,4) (S 204,69,59) (S 219,59,44) (S 78,44,46) (S 177,47,46) (S 180,49,47) (S 182,51,49) (S 218,51,21) (S 146,22,21) (S 49,22,75) (S 115,23,75) (S 152,26,23) (S 154,28,26) (S 57,28,29) (S 151,26,25) (S 51,24,25) (S 50,22,24) (D 0,1,1)
0 1 55 32 64 1 (D 0,1,1) (S 124,2,1) (D 0,1,1)
