349
6
12557041
163196
 0 1 1 5 48  7 (D 0,1,1) (S 4,6,6) (S 3,5,5) (S 8,3,4) (S 2,4,4) (S 11,4,12) (D 0,1,1)
 0 1 2 5 85  7 (D 0,1,1) (S 16,1,10) (S 17,10,11) (S 13,2,3) (S 18,3,5) (S 23,5,12) (D 0,1,1)
 0 1 3 5 63  6 (D 0,1,1) (S 14,5,11) (S 1,2,2) (S 19,2,9) (S 10,9,1) (D 0,1,1)
 0 1 4 5 55  7 (D 0,1,1) (S 7,12,6) (S 22,6,8) (S 24,8,10) (S 5,7,7) (S 15,7,12) (D 0,1,1)
 0 1 5 1 8  3 (D 0,1,1) (S 6,12,12) (D 0,1,1)
 0 1 6 5 90  7 (D 0,1,1) (S 20,1,7) (S 21,7,10) (S 12,8,11) (S 9,11,9) (S 25,9,10) (D 0,1,1)
