153
7
22806820
165628
 0 1 1 20 22  10 (D 0,1,1) (S 12,11,15) (S 8,16,16) (S 36,16,12) (S 28,12,6) (S 4,6,6) (S 6,12,12) (S 21,11,10) (S 27,9,3) (D 0,1,1)
 0 1 2 20 31  8 (D 0,1,1) (S 25,11,12) (S 33,12,13) (S 22,14,8) (S 34,7,8) (S 29,8,7) (S 17,7,6) (D 0,1,1)
 0 1 3 19 11  5 (D 0,1,1) (S 26,4,5) (S 3,5,5) (S 5,10,10) (D 0,1,1)
 0 1 4 19 30  8 (D 0,1,1) (S 7,13,13) (S 40,13,14) (S 13,14,18) (S 30,17,18) (S 32,18,17) (S 11,17,13) (D 0,1,1)
 0 1 5 20 13  8 (D 0,1,1) (S 14,1,2) (S 1,2,2) (S 41,4,2) (S 23,5,10) (S 19,10,9) (S 2,3,3) (D 0,1,1)
 0 1 6 20 23  8 (D 0,1,1) (S 15,9,19) (S 39,19,20) (S 24,23,20) (S 9,20,20) (S 20,23,22) (S 37,22,19) (D 0,1,1)
 0 1 7 19 23  8 (D 0,1,1) (S 35,23,24) (S 16,24,21) (S 10,21,21) (S 18,21,15) (S 38,15,16) (S 31,16,15) (D 0,1,1)
