98
6
11105241
9864
 0 1 1 19 27  7 (D 0,1,1) (S 12,1,5) (S 10,5,8) (S 11,4,5) (S 4,5,5) (S 15,3,8) (D 0,1,1)
 0 1 2 23 12  6 (D 0,1,1) (S 8,1,4) (S 19,4,6) (S 5,6,6) (S 20,2,8) (D 0,1,1)
 0 1 3 23 17  8 (D 0,1,1) (S 14,1,3) (S 17,3,6) (S 7,6,8) (S 24,1,8) (S 3,4,4) (S 18,4,7) (D 0,1,1)
 0 1 4 20 16  5 (D 0,1,1) (S 2,3,3) (S 13,3,5) (S 21,2,7) (D 0,1,1)
 0 1 5 22 16  7 (D 0,1,1) (S 6,1,2) (S 25,2,6) (S 1,2,2) (S 22,2,5) (S 23,5,7) (D 0,1,1)
 0 1 6 9 10  4 (D 0,1,1) (S 16,1,7) (S 9,7,8) (D 0,1,1)
