137
7
19635965
108901
 0 1 1 20 28  7 (D 0,1,1) (S 23,14,8) (S 31,8,7) (S 5,7,7) (S 21,7,6) (S 30,12,11) (D 0,1,1)
 0 1 2 20 19  6 (D 0,1,1) (S 27,20,23) (S 15,23,23) (S 16,23,22) (S 36,22,19) (D 0,1,1)
 0 1 3 20 22  9 (D 0,1,1) (S 11,15,15) (S 12,16,16) (S 35,16,12) (S 33,12,6) (S 25,6,12) (S 9,12,12) (S 8,11,11) (D 0,1,1)
 0 1 4 18 11  5 (D 0,1,1) (S 4,5,5) (S 18,5,10) (S 7,10,10) (D 0,1,1)
 0 1 5 20 29  8 (D 0,1,1) (S 34,11,12) (S 10,13,13) (S 28,13,14) (S 20,14,18) (S 32,18,17) (S 13,17,17) (D 0,1,1)
 0 1 6 20 6  8 (D 0,1,1) (S 2,3,3) (S 19,3,4) (S 3,4,4) (S 26,4,2) (S 1,2,2) (S 22,2,1) (D 0,1,1)
 0 1 7 19 22  7 (D 0,1,1) (S 17,9,19) (S 29,19,20) (S 14,21,21) (S 24,20,10) (S 6,9,9) (D 0,1,1)
