50343
91
159885052200
159885052200
0 1 1 221 442 8 (D 0,1,1) (S 371,116,1) (S 370,116,115) (S 369,115,114) (S 368,114,113) (S 366,113,112) (S 175,107,112) (S 169,107,108) (S 361,109,108) (D 0,1,1)
0 1 2 414 623 23 (D 0,1,1) (S 371,116,1) (S 372,117,116) (S 376,119,117) (S 187,119,120) (S 191,120,121) (S 382,122,121) (S 193,87,122) (S 329,87,86) (S 328,86,85) (S 327,85,84) (S 325,84,82) (S 132,80,82) (S 319,80,79) (S 128,78,79) (S 127,77,78) (S 126,46,77) (S 275,46,43) (S 269,43,37) (S 260,37,36) (S 261,38,36) (S 265,41,38) (S 76,41,47) (S 274,47,46) (D 0,1,1)
0 1 3 190 380 5 (D 0,1,1) (S 371,116,1) (S 372,117,116) (S 375,118,117) (S 379,118,91) (S 335,91,66) (D 0,1,1)
0 1 4 190 380 5 (D 0,1,1) (S 371,116,1) (S 372,117,116) (S 375,118,117) (S 379,118,91) (S 335,91,66) (D 0,1,1)
0 1 5 203 406 7 (D 0,1,1) (S 371,116,1) (S 372,117,116) (S 376,119,117) (S 187,119,120) (S 196,120,123) (S 385,124,123) (S 388,124,4) (D 0,1,1)
0 1 6 221 442 8 (D 0,1,1) (S 371,116,1) (S 370,116,115) (S 369,115,114) (S 368,114,113) (S 366,113,112) (S 175,107,112) (S 169,107,108) (S 361,109,108) (D 0,1,1)
0 1 7 414 623 23 (D 0,1,1) (S 371,116,1) (S 372,117,116) (S 376,119,117) (S 187,119,120) (S 191,120,121) (S 382,122,121) (S 193,87,122) (S 329,87,86) (S 328,86,85) (S 327,85,84) (S 325,84,82) (S 132,80,82) (S 319,80,79) (S 128,78,79) (S 127,77,78) (S 126,46,77) (S 274,47,46) (S 76,41,47) (S 265,41,38) (S 261,38,36) (S 260,37,36) (S 269,43,37) (S 275,46,43) (D 0,1,1)
0 1 8 195 390 6 (D 0,1,1) (S 371,116,1) (S 372,117,116) (S 375,118,117) (S 379,118,91) (S 333,91,90) (S 334,90,68) (D 0,1,1)
0 1 9 195 390 6 (D 0,1,1) (S 371,116,1) (S 372,117,116) (S 375,118,117) (S 379,118,91) (S 333,91,90) (S 334,90,68) (D 0,1,1)
0 1 10 203 406 7 (D 0,1,1) (S 371,116,1) (S 372,117,116) (S 376,119,117) (S 187,119,120) (S 196,120,123) (S 385,124,123) (S 388,124,4) (D 0,1,1)
0 1 11 183 366 12 (D 0,1,1) (S 371,116,1) (S 372,117,116) (S 376,119,117) (S 187,119,120) (S 191,120,121) (S 382,122,121) (S 193,87,122) (S 329,87,86) (S 328,86,85) (S 327,85,84) (S 326,84,83) (S 324,83,81) (D 0,1,1)
0 1 12 473 907 31 (D 0,1,1) (S 371,116,1) (S 372,117,116) (S 376,119,117) (S 187,119,120) (S 191,120,121) (S 382,122,121) (S 193,87,122) (S 329,87,86) (S 328,86,85) (S 327,85,84) (S 325,84,82) (S 132,80,82) (S 319,80,79) (S 128,78,79) (S 127,77,78) (S 126,46,77) (S 275,46,43) (S 270,44,43) (S 81,44,45) (S 82,34,45) (S 256,139,34) (S 276,139,33) (S 255,33,11) (S 37,11,12) (S 38,12,13) (S 233,17,13) (S 232,17,15) (S 40,10,15) (S 225,10,9) (S 231,16,15) (S 44,13,16) (D 0,1,1)
0 1 13 544 1064 27 (D 0,1,1) (S 371,116,1) (S 372,117,116) (S 376,119,117) (S 187,119,120) (S 191,120,121) (S 382,122,121) (S 193,87,122) (S 329,87,86) (S 328,86,85) (S 327,85,84) (S 325,84,82) (S 132,80,82) (S 319,80,79) (S 128,78,79) (S 127,77,78) (S 126,46,77) (S 275,46,43) (S 270,44,43) (S 81,44,45) (S 82,34,45) (S 256,139,34) (S 276,139,33) (S 255,33,11) (S 37,11,12) (S 48,12,20) (S 51,21,23) (S 49,20,21) (D 0,1,1)
0 1 14 490 980 30 (D 0,1,1) (S 371,116,1) (S 372,117,116) (S 376,119,117) (S 187,119,120) (S 191,120,121) (S 382,122,121) (S 193,87,122) (S 329,87,86) (S 328,86,85) (S 327,85,84) (S 325,84,82) (S 132,80,82) (S 319,80,79) (S 128,78,79) (S 127,77,78) (S 126,46,77) (S 275,46,43) (S 270,44,43) (S 81,44,45) (S 82,34,45) (S 256,139,34) (S 276,139,33) (S 255,33,11) (S 37,11,12) (S 38,12,13) (S 233,17,13) (S 232,17,15) (S 40,10,15) (S 225,10,9) (S 34,8,9) (D 0,1,1)
0 1 15 489 978 26 (D 0,1,1) (S 371,116,1) (S 372,117,116) (S 376,119,117) (S 187,119,120) (S 191,120,121) (S 382,122,121) (S 193,87,122) (S 329,87,86) (S 328,86,85) (S 327,85,84) (S 325,84,82) (S 132,80,82) (S 319,80,79) (S 128,78,79) (S 127,77,78) (S 126,46,77) (S 275,46,43) (S 270,44,43) (S 81,44,45) (S 82,34,45) (S 256,139,34) (S 276,139,33) (S 255,33,11) (S 37,11,12) (S 48,12,20) (S 49,20,21) (D 0,1,1)
0 1 16 563 1069 31 (D 0,1,1) (S 371,116,1) (S 372,117,116) (S 376,119,117) (S 187,119,120) (S 191,120,121) (S 382,122,121) (S 193,87,122) (S 329,87,86) (S 328,86,85) (S 327,85,84) (S 325,84,82) (S 132,80,82) (S 319,80,79) (S 128,78,79) (S 127,77,78) (S 126,46,77) (S 275,46,43) (S 270,44,43) (S 81,44,45) (S 82,34,45) (S 256,139,34) (S 276,139,33) (S 64,29,33) (S 59,28,29) (S 60,28,30) (S 251,31,30) (S 62,26,31) (S 246,26,23) (S 51,21,23) (S 57,25,27) (S 248,28,27) (D 0,1,1)
0 1 17 539 979 29 (D 0,1,1) (S 371,116,1) (S 372,117,116) (S 376,119,117) (S 187,119,120) (S 191,120,121) (S 382,122,121) (S 193,87,122) (S 329,87,86) (S 328,86,85) (S 327,85,84) (S 325,84,82) (S 132,80,82) (S 319,80,79) (S 128,78,79) (S 127,77,78) (S 126,46,77) (S 275,46,43) (S 270,44,43) (S 81,44,45) (S 82,34,45) (S 256,139,34) (S 276,139,33) (S 64,29,33) (S 59,28,29) (S 60,28,30) (S 251,31,30) (S 62,26,31) (S 246,26,23) (S 53,23,24) (D 0,1,1)
0 1 18 536 941 30 (D 0,1,1) (S 371,116,1) (S 372,117,116) (S 376,119,117) (S 187,119,120) (S 191,120,121) (S 382,122,121) (S 193,87,122) (S 329,87,86) (S 328,86,85) (S 327,85,84) (S 325,84,82) (S 132,80,82) (S 319,80,79) (S 128,78,79) (S 127,77,78) (S 126,46,77) (S 275,46,43) (S 270,44,43) (S 81,44,45) (S 82,34,45) (S 256,139,34) (S 276,139,33) (S 64,29,33) (S 59,28,29) (S 60,28,30) (S 251,31,30) (S 62,26,31) (S 245,26,25) (S 57,25,27) (S 248,28,27) (D 0,1,1)
0 1 19 451 902 26 (D 0,1,1) (S 371,116,1) (S 372,117,116) (S 376,119,117) (S 187,119,120) (S 191,120,121) (S 382,122,121) (S 193,87,122) (S 329,87,86) (S 328,86,85) (S 327,85,84) (S 325,84,82) (S 132,80,82) (S 319,80,79) (S 128,78,79) (S 127,77,78) (S 126,46,77) (S 275,46,43) (S 270,44,43) (S 81,44,45) (S 82,34,45) (S 256,139,34) (S 276,139,33) (S 64,29,33) (S 59,28,29) (S 60,28,30) (S 251,31,30) (D 0,1,1)
0 1 20 556 904 31 (D 0,1,1) (S 371,116,1) (S 372,117,116) (S 376,119,117) (S 187,119,120) (S 191,120,121) (S 382,122,121) (S 193,87,122) (S 329,87,86) (S 328,86,85) (S 327,85,84) (S 325,84,82) (S 132,80,82) (S 319,80,79) (S 128,78,79) (S 127,77,78) (S 126,46,77) (S 275,46,43) (S 270,44,43) (S 81,44,45) (S 82,34,45) (S 256,139,34) (S 276,139,33) (S 64,29,33) (S 59,28,29) (S 248,28,27) (S 57,25,27) (S 244,25,24) (S 52,20,24) (S 48,12,20) (S 37,11,12) (S 255,33,11) (D 0,1,1)
0 1 21 439 878 27 (D 0,1,1) (S 371,116,1) (S 372,117,116) (S 376,119,117) (S 187,119,120) (S 191,120,121) (S 382,122,121) (S 193,87,122) (S 329,87,86) (S 328,86,85) (S 327,85,84) (S 325,84,82) (S 132,80,82) (S 319,80,79) (S 128,78,79) (S 127,77,78) (S 126,46,77) (S 275,46,43) (S 270,44,43) (S 81,44,45) (S 82,34,45) (S 256,139,34) (S 276,139,33) (S 255,33,11) (S 37,11,12) (S 38,12,13) (S 229,14,13) (S 44,13,16) (D 0,1,1)
0 1 22 561 1010 32 (D 0,1,1) (S 371,116,1) (S 372,117,116) (S 376,119,117) (S 187,119,120) (S 191,120,121) (S 382,122,121) (S 193,87,122) (S 329,87,86) (S 328,86,85) (S 327,85,84) (S 325,84,82) (S 132,80,82) (S 319,80,79) (S 128,78,79) (S 127,77,78) (S 126,46,77) (S 275,46,43) (S 270,44,43) (S 81,44,45) (S 82,34,45) (S 256,139,34) (S 276,139,33) (S 255,33,11) (S 226,11,8) (S 223,8,6) (S 221,6,5) (S 34,8,9) (S 225,10,9) (S 40,10,15) (S 233,17,13) (S 38,12,13) (S 37,11,12) (D 0,1,1)
0 1 23 420 840 24 (D 0,1,1) (S 371,116,1) (S 372,117,116) (S 376,119,117) (S 187,119,120) (S 191,120,121) (S 382,122,121) (S 193,87,122) (S 329,87,86) (S 328,86,85) (S 327,85,84) (S 325,84,82) (S 132,80,82) (S 319,80,79) (S 128,78,79) (S 127,77,78) (S 126,46,77) (S 275,46,43) (S 270,44,43) (S 81,44,45) (S 82,34,45) (S 256,139,34) (S 276,139,33) (S 255,33,11) (S 226,11,8) (D 0,1,1)
0 1 24 564 997 31 (D 0,1,1) (S 371,116,1) (S 372,117,116) (S 376,119,117) (S 187,119,120) (S 191,120,121) (S 382,122,121) (S 193,87,122) (S 329,87,86) (S 328,86,85) (S 327,85,84) (S 325,84,82) (S 132,80,82) (S 319,80,79) (S 128,78,79) (S 127,77,78) (S 126,46,77) (S 275,46,43) (S 270,44,43) (S 81,44,45) (S 82,34,45) (S 256,139,34) (S 276,139,33) (S 64,29,33) (S 59,28,29) (S 60,28,30) (S 63,30,32) (S 251,31,30) (S 62,26,31) (S 245,26,25) (S 57,25,27) (S 248,28,27) (D 0,1,1)
0 1 25 416 832 26 (D 0,1,1) (S 371,116,1) (S 372,117,116) (S 376,119,117) (S 187,119,120) (S 191,120,121) (S 382,122,121) (S 193,87,122) (S 329,87,86) (S 328,86,85) (S 327,85,84) (S 325,84,82) (S 132,80,82) (S 319,80,79) (S 128,78,79) (S 127,77,78) (S 126,46,77) (S 275,46,43) (S 270,44,43) (S 81,44,45) (S 82,34,45) (S 256,139,34) (S 276,139,33) (S 64,29,33) (S 59,28,29) (S 248,28,27) (S 60,28,30) (D 0,1,1)
0 1 26 485 833 27 (D 0,1,1) (S 371,116,1) (S 372,117,116) (S 376,119,117) (S 187,119,120) (S 191,120,121) (S 382,122,121) (S 193,87,122) (S 329,87,86) (S 328,86,85) (S 327,85,84) (S 325,84,82) (S 132,80,82) (S 319,80,79) (S 128,78,79) (S 127,77,78) (S 126,46,77) (S 275,46,43) (S 270,44,43) (S 81,44,45) (S 82,34,45) (S 256,139,34) (S 276,139,33) (S 255,33,11) (S 219,11,27) (S 248,28,27) (S 59,28,29) (S 64,29,33) (D 0,1,1)
0 1 27 397 794 24 (D 0,1,1) (S 371,116,1) (S 372,117,116) (S 376,119,117) (S 187,119,120) (S 191,120,121) (S 382,122,121) (S 193,87,122) (S 329,87,86) (S 328,86,85) (S 327,85,84) (S 325,84,82) (S 132,80,82) (S 319,80,79) (S 128,78,79) (S 127,77,78) (S 126,46,77) (S 275,46,43) (S 270,44,43) (S 81,44,45) (S 82,34,45) (S 256,139,34) (S 276,139,33) (S 255,33,11) (S 37,11,12) (D 0,1,1)
0 1 28 400 800 23 (D 0,1,1) (S 371,116,1) (S 372,117,116) (S 376,119,117) (S 187,119,120) (S 191,120,121) (S 382,122,121) (S 193,87,122) (S 329,87,86) (S 328,86,85) (S 327,85,84) (S 325,84,82) (S 132,80,82) (S 319,80,79) (S 128,78,79) (S 127,77,78) (S 126,46,77) (S 275,46,43) (S 270,44,43) (S 81,44,45) (S 82,34,45) (S 256,139,34) (S 276,139,33) (S 64,29,33) (D 0,1,1)
0 1 29 681 699 36 (D 0,1,1) (S 371,116,1) (S 372,117,116) (S 375,118,117) (S 379,118,91) (S 333,91,90) (S 334,90,68) (S 302,68,67) (S 113,67,69) (S 304,70,69) (S 220,58,70) (S 289,59,58) (S 103,59,61) (S 294,61,49) (S 88,48,49) (S 279,50,48) (S 90,50,51) (S 281,52,51) (S 92,52,53) (S 93,53,140) (S 217,55,140) (S 96,55,56) (S 109,56,65) (S 298,65,64) (S 149,64,93) (S 341,94,93) (S 160,94,101) (S 162,101,102) (S 165,102,104) (S 166,104,105) (S 357,106,105) (S 168,106,107) (S 175,107,112) (S 366,113,112) (S 368,114,113) (S 369,115,114) (S 370,116,115) (D 0,1,1)
0 1 30 466 932 27 (D 0,1,1) (S 371,116,1) (S 372,117,116) (S 376,119,117) (S 187,119,120) (S 191,120,121) (S 382,122,121) (S 193,87,122) (S 329,87,86) (S 328,86,85) (S 327,85,84) (S 325,84,82) (S 132,80,82) (S 319,80,79) (S 128,78,79) (S 127,77,78) (S 126,46,77) (S 275,46,43) (S 270,44,43) (S 81,44,45) (S 101,45,60) (S 82,34,45) (S 256,139,34) (S 276,139,33) (S 255,33,11) (S 226,11,8) (S 223,8,6) (S 32,6,7) (D 0,1,1)
0 1 31 441 882 29 (D 0,1,1) (S 371,116,1) (S 372,117,116) (S 376,119,117) (S 187,119,120) (S 191,120,121) (S 382,122,121) (S 193,87,122) (S 329,87,86) (S 328,86,85) (S 327,85,84) (S 325,84,82) (S 132,80,82) (S 319,80,79) (S 128,78,79) (S 127,77,78) (S 126,46,77) (S 275,46,43) (S 270,44,43) (S 81,44,45) (S 82,34,45) (S 256,139,34) (S 276,139,33) (S 255,33,11) (S 37,11,12) (S 38,12,13) (S 233,17,13) (S 45,17,18) (S 46,18,19) (S 44,13,16) (D 0,1,1)
0 1 32 370 740 22 (D 0,1,1) (S 371,116,1) (S 370,116,115) (S 369,115,114) (S 368,114,113) (S 366,113,112) (S 175,107,112) (S 168,106,107) (S 357,106,105) (S 166,104,105) (S 165,102,104) (S 162,101,102) (S 160,94,101) (S 341,94,93) (S 149,64,93) (S 298,65,64) (S 109,56,65) (S 96,55,56) (S 217,55,140) (S 93,53,140) (S 92,52,53) (S 281,52,51) (S 90,50,51) (D 0,1,1)
0 1 33 335 670 21 (D 0,1,1) (S 371,116,1) (S 372,117,116) (S 376,119,117) (S 187,119,120) (S 191,120,121) (S 382,122,121) (S 193,87,122) (S 329,87,86) (S 328,86,85) (S 327,85,84) (S 325,84,82) (S 132,80,82) (S 319,80,79) (S 128,78,79) (S 127,77,78) (S 126,46,77) (S 275,46,43) (S 270,44,43) (S 81,44,45) (S 82,34,45) (S 256,139,34) (D 0,1,1)
0 1 34 384 739 22 (D 0,1,1) (S 371,116,1) (S 372,117,116) (S 376,119,117) (S 187,119,120) (S 191,120,121) (S 382,122,121) (S 193,87,122) (S 329,87,86) (S 328,86,85) (S 327,85,84) (S 325,84,82) (S 132,80,82) (S 319,80,79) (S 128,78,79) (S 127,77,78) (S 126,46,77) (S 275,46,43) (S 270,44,43) (S 81,44,45) (S 82,34,45) (S 256,139,34) (S 87,48,139) (D 0,1,1)
0 1 35 294 547 21 (D 0,1,1) (S 371,116,1) (S 372,117,116) (S 376,119,117) (S 187,119,120) (S 191,120,121) (S 382,122,121) (S 193,87,122) (S 329,87,86) (S 328,86,85) (S 327,85,84) (S 325,84,82) (S 132,80,82) (S 319,80,79) (S 128,78,79) (S 127,77,78) (S 126,46,77) (S 275,46,43) (S 269,43,37) (S 260,37,36) (S 258,36,35) (S 259,37,35) (D 0,1,1)
0 1 36 351 618 14 (D 0,1,1) (S 371,116,1) (S 372,117,116) (S 375,118,117) (S 379,118,91) (S 333,91,90) (S 334,90,68) (S 302,68,67) (S 113,67,69) (S 304,70,69) (S 220,58,70) (S 289,59,58) (S 290,60,59) (S 292,61,60) (S 103,59,61) (D 0,1,1)
0 1 37 391 657 29 (D 0,1,1) (S 371,116,1) (S 372,117,116) (S 376,119,117) (S 187,119,120) (S 191,120,121) (S 382,122,121) (S 193,87,122) (S 329,87,86) (S 328,86,85) (S 327,85,84) (S 325,84,82) (S 132,80,82) (S 319,80,79) (S 128,78,79) (S 127,77,78) (S 126,46,77) (S 275,46,43) (S 268,43,42) (S 273,47,42) (S 77,37,42) (S 259,37,35) (S 258,36,35) (S 261,38,36) (S 262,39,38) (S 263,40,39) (S 74,40,41) (S 265,41,38) (S 260,37,36) (S 269,43,37) (D 0,1,1)
0 1 38 725 977 40 (D 0,1,1) (S 371,116,1) (S 372,117,116) (S 375,118,117) (S 379,118,91) (S 333,91,90) (S 334,90,68) (S 302,68,67) (S 113,67,69) (S 116,69,71) (S 307,72,71) (S 309,74,72) (S 310,74,73) (S 121,44,73) (S 81,44,45) (S 82,34,45) (S 256,139,34) (S 276,139,33) (S 64,29,33) (S 59,28,29) (S 248,28,27) (S 57,25,27) (S 244,25,24) (S 52,20,24) (S 240,22,20) (S 270,44,43) (S 275,46,43) (S 126,46,77) (S 127,77,78) (S 128,78,79) (S 319,80,79) (S 132,80,82) (S 325,84,82) (S 327,85,84) (S 328,86,85) (S 329,87,86) (S 193,87,122) (S 382,122,121) (S 191,120,121) (S 187,119,120) (S 376,119,117) (D 0,1,1)
0 1 39 304 562 19 (D 0,1,1) (S 371,116,1) (S 372,117,116) (S 376,119,117) (S 187,119,120) (S 191,120,121) (S 382,122,121) (S 193,87,122) (S 329,87,86) (S 328,86,85) (S 327,85,84) (S 325,84,82) (S 132,80,82) (S 319,80,79) (S 128,78,79) (S 127,77,78) (S 121,44,73) (S 270,44,43) (S 275,46,43) (S 126,46,77) (D 0,1,1)
0 1 40 592 614 27 (D 0,1,1) (S 371,116,1) (S 370,116,115) (S 369,115,114) (S 368,114,113) (S 366,113,112) (S 175,107,112) (S 168,106,107) (S 357,106,105) (S 166,104,105) (S 165,102,104) (S 162,101,102) (S 160,94,101) (S 341,94,93) (S 149,64,93) (S 298,65,64) (S 109,56,65) (S 96,55,56) (S 217,55,140) (S 218,54,140) (S 95,54,55) (S 97,56,57) (S 295,62,57) (S 300,66,62) (S 335,91,66) (S 379,118,91) (S 375,118,117) (S 372,117,116) (D 0,1,1)
0 1 41 291 533 22 (D 0,1,1) (S 371,116,1) (S 372,117,116) (S 376,119,117) (S 187,119,120) (S 191,120,121) (S 382,122,121) (S 193,87,122) (S 329,87,86) (S 328,86,85) (S 327,85,84) (S 325,84,82) (S 132,80,82) (S 319,80,79) (S 128,78,79) (S 127,77,78) (S 126,46,77) (S 275,46,43) (S 269,43,37) (S 77,37,42) (S 273,47,42) (S 274,47,46) (S 315,77,76) (D 0,1,1)
0 1 42 267 534 11 (D 0,1,1) (S 371,116,1) (S 372,117,116) (S 375,118,117) (S 379,118,91) (S 333,91,90) (S 334,90,68) (S 302,68,67) (S 113,67,69) (S 304,70,69) (S 220,58,70) (S 289,59,58) (D 0,1,1)
0 1 43 503 570 24 (D 0,1,1) (S 371,116,1) (S 372,117,116) (S 375,118,117) (S 379,118,91) (S 335,91,66) (S 300,66,62) (S 295,62,57) (S 288,58,57) (S 106,62,63) (S 297,64,63) (S 298,65,64) (S 149,64,93) (S 341,94,93) (S 160,94,101) (S 162,101,102) (S 165,102,104) (S 166,104,105) (S 357,106,105) (S 168,106,107) (S 175,107,112) (S 366,113,112) (S 368,114,113) (S 369,115,114) (S 370,116,115) (D 0,1,1)
0 1 44 268 519 16 (D 0,1,1) (S 371,116,1) (S 370,116,115) (S 369,115,114) (S 368,114,113) (S 366,113,112) (S 175,107,112) (S 168,106,107) (S 357,106,105) (S 166,104,105) (S 165,102,104) (S 162,101,102) (S 160,94,101) (S 346,99,96) (S 154,96,97) (S 343,96,95) (S 152,94,95) (D 0,1,1)
0 1 45 250 500 10 (D 0,1,1) (S 371,116,1) (S 372,117,116) (S 375,118,117) (S 379,118,91) (S 333,91,90) (S 334,90,68) (S 302,68,67) (S 113,67,69) (S 116,69,71) (S 312,75,71) (D 0,1,1)
0 1 46 323 570 17 (D 0,1,1) (S 371,116,1) (S 370,116,115) (S 369,115,114) (S 368,114,113) (S 366,113,112) (S 175,107,112) (S 168,106,107) (S 357,106,105) (S 166,104,105) (S 165,102,104) (S 162,101,102) (S 160,94,101) (S 341,94,93) (S 149,64,93) (S 298,65,64) (S 109,56,65) (S 97,56,57) (D 0,1,1)
0 1 47 288 538 14 (D 0,1,1) (S 371,116,1) (S 372,117,116) (S 375,118,117) (S 379,118,91) (S 333,91,90) (S 334,90,68) (S 302,68,67) (S 113,67,69) (S 116,69,71) (S 307,72,71) (S 309,74,72) (S 314,76,74) (S 310,74,73) (S 118,72,73) (D 0,1,1)
0 1 48 234 468 14 (D 0,1,1) (S 371,116,1) (S 370,116,115) (S 369,115,114) (S 368,114,113) (S 366,113,112) (S 175,107,112) (S 168,106,107) (S 357,106,105) (S 166,104,105) (S 165,102,104) (S 162,101,102) (S 160,94,101) (S 349,100,94) (S 158,99,100) (D 0,1,1)
0 1 49 345 615 21 (D 0,1,1) (S 371,116,1) (S 372,117,116) (S 376,119,117) (S 187,119,120) (S 191,120,121) (S 382,122,121) (S 193,87,122) (S 329,87,86) (S 328,86,85) (S 327,85,84) (S 325,84,82) (S 132,80,82) (S 319,80,79) (S 128,78,79) (S 127,77,78) (S 126,46,77) (S 275,46,43) (S 257,35,34) (S 82,34,45) (S 81,44,45) (S 270,44,43) (D 0,1,1)
0 1 50 298 596 20 (D 0,1,1) (S 371,116,1) (S 372,117,116) (S 376,119,117) (S 187,119,120) (S 191,120,121) (S 382,122,121) (S 193,87,122) (S 329,87,86) (S 328,86,85) (S 327,85,84) (S 325,84,82) (S 132,80,82) (S 319,80,79) (S 128,78,79) (S 127,77,78) (S 126,46,77) (S 275,46,43) (S 269,43,37) (S 260,37,36) (S 261,38,36) (D 0,1,1)
0 1 51 388 692 16 (D 0,1,1) (S 371,116,1) (S 372,117,116) (S 375,118,117) (S 379,118,91) (S 333,91,90) (S 334,90,68) (S 302,68,67) (S 113,67,69) (S 304,70,69) (S 220,58,70) (S 289,59,58) (S 290,60,59) (S 292,61,60) (S 294,61,49) (S 94,49,140) (S 103,59,61) (D 0,1,1)
0 1 52 297 562 11 (D 0,1,1) (S 371,116,1) (S 372,117,116) (S 375,118,117) (S 379,118,91) (S 333,91,90) (S 334,90,68) (S 302,68,67) (S 113,67,69) (S 116,69,71) (S 123,75,76) (S 312,75,71) (D 0,1,1)
0 1 53 227 454 6 (D 0,1,1) (S 371,116,1) (S 372,117,116) (S 375,118,117) (S 379,118,91) (S 335,91,66) (S 300,66,62) (D 0,1,1)
0 1 54 228 413 13 (D 0,1,1) (S 371,116,1) (S 372,117,116) (S 376,119,117) (S 187,119,120) (S 196,120,123) (S 385,124,123) (S 199,124,126) (S 396,131,126) (S 207,131,132) (S 398,133,132) (S 210,133,135) (S 401,135,134) (S 209,133,134) (D 0,1,1)
0 1 55 225 450 10 (D 0,1,1) (S 371,116,1) (S 372,117,116) (S 376,119,117) (S 187,119,120) (S 196,120,123) (S 385,124,123) (S 199,124,126) (S 390,127,126) (S 201,127,128) (S 392,128,3) (D 0,1,1)
0 1 56 268 536 18 (D 0,1,1) (S 371,116,1) (S 372,117,116) (S 376,119,117) (S 187,119,120) (S 191,120,121) (S 382,122,121) (S 193,87,122) (S 329,87,86) (S 328,86,85) (S 327,85,84) (S 325,84,82) (S 132,80,82) (S 319,80,79) (S 128,78,79) (S 127,77,78) (S 126,46,77) (S 275,46,43) (S 270,44,43) (D 0,1,1)
0 1 57 263 464 16 (D 0,1,1) (S 371,116,1) (S 370,116,115) (S 369,115,114) (S 368,114,113) (S 366,113,112) (S 175,107,112) (S 168,106,107) (S 357,106,105) (S 166,104,105) (S 165,102,104) (S 162,101,102) (S 160,94,101) (S 341,94,93) (S 149,64,93) (S 297,64,63) (S 340,93,63) (D 0,1,1)
0 1 58 271 525 17 (D 0,1,1) (S 371,116,1) (S 370,116,115) (S 369,115,114) (S 368,114,113) (S 366,113,112) (S 175,107,112) (S 168,106,107) (S 357,106,105) (S 166,104,105) (S 165,102,104) (S 162,101,102) (S 160,94,101) (S 346,99,96) (S 154,96,97) (S 345,98,97) (S 343,96,95) (S 152,94,95) (D 0,1,1)
0 1 59 233 466 13 (D 0,1,1) (S 371,116,1) (S 370,116,115) (S 369,115,114) (S 368,114,113) (S 366,113,112) (S 175,107,112) (S 168,106,107) (S 357,106,105) (S 166,104,105) (S 165,102,104) (S 162,101,102) (S 160,94,101) (S 152,94,95) (D 0,1,1)
0 1 60 218 380 11 (D 0,1,1) (S 371,116,1) (S 372,117,116) (S 376,119,117) (S 187,119,120) (S 196,120,123) (S 385,124,123) (S 199,124,126) (S 390,127,126) (S 204,127,129) (S 393,129,128) (S 201,127,128) (D 0,1,1)
0 1 61 306 413 16 (D 0,1,1) (S 371,116,1) (S 372,117,116) (S 376,119,117) (S 187,119,120) (S 196,120,123) (S 387,125,123) (S 406,138,125) (S 214,136,138) (S 212,134,136) (S 401,135,134) (S 210,133,135) (S 398,133,132) (S 207,131,132) (S 396,131,126) (S 199,124,126) (S 385,124,123) (D 0,1,1)
0 1 62 182 364 8 (D 0,1,1) (S 371,116,1) (S 372,117,116) (S 376,119,117) (S 187,119,120) (S 196,120,123) (S 385,124,123) (S 199,124,126) (S 205,126,130) (D 0,1,1)
0 1 63 190 380 9 (D 0,1,1) (S 371,116,1) (S 372,117,116) (S 375,118,117) (S 379,118,91) (S 333,91,90) (S 142,88,90) (S 331,89,88) (S 336,92,89) (S 337,92,82) (D 0,1,1)
0 1 64 222 370 15 (D 0,1,1) (S 371,116,1) (S 372,117,116) (S 376,119,117) (S 187,119,120) (S 191,120,121) (S 382,122,121) (S 193,87,122) (S 329,87,86) (S 328,86,85) (S 327,85,84) (S 325,84,82) (S 132,80,82) (S 131,80,81) (S 324,83,81) (S 326,84,83) (D 0,1,1)
0 1 65 499 562 23 (D 0,1,1) (S 371,116,1) (S 372,117,116) (S 375,118,117) (S 379,118,91) (S 335,91,66) (S 300,66,62) (S 106,62,63) (S 297,64,63) (S 298,65,64) (S 109,56,65) (S 149,64,93) (S 341,94,93) (S 160,94,101) (S 162,101,102) (S 165,102,104) (S 166,104,105) (S 357,106,105) (S 168,106,107) (S 175,107,112) (S 366,113,112) (S 368,114,113) (S 369,115,114) (S 370,116,115) (D 0,1,1)
0 1 66 218 436 14 (D 0,1,1) (S 371,116,1) (S 370,116,115) (S 369,115,114) (S 368,114,113) (S 366,113,112) (S 175,107,112) (S 168,106,107) (S 357,106,105) (S 166,104,105) (S 165,102,104) (S 162,101,102) (S 160,94,101) (S 341,94,93) (S 349,100,94) (D 0,1,1)
0 1 67 251 479 13 (D 0,1,1) (S 371,116,1) (S 372,117,116) (S 375,118,117) (S 379,118,91) (S 333,91,90) (S 334,90,68) (S 302,68,67) (S 113,67,69) (S 116,69,71) (S 307,72,71) (S 305,71,70) (S 220,58,70) (S 304,70,69) (D 0,1,1)
0 1 68 245 405 17 (D 0,1,1) (S 371,116,1) (S 372,117,116) (S 376,119,117) (S 187,119,120) (S 191,120,121) (S 382,122,121) (S 193,87,122) (S 329,87,86) (S 328,86,85) (S 327,85,84) (S 325,84,82) (S 132,80,82) (S 319,80,79) (S 128,78,79) (S 320,81,79) (S 324,83,81) (S 326,84,83) (D 0,1,1)
0 1 69 166 332 11 (D 0,1,1) (S 371,116,1) (S 372,117,116) (S 376,119,117) (S 187,119,120) (S 191,120,121) (S 382,122,121) (S 193,87,122) (S 329,87,86) (S 328,86,85) (S 327,85,84) (S 326,84,83) (D 0,1,1)
0 1 70 226 452 12 (D 0,1,1) (S 371,116,1) (S 372,117,116) (S 376,119,117) (S 187,119,120) (S 196,120,123) (S 385,124,123) (S 199,124,126) (S 396,131,126) (S 207,131,132) (S 398,133,132) (S 209,133,134) (S 212,134,136) (D 0,1,1)
0 1 71 205 410 11 (D 0,1,1) (S 371,116,1) (S 370,116,115) (S 369,115,114) (S 368,114,113) (S 366,113,112) (S 175,107,112) (S 168,106,107) (S 357,106,105) (S 166,104,105) (S 165,102,104) (S 353,103,102) (D 0,1,1)
0 1 72 220 440 9 (D 0,1,1) (S 371,116,1) (S 372,117,116) (S 376,119,117) (S 187,119,120) (S 196,120,123) (S 385,124,123) (S 199,124,126) (S 396,131,126) (S 405,138,131) (D 0,1,1)
0 1 73 188 353 10 (D 0,1,1) (S 371,116,1) (S 372,117,116) (S 376,119,117) (S 187,119,120) (S 194,122,123) (S 385,124,123) (S 199,124,126) (S 390,127,126) (S 204,127,129) (S 196,120,123) (D 0,1,1)
0 1 74 336 547 15 (D 0,1,1) (S 371,116,1) (S 370,116,115) (S 369,115,114) (S 368,114,113) (S 366,113,112) (S 364,112,110) (S 173,110,111) (S 362,110,107) (S 169,107,108) (S 361,109,108) (S 360,108,106) (S 357,106,105) (S 166,104,105) (S 168,106,107) (S 175,107,112) (D 0,1,1)
0 1 75 168 336 8 (D 0,1,1) (S 371,116,1) (S 370,116,115) (S 369,115,114) (S 368,114,113) (S 367,113,103) (S 164,91,103) (S 333,91,90) (S 142,88,90) (D 0,1,1)
0 1 76 254 291 13 (D 0,1,1) (S 371,116,1) (S 372,117,116) (S 375,118,117) (S 379,118,91) (S 333,91,90) (S 142,88,90) (S 330,88,86) (S 329,87,86) (S 193,87,122) (S 382,122,121) (S 191,120,121) (S 187,119,120) (S 376,119,117) (D 0,1,1)
0 1 77 121 242 4 (D 0,1,1) (S 371,116,1) (S 372,117,116) (S 375,118,117) (S 379,118,91) (D 0,1,1)
0 1 78 547 675 27 (D 0,1,1) (S 371,116,1) (S 372,117,116) (S 375,118,117) (S 379,118,91) (S 333,91,90) (S 334,90,68) (S 302,68,67) (S 113,67,69) (S 304,70,69) (S 220,58,70) (S 289,59,58) (S 103,59,61) (S 292,61,60) (S 101,45,60) (S 81,44,45) (S 270,44,43) (S 275,46,43) (S 126,46,77) (S 127,77,78) (S 128,78,79) (S 319,80,79) (S 132,80,82) (S 325,84,82) (S 148,84,92) (S 336,92,89) (S 331,89,88) (S 142,88,90) (D 0,1,1)
0 1 79 184 277 9 (D 0,1,1) (S 371,116,1) (S 370,116,115) (S 369,115,114) (S 368,114,113) (S 366,113,112) (S 175,107,112) (S 169,107,108) (S 360,108,106) (S 168,106,107) (D 0,1,1)
0 1 80 122 244 5 (D 0,1,1) (S 371,116,1) (S 370,116,115) (S 369,115,114) (S 368,114,113) (S 367,113,103) (D 0,1,1)
0 1 81 254 291 13 (D 0,1,1) (S 371,116,1) (S 372,117,116) (S 376,119,117) (S 187,119,120) (S 191,120,121) (S 382,122,121) (S 193,87,122) (S 329,87,86) (S 330,88,86) (S 142,88,90) (S 333,91,90) (S 379,118,91) (S 375,118,117) (D 0,1,1)
0 1 82 222 444 10 (D 0,1,1) (S 371,116,1) (S 372,117,116) (S 376,119,117) (S 187,119,120) (S 196,120,123) (S 387,125,123) (S 406,138,125) (S 214,136,138) (S 213,136,137) (S 385,124,123) (D 0,1,1)
0 1 83 184 277 9 (D 0,1,1) (S 371,116,1) (S 370,116,115) (S 369,115,114) (S 368,114,113) (S 366,113,112) (S 175,107,112) (S 169,107,108) (S 360,108,106) (S 168,106,107) (D 0,1,1)
0 1 84 178 285 9 (D 0,1,1) (S 371,116,1) (S 372,117,116) (S 376,119,117) (S 187,119,120) (S 191,120,121) (S 382,122,121) (S 194,122,123) (S 387,125,123) (S 196,120,123) (D 0,1,1)
0 1 85 114 194 8 (D 0,1,1) (S 371,116,1) (S 370,116,115) (S 369,115,114) (S 368,114,113) (S 366,113,112) (S 364,112,110) (S 362,110,107) (S 175,107,112) (D 0,1,1)
0 1 86 64 128 3 (D 0,1,1) (S 371,116,1) (S 370,116,115) (S 369,115,114) (D 0,1,1)
0 1 87 86 172 3 (D 0,1,1) (S 371,116,1) (S 372,117,116) (S 375,118,117) (D 0,1,1)
0 1 88 83 117 5 (D 0,1,1) (S 371,116,1) (S 370,116,115) (S 183,115,117) (S 184,2,117) (S 372,117,116) (D 0,1,1)
0 1 89 107 214 5 (D 0,1,1) (S 371,116,1) (S 372,117,116) (S 376,119,117) (S 187,119,120) (S 196,120,123) (D 0,1,1)
0 1 90 144 208 4 (D 0,1,1) (S 371,116,1) (S 372,117,116) (S 375,118,117) (S 378,118,114) (D 0,1,1)
0 1 91 306 427 9 (D 0,1,1) (S 371,116,1) (S 372,117,116) (S 375,118,117) (S 379,118,91) (S 333,91,90) (S 334,90,68) (S 302,68,67) (S 111,66,67) (S 335,91,66) (D 0,1,1)
