8107
20
3536576400
3536576400
0 1 1 46 92 2 (D 0,1,1) (S 21,2,1) (S 22,3,2) (D 0,1,1)
0 1 2 105 210 3 (D 0,1,1) (S 21,2,1) (S 23,4,2) (S 24,5,4) (D 0,1,1)
0 1 3 32 64 1 (D 0,1,1) (S 21,2,1) (D 0,1,1)
0 1 4 156 312 4 (D 0,1,1) (S 21,2,1) (S 23,4,2) (S 67,69,4) (S 65,69,58) (D 0,1,1)
0 1 5 124 248 3 (D 0,1,1) (S 21,2,1) (S 23,4,2) (S 67,69,4) (D 0,1,1)
0 1 6 49 98 2 (D 0,1,1) (S 21,2,1) (S 23,4,2) (D 0,1,1)
0 1 7 289 400 7 (D 0,1,1) (S 21,2,1) (S 23,4,2) (S 67,69,4) (S 66,69,59) (S 57,59,11) (S 25,10,9) (S 24,5,4) (D 0,1,1)
0 1 8 192 316 6 (D 0,1,1) (S 21,2,1) (S 23,4,2) (S 67,69,4) (S 66,69,59) (S 56,59,58) (S 65,69,58) (D 0,1,1)
0 1 9 241 482 6 (D 0,1,1) (S 21,2,1) (S 23,4,2) (S 67,69,4) (S 66,69,59) (S 71,59,44) (S 43,44,43) (D 0,1,1)
0 1 10 234 468 5 (D 0,1,1) (S 21,2,1) (S 23,4,2) (S 67,69,4) (S 65,69,58) (S 55,58,57) (D 0,1,1)
0 1 11 105 226 3 (D 0,1,1) (S 21,2,1) (S 23,4,2) (S 24,5,4) (D 0,1,1)
0 1 12 105 210 3 (D 0,1,1) (S 21,2,1) (S 23,4,2) (S 24,5,4) (D 0,1,1)
0 1 13 46 92 2 (D 0,1,1) (S 21,2,1) (S 22,3,2) (D 0,1,1)
0 1 14 124 248 3 (D 0,1,1) (S 21,2,1) (S 23,4,2) (S 67,69,4) (D 0,1,1)
0 1 15 598 994 21 (D 0,1,1) (S 21,2,1) (S 23,4,2) (S 67,69,4) (S 65,69,58) (S 55,58,57) (S 54,57,42) (S 42,41,35) (S 39,33,32) (S 40,34,32) (S 38,32,31) (S 37,31,23) (S 68,75,23) (S 36,75,22) (S 35,22,21) (S 70,51,21) (S 50,51,49) (S 48,49,47) (S 46,47,46) (S 45,46,44) (S 71,59,44) (S 66,69,59) (D 0,1,1)
0 1 16 420 940 17 (D 0,1,1) (S 21,2,1) (S 23,4,2) (S 67,69,4) (S 66,69,59) (S 71,59,44) (S 45,46,44) (S 46,47,46) (S 48,49,47) (S 49,50,49) (S 32,19,18) (S 31,18,15) (S 30,17,15) (S 29,14,13) (S 28,16,13) (S 27,16,12) (S 69,76,20) (S 33,20,19) (D 0,1,1)
0 1 17 464 714 21 (D 0,1,1) (S 21,2,1) (S 23,4,2) (S 67,69,4) (S 66,69,59) (S 71,59,44) (S 45,46,44) (S 46,47,46) (S 47,48,47) (S 48,49,47) (S 50,51,49) (S 70,51,21) (S 35,22,21) (S 36,75,22) (S 52,54,52) (S 51,52,50) (S 33,20,19) (S 69,76,20) (S 27,16,12) (S 26,12,11) (S 25,10,9) (S 24,5,4) (D 0,1,1)
0 1 18 427 856 11 (D 0,1,1) (S 21,2,1) (S 23,4,2) (S 67,69,4) (S 65,69,58) (S 58,60,58) (S 59,61,60) (S 53,56,55) (S 42,41,35) (S 41,35,32) (S 54,57,42) (S 55,58,57) (D 0,1,1)
0 1 19 221 429 8 (D 0,1,1) (S 21,2,1) (S 23,4,2) (S 67,69,4) (S 66,69,59) (S 71,59,44) (S 44,45,44) (S 46,47,46) (S 45,46,44) (D 0,1,1)
0 1 20 388 708 13 (D 0,1,1) (S 21,2,1) (S 23,4,2) (S 67,69,4) (S 65,69,58) (S 58,60,58) (S 60,62,60) (S 63,66,62) (S 64,68,66) (S 61,63,62) (S 62,65,63) (S 56,59,58) (S 71,59,44) (S 66,69,59) (D 0,1,1)
