469
8
26151626
327068
 0 1 1 40 47  6 (D 0,1,1) (S 7,9,9) (S 20,9,10) (S 43,10,11) (S 4,5,5) (D 0,1,1)
 0 1 2 40 71  10 (D 0,1,1) (S 39,17,13) (S 42,13,17) (S 15,17,18) (S 34,18,14) (S 8,14,14) (S 22,13,12) (S 35,12,11) (S 27,11,5) (D 0,1,1)
 0 1 3 37 14  7 (D 0,1,1) (S 2,3,3) (S 16,3,4) (S 3,4,4) (S 1,2,2) (S 18,2,1) (D 0,1,1)
 0 1 4 39 92  9 (D 0,1,1) (S 33,5,11) (S 23,12,6) (S 5,6,6) (S 6,7,7) (S 28,8,7) (S 17,8,14) (S 31,14,18) (D 0,1,1)
 0 1 5 39 65  7 (D 0,1,1) (S 36,15,16) (S 9,16,16) (S 41,16,15) (S 21,15,11) (S 32,11,10) (D 0,1,1)
 0 1 6 36 77  7 (D 0,1,1) (S 30,15,21) (S 29,24,23) (S 14,23,23) (S 25,23,22) (S 13,22,22) (D 0,1,1)
 0 1 7 39 67  8 (D 0,1,1) (S 24,10,20) (S 11,20,20) (S 19,20,21) (S 38,24,21) (S 12,21,21) (S 26,21,15) (D 0,1,1)
 0 1 8 40 36  5 (D 0,1,1) (S 37,1,3) (S 10,19,19) (S 40,9,3) (D 0,1,1)
