395
7
11312825
3280
 0 1 1 30 18  5 (D 0,1,1) (S 21,1,7) (S 6,7,7) (S 15,7,10) (D 0,1,1)
 0 1 2 40 130  6 (D 0,1,1) (S 3,4,4) (S 23,4,2) (S 10,2,8) (S 18,8,10) (D 0,1,1)
 0 1 3 40 75  6 (D 0,1,1) (S 22,1,8) (S 19,8,9) (S 7,9,9) (S 14,9,10) (D 0,1,1)
 0 1 4 40 42  4 (D 0,1,1) (S 11,7,8) (S 1,2,2) (D 0,1,1)
 0 1 5 31 59  6 (D 0,1,1) (S 8,9,6) (S 2,3,3) (S 9,3,4) (S 12,4,1) (D 0,1,1)
 0 1 6 33 18  5 (D 0,1,1) (S 13,3,6) (S 5,6,6) (S 16,3,1) (D 0,1,1)
 0 1 7 31 53  5 (D 0,1,1) (S 17,1,5) (S 4,5,5) (S 20,5,7) (D 0,1,1)
