153
8
23367600
550373
 0 1 1 25 9  6 (D 0,1,1) (S 19,1,4) (S 3,4,4) (S 36,4,9) (S 31,9,11) (D 0,1,1)
 0 1 2 27 21  8 (D 0,1,1) (S 32,1,9) (S 11,9,7) (S 33,2,8) (S 34,2,5) (S 22,5,8) (S 6,8,8) (D 0,1,1)
 0 1 3 23 23  7 (D 0,1,1) (S 20,4,6) (S 25,6,9) (S 10,9,10) (S 9,10,7) (S 13,7,1) (D 0,1,1)
 0 1 4 26 18  7 (D 0,1,1) (S 17,1,11) (S 14,11,7) (S 8,7,6) (S 5,6,6) (S 18,6,8) (D 0,1,1)
 0 1 5 26 18  6 (D 0,1,1) (S 4,5,5) (S 30,5,10) (S 7,10,10) (S 21,3,11) (D 0,1,1)
 0 1 6 26 14  6 (D 0,1,1) (S 12,1,3) (S 2,3,3) (S 26,3,5) (S 27,5,11) (D 0,1,1)
 0 1 7 25 29  7 (D 0,1,1) (S 35,2,3) (S 29,3,9) (S 23,4,11) (S 1,2,2) (S 15,2,11) (D 0,1,1)
 0 1 8 27 21  6 (D 0,1,1) (S 28,1,2) (S 37,2,4) (S 16,4,5) (S 24,5,7) (D 0,1,1)
