1941
6
31075573
713396
 0 1 1 1959 258  9 (D 0,1,1) (S 27,11,10) (S 26,10,16) (S 5,16,16) (S 13,16,21) (S 15,21,20) (S 39,20,10) (S 4,10,10) (D 0,1,1)
 0 1 2 1832 323  10 (D 0,1,1) (S 22,4,9) (S 24,9,14) (S 31,14,18) (S 6,18,18) (S 17,23,22) (S 40,22,16) (S 33,16,10) (S 25,10,1) (D 0,1,1)
 0 1 3 1928 281  10 (D 0,1,1) (S 8,2,7) (S 3,7,7) (S 23,7,6) (S 10,6,12) (S 30,12,22) (S 16,22,21) (S 34,16,11) (S 28,11,16) (D 0,1,1)
 0 1 4 1743 328  8 (D 0,1,1) (S 9,3,9) (S 11,9,15) (S 37,19,15) (S 7,19,19) (S 38,19,18) (S 36,18,14) (D 0,1,1)
 0 1 5 1920 366  8 (D 0,1,1) (S 18,2,6) (S 29,12,13) (S 14,17,18) (S 42,25,24) (S 41,23,17) (S 35,17,13) (D 0,1,1)
 0 1 6 1934 385  9 (D 0,1,1) (S 19,3,4) (S 1,4,4) (S 20,4,3) (S 21,4,5) (S 32,15,5) (S 2,5,5) (S 12,15,14) (D 0,1,1)
