11037
29
2780386200
2780386200
0 1 1 2531 312 6 (D 0,1,1) (S 5,1,2) (S 7,2,3) (S 9,3,4) (S 13,4,12) (S 25,12,22) (S 43,22,32) (D 0,1,1)
0 1 2 8525 709 28 (D 0,1,1) (S 6,1,16) (S 33,16,25) (S 49,25,34) (S 106,34,43) (S 79,43,44) (S 82,44,51) (S 94,51,52) (S 96,53,54) (S 87,46,53) (S 72,38,46) (S 71,38,39) (S 58,30,39) (S 57,30,31) (S 42,22,31) (S 103,22,21) (S 40,21,30) (S 59,31,40) (S 76,40,48) (S 91,48,55) (S 98,55,56) (S 92,49,56) (S 90,48,49) (S 88,47,48) (S 73,38,47) (S 56,29,38) (S 39,20,29) (S 22,10,20) (S 5,1,2) (D 0,1,1)
0 1 3 8417 668 26 (D 0,1,1) (S 6,1,16) (S 32,16,17) (S 35,17,26) (S 48,25,26) (S 104,26,27) (S 52,27,36) (S 105,27,18) (S 36,18,19) (S 102,19,20) (S 40,21,30) (S 24,12,21) (S 15,5,12) (S 14,5,6) (S 99,7,14) (S 29,14,23) (S 41,22,23) (S 43,22,32) (S 63,32,42) (S 64,33,42) (S 47,24,33) (S 30,14,24) (S 101,14,6) (S 11,4,5) (S 9,3,4) (S 7,2,3) (S 5,1,2) (D 0,1,1)
0 1 4 3825 480 13 (D 0,1,1) (S 5,1,2) (S 22,10,20) (S 39,20,29) (S 56,29,38) (S 73,38,47) (S 89,47,54) (S 96,53,54) (S 97,54,55) (S 91,48,55) (S 76,40,48) (S 75,40,41) (S 57,30,31) (S 55,29,30) (D 0,1,1)
0 1 5 4928 416 15 (D 0,1,1) (S 5,1,2) (S 7,2,3) (S 9,3,4) (S 11,4,5) (S 14,5,6) (S 16,6,13) (S 26,13,14) (S 30,14,24) (S 44,23,24) (S 41,22,23) (S 42,22,31) (S 57,30,31) (S 56,29,38) (S 39,20,29) (S 22,10,20) (D 0,1,1)
0 1 6 4516 474 13 (D 0,1,1) (S 5,1,2) (S 22,10,20) (S 39,20,29) (S 56,29,38) (S 73,38,47) (S 88,47,48) (S 76,40,48) (S 75,40,41) (S 77,41,42) (S 78,42,49) (S 63,32,42) (S 57,30,31) (S 55,29,30) (D 0,1,1)
0 1 7 5109 441 16 (D 0,1,1) (S 6,1,16) (S 32,16,17) (S 35,17,26) (S 104,26,27) (S 51,27,28) (S 54,28,37) (S 107,37,38) (S 56,29,38) (S 39,20,29) (S 20,9,18) (S 19,9,10) (S 100,10,11) (S 12,4,11) (S 9,3,4) (S 7,2,3) (S 5,1,2) (D 0,1,1)
0 1 8 4519 360 13 (D 0,1,1) (S 6,1,16) (S 32,16,17) (S 35,17,26) (S 54,28,37) (S 68,36,37) (S 69,36,45) (S 83,45,46) (S 70,37,46) (S 51,27,28) (S 105,27,18) (S 36,18,19) (S 21,10,19) (S 5,1,2) (D 0,1,1)
0 1 9 5863 410 17 (D 0,1,1) (S 5,1,2) (S 21,10,19) (S 37,19,28) (S 53,28,29) (S 56,29,38) (S 72,38,46) (S 87,46,53) (S 95,52,53) (S 94,51,52) (S 93,50,51) (S 80,43,50) (S 79,43,44) (S 67,35,44) (S 65,34,35) (S 49,25,34) (S 33,16,25) (S 6,1,16) (D 0,1,1)
0 1 10 5217 380 15 (D 0,1,1) (S 5,1,2) (S 12,4,11) (S 11,4,5) (S 14,5,6) (S 16,6,13) (S 26,13,14) (S 29,14,23) (S 41,22,23) (S 42,22,31) (S 57,30,31) (S 40,21,30) (S 24,12,21) (S 13,4,12) (S 9,3,4) (S 7,2,3) (D 0,1,1)
0 1 11 3879 342 13 (D 0,1,1) (S 5,1,2) (S 7,2,3) (S 10,3,10) (S 21,10,19) (S 36,18,19) (S 34,17,18) (S 35,17,26) (S 48,25,26) (S 49,25,34) (S 65,34,35) (S 67,35,44) (S 33,16,25) (S 6,1,16) (D 0,1,1)
0 1 12 5525 379 13 (D 0,1,1) (S 9,3,4) (S 11,4,5) (S 14,5,6) (S 17,7,8) (S 18,8,15) (S 31,15,24) (S 47,24,33) (S 60,32,33) (S 43,22,32) (S 25,12,22) (S 13,4,12) (S 7,2,3) (S 5,1,2) (D 0,1,1)
0 1 13 5912 420 15 (D 0,1,1) (S 5,1,2) (S 22,10,20) (S 39,20,29) (S 55,29,30) (S 57,30,31) (S 59,31,40) (S 76,40,48) (S 90,48,49) (S 78,42,49) (S 63,32,42) (S 43,22,32) (S 25,12,22) (S 13,4,12) (S 9,3,4) (S 7,2,3) (D 0,1,1)
0 1 14 4254 367 13 (D 0,1,1) (S 6,1,16) (S 32,16,17) (S 35,17,26) (S 104,26,27) (S 52,27,36) (S 69,36,45) (S 81,44,45) (S 79,43,44) (S 68,36,37) (S 54,28,37) (S 37,19,28) (S 21,10,19) (S 5,1,2) (D 0,1,1)
0 1 15 4105 309 11 (D 0,1,1) (S 5,1,2) (S 7,2,3) (S 9,3,4) (S 13,4,12) (S 24,12,21) (S 40,21,30) (S 58,30,39) (S 71,38,39) (S 56,29,38) (S 39,20,29) (S 22,10,20) (D 0,1,1)
0 1 16 3499 263 11 (D 0,1,1) (S 6,1,16) (S 33,16,25) (S 49,25,34) (S 65,34,35) (S 67,35,44) (S 81,44,45) (S 69,36,45) (S 52,27,36) (S 105,27,18) (S 34,17,18) (S 32,16,17) (D 0,1,1)
0 1 17 3711 363 9 (D 0,1,1) (S 5,1,2) (S 7,2,3) (S 9,3,4) (S 11,4,5) (S 14,5,6) (S 16,6,13) (S 27,13,22) (S 28,14,15) (S 101,14,6) (D 0,1,1)
0 1 18 6431 403 14 (D 0,1,1) (S 5,1,2) (S 7,2,3) (S 9,3,4) (S 11,4,5) (S 14,5,6) (S 16,6,13) (S 26,13,14) (S 28,14,15) (S 31,15,24) (S 46,24,32) (S 62,32,41) (S 43,22,32) (S 25,12,22) (S 13,4,12) (D 0,1,1)
0 1 19 5402 409 17 (D 0,1,1) (S 5,1,2) (S 7,2,3) (S 9,3,4) (S 11,4,5) (S 14,5,6) (S 16,6,13) (S 17,7,8) (S 99,7,14) (S 29,14,23) (S 41,22,23) (S 103,22,21) (S 38,20,21) (S 102,19,20) (S 36,18,19) (S 34,17,18) (S 32,16,17) (S 6,1,16) (D 0,1,1)
0 1 20 4737 400 11 (D 0,1,1) (S 5,1,2) (S 7,2,3) (S 9,3,4) (S 13,4,12) (S 24,12,21) (S 40,21,30) (S 58,30,39) (S 74,39,40) (S 63,32,42) (S 43,22,32) (S 25,12,22) (D 0,1,1)
0 1 21 3189 244 8 (D 0,1,1) (S 5,1,2) (S 7,2,3) (S 9,3,4) (S 11,4,5) (S 15,5,12) (S 24,12,21) (S 38,20,21) (S 22,10,20) (D 0,1,1)
0 1 22 4816 367 13 (D 0,1,1) (S 5,1,2) (S 7,2,3) (S 9,3,4) (S 13,4,12) (S 25,12,22) (S 41,22,23) (S 45,23,32) (S 61,32,40) (S 59,31,40) (S 57,30,31) (S 55,29,30) (S 39,20,29) (S 22,10,20) (D 0,1,1)
0 1 23 3303 329 10 (D 0,1,1) (S 6,1,16) (S 33,16,25) (S 49,25,34) (S 106,34,43) (S 79,43,44) (S 82,44,51) (S 93,50,51) (S 67,35,44) (S 65,34,35) (S 48,25,26) (D 0,1,1)
0 1 24 4991 326 13 (D 0,1,1) (S 5,1,2) (S 21,10,19) (S 37,19,28) (S 54,28,37) (S 70,37,46) (S 86,46,52) (S 84,45,52) (S 69,36,45) (S 52,27,36) (S 105,27,18) (S 34,17,18) (S 32,16,17) (S 6,1,16) (D 0,1,1)
0 1 25 4154 342 10 (D 0,1,1) (S 5,1,2) (S 21,10,19) (S 37,19,28) (S 54,28,37) (S 70,37,46) (S 72,38,46) (S 71,38,39) (S 56,29,38) (S 39,20,29) (S 22,10,20) (D 0,1,1)
0 1 26 2988 252 9 (D 0,1,1) (S 6,1,16) (S 32,16,17) (S 34,17,18) (S 36,18,19) (S 21,10,19) (S 100,10,11) (S 23,11,20) (S 22,10,20) (S 5,1,2) (D 0,1,1)
0 1 27 5021 364 13 (D 0,1,1) (S 5,1,2) (S 21,10,19) (S 37,19,28) (S 54,28,37) (S 85,46,47) (S 86,46,52) (S 84,45,52) (S 69,36,45) (S 52,27,36) (S 105,27,18) (S 34,17,18) (S 32,16,17) (S 6,1,16) (D 0,1,1)
0 1 28 2700 260 6 (D 0,1,1) (S 5,1,2) (S 7,2,3) (S 9,3,4) (S 11,4,5) (S 14,5,6) (S 8,2,9) (D 0,1,1)
0 1 29 2898 248 9 (D 0,1,1) (S 6,1,16) (S 33,16,25) (S 49,25,34) (S 48,25,26) (S 104,26,27) (S 105,27,18) (S 20,9,18) (S 19,9,10) (S 5,1,2) (D 0,1,1)
