502
20
4314984300
4314984300
0 1 1 41 15 4 (D 0,1,1) (S 59,1,35) (S 49,35,36) (S 92,36,2) (S 53,1,2) (D 0,1,1)
0 1 2 64 27 6 (D 0,1,1) (S 58,1,33) (S 47,33,34) (S 37,27,34) (S 36,27,28) (S 38,28,35) (S 59,1,35) (D 0,1,1)
0 1 3 23 18 2 (D 0,1,1) (S 58,1,33) (S 34,26,33) (D 0,1,1)
0 1 4 9 8 1 (D 0,1,1) (S 55,1,8) (D 0,1,1)
0 1 5 19 22 2 (D 0,1,1) (S 55,1,8) (S 74,8,14) (D 0,1,1)
0 1 6 21 18 2 (D 0,1,1) (S 55,1,8) (S 73,8,9) (D 0,1,1)
0 1 7 126 68 18 (D 0,1,1) (S 53,1,2) (S 92,36,2) (S 40,29,36) (S 39,29,30) (S 41,30,31) (S 44,31,37) (S 51,37,38) (S 68,4,38) (S 67,4,5) (S 69,5,39) (S 46,32,39) (S 64,3,4) (S 94,7,3) (S 72,7,13) (S 18,13,18) (S 25,18,22) (S 99,7,6) (S 83,6,1) (D 0,1,1)
0 1 8 9 8 1 (D 0,1,1) (S 58,1,33) (D 0,1,1)
0 1 9 10 8 1 (D 0,1,1) (S 60,1,40) (D 0,1,1)
0 1 10 48 31 7 (D 0,1,1) (S 83,6,1) (S 99,7,6) (S 72,7,13) (S 17,13,17) (S 23,17,20) (S 16,12,17) (S 100,12,6) (D 0,1,1)
0 1 11 117 57 17 (D 0,1,1) (S 53,1,2) (S 62,2,6) (S 100,12,6) (S 16,12,17) (S 23,17,20) (S 26,20,21) (S 28,21,22) (S 30,22,25) (S 32,24,25) (S 31,23,24) (S 25,18,22) (S 24,18,19) (S 19,13,19) (S 72,7,13) (S 94,7,3) (S 99,7,6) (S 83,6,1) (D 0,1,1)
0 1 12 47 21 4 (D 0,1,1) (S 58,1,33) (S 34,26,33) (S 35,26,34) (S 47,33,34) (D 0,1,1)
0 1 13 28 18 3 (D 0,1,1) (S 53,1,2) (S 92,36,2) (S 50,36,37) (D 0,1,1)
0 1 14 52 34 6 (D 0,1,1) (S 57,1,11) (S 80,11,16) (S 21,15,16) (S 106,15,9) (S 76,9,10) (S 20,14,15) (D 0,1,1)
0 1 15 27 13 3 (D 0,1,1) (S 55,1,8) (S 104,40,8) (S 60,1,40) (D 0,1,1)
0 1 16 117 56 13 (D 0,1,1) (S 57,1,11) (S 108,12,11) (S 100,12,6) (S 62,2,6) (S 53,1,2) (S 60,1,40) (S 58,1,33) (S 34,26,33) (S 33,26,27) (S 36,27,28) (S 37,27,34) (S 48,34,35) (S 59,1,35) (D 0,1,1)
0 1 17 12 8 1 (D 0,1,1) (S 59,1,35) (D 0,1,1)
0 1 18 24 18 2 (D 0,1,1) (S 85,10,1) (S 57,1,11) (D 0,1,1)
0 1 19 42 36 5 (D 0,1,1) (S 53,1,2) (S 92,36,2) (S 40,29,36) (S 61,2,3) (S 55,1,8) (D 0,1,1)
0 1 20 24 18 2 (D 0,1,1) (S 57,1,11) (S 85,10,1) (D 0,1,1)
