10029
20
6148968900
6148968900
0 1 1 32 64 1 (D 0,1,1) (S 92,2,1) (D 0,1,1)
0 1 2 32 64 1 (D 0,1,1) (S 92,2,1) (D 0,1,1)
0 1 3 124 248 3 (D 0,1,1) (S 92,2,1) (S 94,4,2) (S 138,69,4) (D 0,1,1)
0 1 4 124 248 3 (D 0,1,1) (S 92,2,1) (S 94,4,2) (S 138,69,4) (D 0,1,1)
0 1 5 422 929 10 (D 0,1,1) (S 92,2,1) (S 94,4,2) (S 138,69,4) (S 85,58,69) (S 75,57,58) (S 125,57,42) (S 62,35,41) (S 112,35,32) (S 60,32,34) (S 59,32,33) (D 0,1,1)
0 1 6 328 786 14 (D 0,1,1) (S 92,2,1) (S 94,4,2) (S 138,69,4) (S 137,69,59) (S 142,59,44) (S 65,44,46) (S 117,47,46) (S 119,49,47) (S 121,51,49) (S 141,51,21) (S 106,22,21) (S 56,22,75) (S 88,23,75) (S 108,31,23) (D 0,1,1)
0 1 7 232 614 9 (D 0,1,1) (S 92,2,1) (S 94,4,2) (S 44,4,5) (S 96,10,9) (S 46,11,12) (S 49,13,14) (S 101,17,15) (S 99,16,13) (S 98,16,12) (D 0,1,1)
0 1 8 392 574 18 (D 0,1,1) (S 92,2,1) (S 94,4,2) (S 138,69,4) (S 137,69,59) (S 142,59,44) (S 65,44,46) (S 117,47,46) (S 118,48,47) (S 119,49,47) (S 120,50,49) (S 122,52,50) (S 141,51,21) (S 123,54,52) (S 53,19,20) (S 140,76,20) (S 46,11,12) (S 96,10,9) (S 44,4,5) (D 0,1,1)
0 1 9 407 850 9 (D 0,1,1) (S 92,2,1) (S 94,4,2) (S 138,69,4) (S 85,58,69) (S 75,57,58) (S 125,57,42) (S 62,35,41) (S 112,35,32) (S 58,31,32) (D 0,1,1)
0 1 10 390 700 16 (D 0,1,1) (S 92,2,1) (S 94,4,2) (S 138,69,4) (S 137,69,59) (S 142,59,44) (S 65,44,46) (S 117,47,46) (S 119,49,47) (S 120,50,49) (S 103,19,18) (S 53,19,20) (S 105,21,19) (S 106,22,21) (S 56,22,75) (S 141,51,21) (S 121,51,49) (D 0,1,1)
0 1 11 195 929 6 (D 0,1,1) (S 92,2,1) (S 94,4,2) (S 44,4,5) (S 96,10,9) (S 46,11,12) (S 102,18,15) (D 0,1,1)
0 1 12 299 530 10 (D 0,1,1) (S 92,2,1) (S 94,4,2) (S 138,69,4) (S 137,69,59) (S 76,58,59) (S 78,58,60) (S 80,60,62) (S 132,63,62) (S 133,65,63) (S 85,58,69) (D 0,1,1)
0 1 13 241 482 6 (D 0,1,1) (S 92,2,1) (S 94,4,2) (S 138,69,4) (S 137,69,59) (S 142,59,44) (S 63,43,44) (D 0,1,1)
0 1 14 326 608 10 (D 0,1,1) (S 92,2,1) (S 94,4,2) (S 138,69,4) (S 137,69,59) (S 142,59,44) (S 63,43,44) (S 125,57,42) (S 124,56,55) (S 78,58,60) (S 85,58,69) (D 0,1,1)
0 1 15 234 468 5 (D 0,1,1) (S 92,2,1) (S 94,4,2) (S 138,69,4) (S 85,58,69) (S 75,57,58) (D 0,1,1)
0 1 16 221 429 8 (D 0,1,1) (S 92,2,1) (S 94,4,2) (S 138,69,4) (S 137,69,59) (S 142,59,44) (S 65,44,46) (S 117,47,46) (S 64,44,45) (D 0,1,1)
0 1 17 312 624 9 (D 0,1,1) (S 92,2,1) (S 94,4,2) (S 138,69,4) (S 85,58,69) (S 78,58,60) (S 79,60,61) (S 80,60,62) (S 83,62,66) (S 135,68,66) (D 0,1,1)
0 1 18 203 546 5 (D 0,1,1) (S 92,2,1) (S 94,4,2) (S 44,4,5) (S 96,10,9) (S 128,59,11) (D 0,1,1)
0 1 19 105 210 3 (D 0,1,1) (S 92,2,1) (S 94,4,2) (S 44,4,5) (D 0,1,1)
0 1 20 63 126 3 (D 0,1,1) (S 92,2,1) (S 42,2,3) (S 94,4,2) (D 0,1,1)
