122
7
13514322
83922
 0 1 1 26 36  7 (D 0,1,1) (S 8,1,3) (S 13,3,5) (S 24,3,6) (S 3,6,6) (S 23,6,10) (D 0,1,1)
 0 1 2 26 7  4 (D 0,1,1) (S 1,2,2) (S 15,3,10) (D 0,1,1)
 0 1 3 25 6  5 (D 0,1,1) (S 17,1,7) (S 4,7,7) (S 7,11,11) (D 0,1,1)
 0 1 4 15 12  5 (D 0,1,1) (S 12,1,2) (S 20,2,5) (S 9,5,7) (D 0,1,1)
 0 1 5 26 36  7 (D 0,1,1) (S 16,1,5) (S 2,4,4) (S 21,4,9) (S 11,9,2) (S 19,3,11) (D 0,1,1)
 0 1 6 11 6  5 (D 0,1,1) (S 18,1,10) (S 5,8,8) (S 14,8,10) (D 0,1,1)
 0 1 7 25 19  5 (D 0,1,1) (S 6,9,9) (S 10,9,6) (S 22,6,7) (D 0,1,1)
