393
7
10488674
4546
 0 1 1 25 28  4 (D 0,1,1) (S 12,2,3) (S 2,3,3) (D 0,1,1)
 0 1 2 33 97  8 (D 0,1,1) (S 15,2,8) (S 6,8,8) (S 19,8,9) (S 7,9,9) (S 5,7,7) (S 20,2,6) (D 0,1,1)
 0 1 3 32 40  4 (D 0,1,1) (S 21,1,5) (S 3,4,4) (D 0,1,1)
 0 1 4 31 95  5 (D 0,1,1) (S 14,4,5) (S 9,11,11) (S 13,11,13) (D 0,1,1)
 0 1 5 23 10  3 (D 0,1,1) (S 1,2,2) (D 0,1,1)
 0 1 6 35 65  6 (D 0,1,1) (S 17,3,6) (S 4,6,6) (S 18,6,12) (S 10,12,12) (D 0,1,1)
 0 1 7 33 58  5 (D 0,1,1) (S 16,4,10) (S 8,10,10) (S 11,10,5) (D 0,1,1)
