18509
32
10492435500
10492435500
0 1 1 105 210 3 (D 0,1,1) (S 31,1,2) (S 33,2,4) (S 34,4,5) (D 0,1,1)
0 1 2 234 468 5 (D 0,1,1) (S 31,1,2) (S 33,2,4) (S 112,4,69) (S 110,58,69) (S 99,57,58) (D 0,1,1)
0 1 3 436 485 15 (D 0,1,1) (S 31,1,2) (S 33,2,4) (S 34,4,5) (S 36,5,7) (S 37,7,8) (S 38,8,9) (S 39,9,10) (S 40,10,11) (S 86,11,48) (S 85,47,48) (S 84,46,47) (S 83,44,46) (S 126,44,59) (S 111,59,69) (S 112,4,69) (D 0,1,1)
0 1 4 376 752 11 (D 0,1,1) (S 31,1,2) (S 33,2,4) (S 112,4,69) (S 110,58,69) (S 99,57,58) (S 98,42,57) (S 78,41,42) (S 77,40,41) (S 74,39,40) (S 73,37,39) (S 71,33,37) (D 0,1,1)
0 1 5 351 400 11 (D 0,1,1) (S 31,1,2) (S 33,2,4) (S 34,4,5) (S 36,5,7) (S 37,7,8) (S 38,8,9) (S 39,9,10) (S 40,10,11) (S 101,11,59) (S 111,59,69) (S 112,4,69) (D 0,1,1)
0 1 6 347 694 13 (D 0,1,1) (S 31,1,2) (S 33,2,4) (S 34,4,5) (S 36,5,7) (S 37,7,8) (S 38,8,9) (S 39,9,10) (S 40,10,11) (S 41,11,12) (S 121,12,76) (S 122,20,76) (S 51,18,20) (S 118,18,72) (D 0,1,1)
0 1 7 241 482 6 (D 0,1,1) (S 31,1,2) (S 33,2,4) (S 112,4,69) (S 111,59,69) (S 126,44,59) (S 80,43,44) (D 0,1,1)
0 1 8 124 248 3 (D 0,1,1) (S 31,1,2) (S 33,2,4) (S 112,4,69) (D 0,1,1)
0 1 9 367 734 9 (D 0,1,1) (S 31,1,2) (S 33,2,4) (S 112,4,69) (S 110,58,69) (S 99,57,58) (S 98,42,57) (S 78,41,42) (S 76,35,41) (S 69,32,35) (D 0,1,1)
0 1 10 672 839 22 (D 0,1,1) (S 31,1,2) (S 33,2,4) (S 112,4,69) (S 111,59,69) (S 126,44,59) (S 83,44,46) (S 84,46,47) (S 87,47,49) (S 89,49,51) (S 125,21,51) (S 53,21,22) (S 54,22,75) (S 120,23,75) (S 65,23,31) (S 66,31,32) (S 68,32,34) (S 69,32,35) (S 76,35,41) (S 78,41,42) (S 98,42,57) (S 99,57,58) (S 110,58,69) (D 0,1,1)
0 1 11 407 669 20 (D 0,1,1) (S 31,1,2) (S 33,2,4) (S 112,4,69) (S 111,59,69) (S 126,44,59) (S 83,44,46) (S 84,46,47) (S 87,47,49) (S 89,49,51) (S 125,21,51) (S 53,21,22) (S 54,22,75) (S 120,23,75) (S 59,23,26) (S 60,26,27) (S 61,26,28) (S 62,28,29) (S 63,25,29) (S 56,24,25) (S 55,22,24) (D 0,1,1)
0 1 12 775 983 29 (D 0,1,1) (S 31,1,2) (S 33,2,4) (S 112,4,69) (S 111,59,69) (S 126,44,59) (S 83,44,46) (S 84,46,47) (S 87,47,49) (S 89,49,51) (S 125,21,51) (S 53,21,22) (S 55,22,24) (S 56,24,25) (S 57,25,75) (S 120,23,75) (S 65,23,31) (S 64,30,31) (S 66,31,32) (S 68,32,34) (S 67,32,33) (S 70,33,36) (S 71,33,37) (S 73,37,39) (S 74,39,40) (S 77,40,41) (S 78,41,42) (S 98,42,57) (S 99,57,58) (S 110,58,69) (D 0,1,1)
0 1 13 331 626 13 (D 0,1,1) (S 31,1,2) (S 33,2,4) (S 112,4,69) (S 110,58,69) (S 99,57,58) (S 98,42,57) (S 78,41,42) (S 77,40,41) (S 74,39,40) (S 73,37,39) (S 72,37,38) (S 75,35,39) (S 76,35,41) (D 0,1,1)
0 1 14 530 929 21 (D 0,1,1) (S 31,1,2) (S 33,2,4) (S 34,4,5) (S 36,5,7) (S 37,7,8) (S 38,8,9) (S 39,9,10) (S 40,10,11) (S 41,11,12) (S 121,12,76) (S 124,76,77) (S 123,15,77) (S 48,15,18) (S 118,18,72) (S 114,71,72) (S 113,70,71) (S 115,71,73) (S 117,73,74) (S 116,72,73) (S 51,18,20) (S 122,20,76) (D 0,1,1)
0 1 15 336 672 16 (D 0,1,1) (S 31,1,2) (S 33,2,4) (S 112,4,69) (S 111,59,69) (S 126,44,59) (S 83,44,46) (S 84,46,47) (S 87,47,49) (S 89,49,51) (S 91,51,53) (S 53,21,22) (S 55,22,24) (S 54,22,75) (S 120,23,75) (S 65,23,31) (S 125,21,51) (D 0,1,1)
0 1 16 373 675 19 (D 0,1,1) (S 31,1,2) (S 33,2,4) (S 112,4,69) (S 111,59,69) (S 126,44,59) (S 83,44,46) (S 84,46,47) (S 87,47,49) (S 88,49,50) (S 95,19,50) (S 90,50,52) (S 92,52,53) (S 94,24,53) (S 56,24,25) (S 63,25,29) (S 55,22,24) (S 53,21,22) (S 125,21,51) (S 89,49,51) (D 0,1,1)
0 1 17 339 639 17 (D 0,1,1) (S 31,1,2) (S 33,2,4) (S 34,4,5) (S 36,5,7) (S 37,7,8) (S 38,8,9) (S 39,9,10) (S 40,10,11) (S 41,11,12) (S 121,12,76) (S 124,76,77) (S 46,13,77) (S 43,13,16) (S 44,13,14) (S 45,14,15) (S 47,15,17) (S 123,15,77) (D 0,1,1)
0 1 18 272 536 15 (D 0,1,1) (S 31,1,2) (S 33,2,4) (S 112,4,69) (S 111,59,69) (S 126,44,59) (S 83,44,46) (S 84,46,47) (S 87,47,49) (S 88,49,50) (S 95,19,50) (S 90,50,52) (S 93,52,54) (S 92,52,53) (S 91,51,53) (S 125,21,51) (D 0,1,1)
0 1 19 657 860 24 (D 0,1,1) (S 31,1,2) (S 33,2,4) (S 34,4,5) (S 36,5,7) (S 37,7,8) (S 38,8,9) (S 39,9,10) (S 40,10,11) (S 41,11,12) (S 121,12,76) (S 122,20,76) (S 51,18,20) (S 118,18,72) (S 114,71,72) (S 113,70,71) (S 49,18,19) (S 95,19,50) (S 88,49,50) (S 87,47,49) (S 84,46,47) (S 83,44,46) (S 126,44,59) (S 111,59,69) (S 112,4,69) (D 0,1,1)
0 1 20 315 534 14 (D 0,1,1) (S 31,1,2) (S 33,2,4) (S 34,4,5) (S 36,5,7) (S 37,7,8) (S 38,8,9) (S 39,9,10) (S 40,10,11) (S 41,11,12) (S 42,12,16) (S 43,13,16) (S 46,13,77) (S 124,76,77) (S 121,12,76) (D 0,1,1)
0 1 21 324 565 10 (D 0,1,1) (S 31,1,2) (S 33,2,4) (S 112,4,69) (S 110,58,69) (S 102,58,60) (S 127,60,67) (S 119,56,67) (S 128,62,67) (S 108,62,66) (S 104,60,62) (D 0,1,1)
0 1 22 272 544 9 (D 0,1,1) (S 31,1,2) (S 33,2,4) (S 112,4,69) (S 110,58,69) (S 102,58,60) (S 104,60,62) (S 105,62,63) (S 106,63,64) (S 107,63,65) (D 0,1,1)
0 1 23 333 583 10 (D 0,1,1) (S 31,1,2) (S 33,2,4) (S 112,4,69) (S 110,58,69) (S 102,58,60) (S 104,60,62) (S 108,62,66) (S 109,66,68) (S 128,62,67) (S 127,60,67) (D 0,1,1)
0 1 24 284 568 13 (D 0,1,1) (S 31,1,2) (S 33,2,4) (S 34,4,5) (S 36,5,7) (S 37,7,8) (S 38,8,9) (S 39,9,10) (S 40,10,11) (S 41,11,12) (S 121,12,76) (S 122,20,76) (S 51,18,20) (S 42,12,16) (D 0,1,1)
0 1 25 311 539 9 (D 0,1,1) (S 31,1,2) (S 33,2,4) (S 112,4,69) (S 110,58,69) (S 102,58,60) (S 104,60,62) (S 128,62,67) (S 127,60,67) (S 103,60,61) (D 0,1,1)
0 1 26 518 612 22 (D 0,1,1) (S 31,1,2) (S 33,2,4) (S 112,4,69) (S 111,59,69) (S 126,44,59) (S 83,44,46) (S 84,46,47) (S 85,47,48) (S 87,47,49) (S 88,49,50) (S 95,19,50) (S 50,19,20) (S 122,20,76) (S 124,76,77) (S 121,12,76) (S 41,11,12) (S 40,10,11) (S 39,9,10) (S 38,8,9) (S 37,7,8) (S 36,5,7) (S 34,4,5) (D 0,1,1)
0 1 27 307 549 20 (D 0,1,1) (S 31,1,2) (S 33,2,4) (S 112,4,69) (S 111,59,69) (S 126,44,59) (S 81,44,45) (S 82,45,46) (S 84,46,47) (S 87,47,49) (S 89,49,51) (S 125,21,51) (S 53,21,22) (S 55,22,24) (S 91,51,53) (S 92,52,53) (S 93,52,54) (S 90,50,52) (S 88,49,50) (S 85,47,48) (S 83,44,46) (D 0,1,1)
0 1 28 209 418 7 (D 0,1,1) (S 31,1,2) (S 33,2,4) (S 112,4,69) (S 111,59,69) (S 126,44,59) (S 83,44,46) (S 84,46,47) (D 0,1,1)
0 1 29 232 396 8 (D 0,1,1) (S 31,1,2) (S 33,2,4) (S 112,4,69) (S 110,58,69) (S 100,58,59) (S 126,44,59) (S 81,44,45) (S 111,59,69) (D 0,1,1)
0 1 30 163 326 7 (D 0,1,1) (S 31,1,2) (S 33,2,4) (S 34,4,5) (S 36,5,7) (S 37,7,8) (S 38,8,9) (S 35,5,6) (D 0,1,1)
0 1 31 422 592 13 (D 0,1,1) (S 31,1,2) (S 33,2,4) (S 112,4,69) (S 111,59,69) (S 126,44,59) (S 80,43,44) (S 79,42,43) (S 97,42,56) (S 96,55,56) (S 98,42,57) (S 99,57,58) (S 110,58,69) (S 32,2,3) (D 0,1,1)
0 1 32 225 382 7 (D 0,1,1) (S 31,1,2) (S 33,2,4) (S 112,4,69) (S 111,59,69) (S 100,58,59) (S 102,58,60) (S 110,58,69) (D 0,1,1)
