816
20
3365516700
3365516700
0 1 1 34 16 4 (D 0,1,1) (S 21,1,2) (S 25,2,7) (S 32,6,7) (S 23,1,6) (D 0,1,1)
0 1 2 67 31 9 (D 0,1,1) (S 23,1,6) (S 34,6,13) (S 48,13,21) (S 64,21,27) (S 76,27,31) (S 68,23,31) (S 52,15,23) (S 49,14,15) (S 47,13,14) (D 0,1,1)
0 1 3 51 21 7 (D 0,1,1) (S 22,1,5) (S 31,5,18) (S 56,18,19) (S 44,11,19) (S 43,11,12) (S 33,6,12) (S 23,1,6) (D 0,1,1)
0 1 4 55 21 8 (D 0,1,1) (S 23,1,6) (S 33,6,12) (S 46,12,20) (S 62,20,30) (S 73,26,30) (S 60,19,26) (S 44,11,19) (S 43,11,12) (D 0,1,1)
0 1 5 85 36 13 (D 0,1,1) (S 23,1,6) (S 34,6,13) (S 48,13,21) (S 64,21,27) (S 78,27,36) (S 94,35,36) (S 92,34,35) (S 83,30,34) (S 73,26,30) (S 60,19,26) (S 44,11,19) (S 43,11,12) (S 33,6,12) (D 0,1,1)
0 1 6 25 17 3 (D 0,1,1) (S 22,1,5) (S 29,5,6) (S 23,1,6) (D 0,1,1)
0 1 7 8 14 1 (D 0,1,1) (S 22,1,5) (D 0,1,1)
0 1 8 148 69 25 (D 0,1,1) (S 23,1,6) (S 33,6,12) (S 43,11,12) (S 44,11,19) (S 60,19,26) (S 73,26,30) (S 83,30,34) (S 88,33,34) (S 92,34,35) (S 95,35,41) (S 105,41,48) (S 106,41,49) (S 111,44,49) (S 108,42,44) (S 97,36,42) (S 112,44,50) (S 110,43,50) (S 100,38,43) (S 98,37,38) (S 85,31,37) (S 68,23,31) (S 52,15,23) (S 49,14,15) (S 47,13,14) (S 34,6,13) (D 0,1,1)
0 1 9 118 54 18 (D 0,1,1) (S 23,1,6) (S 34,6,13) (S 47,13,14) (S 49,14,15) (S 51,15,16) (S 54,16,24) (S 69,24,25) (S 71,25,28) (S 79,28,32) (S 86,32,37) (S 99,37,43) (S 109,43,45) (S 113,45,50) (S 110,43,50) (S 100,38,43) (S 85,31,37) (S 68,23,31) (S 52,15,23) (D 0,1,1)
0 1 10 168 72 27 (D 0,1,1) (S 23,1,6) (S 33,6,12) (S 43,11,12) (S 44,11,19) (S 60,19,26) (S 73,26,30) (S 83,30,34) (S 88,33,34) (S 91,33,46) (S 114,46,47) (S 115,47,48) (S 105,41,48) (S 104,41,42) (S 97,36,42) (S 96,36,37) (S 99,37,43) (S 109,43,45) (S 113,45,50) (S 100,38,43) (S 87,32,38) (S 79,28,32) (S 84,31,32) (S 68,23,31) (S 52,15,23) (S 49,14,15) (S 47,13,14) (S 34,6,13) (D 0,1,1)
0 1 11 90 52 16 (D 0,1,1) (S 23,1,6) (S 33,6,12) (S 43,11,12) (S 44,11,19) (S 56,18,19) (S 57,18,26) (S 72,26,29) (S 83,30,34) (S 93,34,40) (S 90,33,40) (S 89,33,39) (S 103,40,47) (S 95,35,41) (S 92,34,35) (S 73,26,30) (S 60,19,26) (D 0,1,1)
0 1 12 85 50 13 (D 0,1,1) (S 23,1,6) (S 32,6,7) (S 25,2,7) (S 37,8,9) (S 27,3,9) (S 40,9,15) (S 51,15,16) (S 54,16,24) (S 52,15,23) (S 65,22,23) (S 49,14,15) (S 47,13,14) (S 34,6,13) (D 0,1,1)
0 1 13 118 58 17 (D 0,1,1) (S 23,1,6) (S 34,6,13) (S 47,13,14) (S 49,14,15) (S 40,9,15) (S 51,15,16) (S 53,16,17) (S 55,17,25) (S 71,25,28) (S 79,28,32) (S 87,32,38) (S 101,38,45) (S 109,43,45) (S 99,37,43) (S 85,31,37) (S 68,23,31) (S 52,15,23) (D 0,1,1)
0 1 14 74 41 12 (D 0,1,1) (S 23,1,6) (S 33,6,12) (S 46,12,20) (S 61,20,21) (S 64,21,27) (S 75,27,30) (S 73,26,30) (S 72,26,29) (S 82,29,39) (S 60,19,26) (S 44,11,19) (S 43,11,12) (D 0,1,1)
0 1 15 80 40 12 (D 0,1,1) (S 23,1,6) (S 33,6,12) (S 43,11,12) (S 45,12,13) (S 47,13,14) (S 38,8,14) (S 50,14,22) (S 65,22,23) (S 68,23,31) (S 52,15,23) (S 49,14,15) (S 34,6,13) (D 0,1,1)
0 1 16 149 61 23 (D 0,1,1) (S 23,1,6) (S 33,6,12) (S 43,11,12) (S 44,11,19) (S 56,18,19) (S 58,18,29) (S 72,26,29) (S 75,27,30) (S 83,30,34) (S 92,34,35) (S 95,35,41) (S 105,41,48) (S 116,48,49) (S 117,49,50) (S 113,45,50) (S 109,43,45) (S 99,37,43) (S 85,31,37) (S 68,23,31) (S 52,15,23) (S 49,14,15) (S 47,13,14) (S 34,6,13) (D 0,1,1)
0 1 17 68 40 10 (D 0,1,1) (S 23,1,6) (S 32,6,7) (S 25,2,7) (S 35,7,8) (S 37,8,9) (S 39,9,10) (S 40,9,15) (S 49,14,15) (S 47,13,14) (S 34,6,13) (D 0,1,1)
0 1 18 94 47 13 (D 0,1,1) (S 23,1,6) (S 33,6,12) (S 45,12,13) (S 47,13,14) (S 49,14,15) (S 51,15,16) (S 53,16,17) (S 42,10,17) (S 28,4,10) (S 26,3,4) (S 24,2,3) (S 25,2,7) (S 32,6,7) (D 0,1,1)
0 1 19 97 47 13 (D 0,1,1) (S 23,1,6) (S 32,6,7) (S 40,9,15) (S 49,14,15) (S 51,15,16) (S 54,16,24) (S 70,24,32) (S 84,31,32) (S 68,23,31) (S 65,22,23) (S 63,21,22) (S 48,13,21) (S 34,6,13) (D 0,1,1)
0 1 20 83 29 12 (D 0,1,1) (S 23,1,6) (S 33,6,12) (S 46,12,20) (S 59,19,20) (S 56,18,19) (S 57,18,26) (S 60,19,26) (S 44,11,19) (S 30,5,11) (S 43,11,12) (S 45,12,13) (S 34,6,13) (D 0,1,1)
