136
8
19522207
260062
 0 1 1 27 16  7 (D 0,1,1) (S 10,1,7) (S 32,7,9) (S 8,9,9) (S 16,9,10) (S 2,3,3) (D 0,1,1)
 0 1 2 27 29  6 (D 0,1,1) (S 24,5,11) (S 14,11,4) (S 23,2,3) (S 25,3,9) (D 0,1,1)
 0 1 3 24 30  9 (D 0,1,1) (S 26,1,4) (S 27,4,5) (S 4,5,5) (S 18,5,7) (S 28,7,10) (S 11,10,6) (S 17,6,9) (D 0,1,1)
 0 1 4 25 14  5 (D 0,1,1) (S 22,8,9) (S 1,2,2) (S 20,2,7) (D 0,1,1)
 0 1 5 26 10  5 (D 0,1,1) (S 5,6,6) (S 29,6,8) (S 7,8,8) (D 0,1,1)
 0 1 6 23 13  6 (D 0,1,1) (S 6,7,7) (S 13,7,3) (S 31,3,11) (S 12,11,1) (D 0,1,1)
 0 1 7 26 9  4 (D 0,1,1) (S 19,3,4) (S 3,4,4) (D 0,1,1)
 0 1 8 27 15  7 (D 0,1,1) (S 30,5,10) (S 9,10,10) (S 33,3,10) (S 15,3,5) (S 21,5,8) (D 0,1,1)
