255
9
25585957
4042187
 0 1 1 41 44  9 (D 0,1,1) (S 31,20,15) (S 40,15,21) (S 37,21,24) (S 14,22,22) (S 21,23,24) (S 25,24,21) (S 39,15,20) (D 0,1,1)
 0 1 2 39 32  5 (D 0,1,1) (S 5,6,6) (S 6,7,7) (S 27,6,5) (D 0,1,1)
 0 1 3 45 18  8 (D 0,1,1) (S 2,3,3) (S 17,3,10) (S 38,10,2) (S 1,2,2) (S 36,2,4) (S 3,4,4) (D 0,1,1)
 0 1 4 34 14  3 (D 0,1,1) (S 12,19,19) (D 0,1,1)
 0 1 5 45 33  6 (D 0,1,1) (S 22,11,6) (S 15,6,12) (S 10,17,17) (S 34,16,15) (D 0,1,1)
 0 1 6 44 26  5 (D 0,1,1) (S 33,1,19) (S 28,20,21) (S 13,21,21) (D 0,1,1)
 0 1 7 36 14  5 (D 0,1,1) (S 30,1,11) (S 8,11,11) (S 4,5,5) (D 0,1,1)
 0 1 8 45 56  12 (D 0,1,1) (S 32,12,17) (S 23,16,17) (S 11,18,18) (S 20,18,14) (S 9,14,14) (S 29,8,14) (S 19,14,13) (S 24,13,17) (S 18,16,12) (S 26,12,11) (D 0,1,1)
 0 1 9 29 18  5 (D 0,1,1) (S 7,9,9) (S 35,9,19) (S 16,20,1) (D 0,1,1)
