11059
10
19166142600
19166142600
0 1 1 3529 666 16 (D 0,1,1) (S 1,1,2) (S 2,3,4) (S 3,11,10) (S 4,10,16) (S 5,16,17) (S 6,17,18) (S 7,18,25) (S 8,25,24) (S 9,24,17) (S 10,17,18) (S 11,18,12) (S 12,11,12) (S 13,11,10) (S 14,9,8) (S 15,8,7) (S 16,7,1) (D 0,1,1)
0 1 2 4784 875 24 (D 0,1,1) (S 17,1,2) (S 18,9,8) (S 19,8,7) (S 20,7,13) (S 21,13,14) (S 22,14,15) (S 23,16,22) (S 24,21,20) (S 25,20,28) (S 26,28,29) (S 27,29,30) (S 28,30,26) (S 29,23,26) (S 30,23,22) (S 31,22,29) (S 32,28,29) (S 33,27,28) (S 34,19,27) (S 35,13,14) (S 36,14,15) (S 37,10,16) (S 38,9,8) (S 39,8,7) (S 40,7,1) (D 0,1,1)
0 1 3 1924 491 11 (D 0,1,1) (S 41,1,2) (S 42,8,7) (S 43,7,1) (S 44,1,2) (S 45,3,4) (S 46,9,14) (S 47,14,15) (S 48,10,16) (S 49,9,8) (S 50,8,7) (S 51,7,1) (D 0,1,1)
0 1 4 3698 944 21 (D 0,1,1) (S 52,1,2) (S 53,9,14) (S 54,14,15) (S 55,16,22) (S 56,22,29) (S 57,29,30) (S 58,30,31) (S 59,31,32) (S 60,25,24) (S 61,31,32) (S 62,25,24) (S 63,24,23) (S 64,23,26) (S 65,26,31) (S 66,31,32) (S 67,25,24) (S 68,16,22) (S 69,10,16) (S 70,9,8) (S 71,8,7) (S 72,7,1) (D 0,1,1)
0 1 5 4139 943 23 (D 0,1,1) (S 73,1,2) (S 74,8,7) (S 75,7,1) (S 76,1,2) (S 77,8,7) (S 78,7,1) (S 79,1,2) (S 80,3,4) (S 81,6,12) (S 82,11,12) (S 83,11,10) (S 84,9,8) (S 85,8,7) (S 86,7,13) (S 87,13,14) (S 88,14,15) (S 89,10,16) (S 90,9,8) (S 91,8,7) (S 92,7,1) (S 93,1,2) (S 94,8,7) (S 95,7,1) (D 0,1,1)
0 1 6 1613 509 8 (D 0,1,1) (S 96,1,2) (S 97,3,4) (S 98,6,12) (S 99,17,18) (S 100,11,10) (S 101,9,8) (S 102,8,7) (S 103,7,1) (D 0,1,1)
0 1 7 3951 769 20 (D 0,1,1) (S 104,1,2) (S 105,3,4) (S 106,17,18) (S 107,18,25) (S 108,25,24) (S 109,24,23) (S 110,23,22) (S 111,21,20) (S 112,20,19) (S 113,19,27) (S 114,27,28) (S 115,28,29) (S 116,29,30) (S 117,30,26) (S 118,26,22) (S 119,16,22) (S 120,10,16) (S 121,9,8) (S 122,8,7) (S 123,7,1) (D 0,1,1)
0 1 8 2263 564 13 (D 0,1,1) (S 124,1,2) (S 125,9,14) (S 126,14,15) (S 127,21,20) (S 128,20,19) (S 129,19,27) (S 130,19,27) (S 131,13,14) (S 132,14,15) (S 133,10,16) (S 134,9,8) (S 135,8,7) (S 136,7,1) (D 0,1,1)
0 1 9 3467 772 19 (D 0,1,1) (S 137,1,2) (S 138,3,4) (S 139,17,18) (S 140,18,25) (S 141,25,24) (S 142,24,23) (S 143,23,26) (S 144,26,31) (S 145,31,32) (S 146,25,24) (S 147,24,23) (S 148,23,22) (S 149,21,20) (S 150,14,20) (S 151,14,15) (S 152,10,16) (S 153,9,8) (S 154,8,7) (S 155,7,1) (D 0,1,1)
0 1 10 472 113 3 (D 0,1,1) (S 156,1,2) (S 157,8,7) (S 158,7,1) (D 0,1,1)
