1201
20
24438300
24438300
0 1 1 3 41 3 (D 0,1,1) (S 7,1,7) (S 23,7,12) (S 9,12,1) (D 0,1,1)
0 1 2 5 52 5 (D 0,1,1) (S 8,10,1) (S 24,8,10) (S 22,8,7) (S 23,7,12) (S 9,12,1) (D 0,1,1)
0 1 3 6 50 6 (D 0,1,1) (S 5,1,2) (S 10,2,3) (S 14,3,5) (S 17,5,6) (S 21,6,12) (S 9,12,1) (D 0,1,1)
0 1 4 5 50 5 (D 0,1,1) (S 5,1,2) (S 10,2,3) (S 14,3,5) (S 19,5,12) (S 9,12,1) (D 0,1,1)
0 1 5 6 50 6 (D 0,1,1) (S 5,1,2) (S 10,2,3) (S 14,3,5) (S 17,5,6) (S 21,6,12) (S 9,12,1) (D 0,1,1)
0 1 6 1 38 1 (D 0,1,1) (S 8,10,1) (D 0,1,1)
0 1 7 7 64 7 (D 0,1,1) (S 6,1,4) (S 16,4,11) (S 15,11,3) (S 14,3,5) (S 17,5,6) (S 21,6,12) (S 9,12,1) (D 0,1,1)
0 1 8 6 54 6 (D 0,1,1) (S 6,1,4) (S 16,4,11) (S 18,11,5) (S 17,5,6) (S 21,6,12) (S 9,12,1) (D 0,1,1)
0 1 9 6 50 6 (D 0,1,1) (S 5,1,2) (S 10,2,3) (S 14,3,5) (S 17,5,6) (S 21,6,12) (S 9,12,1) (D 0,1,1)
0 1 10 3 41 3 (D 0,1,1) (S 7,1,7) (S 23,7,12) (S 9,12,1) (D 0,1,1)
0 1 11 1 38 1 (D 0,1,1) (S 8,10,1) (D 0,1,1)
0 1 12 6 54 6 (D 0,1,1) (S 6,1,4) (S 16,4,11) (S 18,11,5) (S 17,5,6) (S 21,6,12) (S 9,12,1) (D 0,1,1)
0 1 13 7 69 7 (D 0,1,1) (S 5,1,2) (S 10,2,3) (S 14,3,5) (S 17,5,6) (S 20,6,7) (S 23,7,12) (S 9,12,1) (D 0,1,1)
0 1 14 6 100 6 (D 0,1,1) (S 5,1,2) (S 10,2,3) (S 14,3,5) (S 17,5,6) (S 21,6,12) (S 9,12,1) (D 0,1,1)
0 1 15 7 73 7 (D 0,1,1) (S 6,1,4) (S 16,4,11) (S 18,11,5) (S 17,5,6) (S 20,6,7) (S 23,7,12) (S 9,12,1) (D 0,1,1)
0 1 16 5 73 5 (D 0,1,1) (S 18,11,5) (S 17,5,6) (S 20,6,7) (S 23,7,12) (S 9,12,1) (D 0,1,1)
0 1 17 8 69 8 (D 0,1,1) (S 5,1,2) (S 11,2,4) (S 16,4,11) (S 15,11,3) (S 14,3,5) (S 17,5,6) (S 21,6,12) (S 9,12,1) (D 0,1,1)
0 1 18 9 83 9 (D 0,1,1) (S 8,10,1) (S 25,9,10) (S 12,9,2) (S 11,2,4) (S 16,4,11) (S 18,11,5) (S 17,5,6) (S 21,6,12) (S 9,12,1) (D 0,1,1)
0 1 19 3 76 3 (D 0,1,1) (S 8,10,1) (S 24,8,10) (S 25,9,10) (D 0,1,1)
0 1 20 3 76 3 (D 0,1,1) (S 8,10,1) (S 25,9,10) (S 24,8,10) (D 0,1,1)
