282
9
27745402
108775
 0 1 1 25 10  3 (D 0,1,1) (S 13,20,20) (D 0,1,1)
 0 1 2 37 48  7 (D 0,1,1) (S 15,7,8) (S 42,8,14) (S 44,14,8) (S 34,7,6) (S 35,6,5) (D 0,1,1)
 0 1 3 42 27  6 (D 0,1,1) (S 45,5,6) (S 25,6,11) (S 7,11,11) (S 23,11,5) (D 0,1,1)
 0 1 4 45 23  9 (D 0,1,1) (S 27,2,4) (S 3,4,4) (S 19,4,3) (S 2,3,3) (S 22,3,10) (S 33,10,2) (S 1,2,2) (D 0,1,1)
 0 1 5 41 26  6 (D 0,1,1) (S 4,5,5) (S 5,6,6) (S 8,12,12) (S 36,11,1) (D 0,1,1)
 0 1 6 45 55  14 (D 0,1,1) (S 17,7,13) (S 29,13,17) (S 41,17,12) (S 32,12,17) (S 46,17,18) (S 12,18,18) (S 20,18,14) (S 24,14,13) (S 37,16,17) (S 11,17,17) (S 38,17,16) (S 10,16,16) (D 0,1,1)
 0 1 7 37 24  6 (D 0,1,1) (S 47,19,9) (S 6,9,9) (S 39,9,19) (S 26,19,20) (D 0,1,1)
 0 1 8 42 30  6 (D 0,1,1) (S 43,1,19) (S 30,19,22) (S 18,22,23) (S 40,21,15) (D 0,1,1)
 0 1 9 44 39  9 (D 0,1,1) (S 48,20,15) (S 9,15,15) (S 31,15,21) (S 28,21,24) (S 14,24,24) (S 16,24,23) (S 21,23,21) (D 0,1,1)
