148
7
21071313
495034
 0 1 1 20 20  7 (D 0,1,1) (S 3,5,5) (S 22,5,10) (S 31,23,24) (S 21,24,21) (S 33,21,20) (D 0,1,1)
 0 1 2 20 26  7 (D 0,1,1) (S 36,5,6) (S 9,12,12) (S 15,17,16) (S 11,16,16) (S 10,15,15) (D 0,1,1)
 0 1 3 18 23  8 (D 0,1,1) (S 29,19,20) (S 30,20,23) (S 32,23,20) (S 13,22,22) (S 24,22,19) (S 25,9,3) (D 0,1,1)
 0 1 4 20 30  9 (D 0,1,1) (S 27,6,12) (S 35,13,14) (S 20,14,18) (S 12,18,18) (S 26,17,18) (S 16,17,13) (S 28,13,12) (D 0,1,1)
 0 1 5 20 27  6 (D 0,1,1) (S 34,12,6) (S 14,6,7) (S 4,7,7) (S 5,8,8) (D 0,1,1)
 0 1 6 19 6  7 (D 0,1,1) (S 1,3,3) (S 17,3,4) (S 2,4,4) (S 38,4,2) (S 19,2,1) (D 0,1,1)
 0 1 7 20 16  8 (D 0,1,1) (S 37,2,4) (S 8,11,11) (S 23,11,10) (S 7,10,10) (S 18,10,9) (S 6,9,9) (D 0,1,1)
