495
8
26820258
1461513
 0 1 1 39 51  8 (D 0,1,1) (S 39,15,21) (S 12,21,21) (S 15,21,20) (S 11,20,20) (S 6,10,10) (S 36,9,3) (D 0,1,1)
 0 1 2 39 97  8 (D 0,1,1) (S 40,9,19) (S 38,22,23) (S 26,23,24) (S 29,24,21) (S 24,24,23) (S 43,23,20) (D 0,1,1)
 0 1 3 40 63  7 (D 0,1,1) (S 22,19,20) (S 41,20,23) (S 23,23,22) (S 21,22,19) (S 42,19,9) (D 0,1,1)
 0 1 4 40 88  8 (D 0,1,1) (S 28,12,6) (S 4,6,6) (S 25,8,7) (S 5,7,7) (S 16,8,14) (S 34,12,11) (D 0,1,1)
 0 1 5 40 68  7 (D 0,1,1) (S 32,10,11) (S 20,11,15) (S 9,16,16) (S 33,16,12) (S 8,12,12) (D 0,1,1)
 0 1 6 32 14  7 (D 0,1,1) (S 30,1,3) (S 2,3,3) (S 19,3,4) (S 1,2,2) (S 13,2,1) (D 0,1,1)
 0 1 7 40 39  5 (D 0,1,1) (S 18,4,5) (S 3,5,5) (S 17,10,9) (D 0,1,1)
 0 1 8 40 75  11 (D 0,1,1) (S 44,15,16) (S 45,17,13) (S 27,13,17) (S 14,17,18) (S 37,14,18) (S 10,18,18) (S 31,14,13) (S 7,11,11) (S 35,11,5) (D 0,1,1)
