259
9
29258676
1216090
 0 1 1 21 14  5 (D 0,1,1) (S 18,5,11) (S 6,11,11) (S 42,11,1) (D 0,1,1)
 0 1 2 43 18  6 (D 0,1,1) (S 32,1,9) (S 40,9,19) (S 10,19,19) (S 24,19,20) (D 0,1,1)
 0 1 3 43 37  10 (D 0,1,1) (S 35,6,7) (S 4,7,7) (S 17,7,13) (S 38,13,17) (S 9,17,17) (S 48,17,16) (S 34,17,12) (S 29,12,11) (D 0,1,1)
 0 1 4 45 52  11 (D 0,1,1) (S 7,12,12) (S 31,16,17) (S 26,17,13) (S 13,13,14) (S 33,14,8) (S 43,8,14) (S 19,14,18) (S 45,18,17) (S 47,16,15) (D 0,1,1)
 0 1 5 43 22  5 (D 0,1,1) (S 11,20,20) (S 36,20,21) (S 12,21,21) (D 0,1,1)
 0 1 6 41 27  5 (D 0,1,1) (S 20,11,6) (S 3,6,6) (S 44,6,5) (D 0,1,1)
 0 1 7 42 43  9 (D 0,1,1) (S 39,20,15) (S 37,15,21) (S 23,22,23) (S 21,23,24) (S 25,24,21) (S 46,21,15) (S 8,15,15) (D 0,1,1)
 0 1 8 42 23  8 (D 0,1,1) (S 30,5,4) (S 16,4,3) (S 22,3,10) (S 5,10,10) (S 1,2,2) (S 14,2,5) (D 0,1,1)
 0 1 9 38 23  7 (D 0,1,1) (S 28,1,19) (S 41,19,9) (S 15,9,3) (S 27,4,5) (S 2,5,5) (D 0,1,1)
