1015
26
6390863100
6390863100
0 1 1 138 54 23 (D 0,1,1) (S 135,6,1) (S 145,12,6) (S 58,11,12) (S 156,19,11) (S 75,19,26) (S 88,26,30) (S 195,34,30) (S 107,34,35) (S 109,35,36) (S 112,36,42) (S 220,44,42) (S 122,42,43) (S 221,45,43) (S 211,43,37) (S 198,37,32) (S 94,28,32) (S 183,28,25) (S 196,32,31) (S 83,23,31) (S 67,15,23) (S 161,15,14) (S 159,14,13) (S 146,13,6) (D 0,1,1)
0 1 2 81 41 12 (D 0,1,1) (S 135,6,1) (S 146,13,6) (S 159,14,13) (S 161,15,14) (S 67,15,23) (S 83,23,31) (S 197,37,31) (S 211,43,37) (S 115,38,43) (S 102,32,38) (S 94,28,32) (S 196,32,31) (D 0,1,1)
0 1 3 86 52 17 (D 0,1,1) (S 135,6,1) (S 145,12,6) (S 58,11,12) (S 156,19,11) (S 71,18,19) (S 75,19,26) (S 88,26,30) (S 195,34,30) (S 108,34,40) (S 118,40,47) (S 226,47,46) (S 130,47,48) (S 217,48,41) (S 218,49,41) (S 207,41,35) (S 107,34,35) (S 87,26,29) (D 0,1,1)
0 1 4 77 38 13 (D 0,1,1) (S 135,6,1) (S 145,12,6) (S 58,11,12) (S 156,19,11) (S 75,19,26) (S 87,26,29) (S 194,39,29) (S 104,33,39) (S 105,33,40) (S 108,34,40) (S 107,34,35) (S 195,34,30) (S 88,26,30) (D 0,1,1)
0 1 5 127 44 21 (D 0,1,1) (S 135,6,1) (S 146,13,6) (S 159,14,13) (S 161,15,14) (S 67,15,23) (S 83,23,31) (S 197,37,31) (S 211,43,37) (S 221,45,43) (S 128,45,50) (S 224,50,44) (S 220,44,42) (S 112,36,42) (S 109,35,36) (S 107,34,35) (S 195,34,30) (S 88,26,30) (S 75,19,26) (S 156,19,11) (S 58,11,12) (S 145,12,6) (D 0,1,1)
0 1 6 78 43 11 (D 0,1,1) (S 135,6,1) (S 146,13,6) (S 159,14,13) (S 161,15,14) (S 67,15,23) (S 83,23,31) (S 197,37,31) (S 211,43,37) (S 221,45,43) (S 213,45,38) (S 95,28,38) (D 0,1,1)
0 1 7 73 39 12 (D 0,1,1) (S 135,6,1) (S 145,12,6) (S 58,11,12) (S 156,19,11) (S 75,19,26) (S 88,26,30) (S 195,34,30) (S 108,34,40) (S 105,33,40) (S 106,33,46) (S 226,47,46) (S 118,40,47) (D 0,1,1)
0 1 8 75 37 12 (D 0,1,1) (S 135,6,1) (S 145,12,6) (S 61,12,20) (S 157,13,12) (S 159,14,13) (S 161,15,14) (S 163,16,15) (S 67,15,23) (S 177,23,22) (S 55,9,15) (S 52,8,9) (S 53,8,14) (D 0,1,1)
0 1 9 82 42 16 (D 0,1,1) (S 135,6,1) (S 145,12,6) (S 58,11,12) (S 156,19,11) (S 75,19,26) (S 88,26,30) (S 195,34,30) (S 107,34,35) (S 109,35,36) (S 112,36,42) (S 220,44,42) (S 126,44,49) (S 218,49,41) (S 217,48,41) (S 214,41,40) (S 108,34,40) (D 0,1,1)
0 1 10 124 49 22 (D 0,1,1) (S 135,6,1) (S 145,12,6) (S 58,11,12) (S 156,19,11) (S 75,19,26) (S 88,26,30) (S 195,34,30) (S 107,34,35) (S 207,41,35) (S 218,49,41) (S 126,44,49) (S 220,44,42) (S 112,36,42) (S 111,36,37) (S 198,37,32) (S 196,32,31) (S 178,31,22) (S 177,23,22) (S 67,15,23) (S 161,15,14) (S 159,14,13) (S 146,13,6) (D 0,1,1)
0 1 11 52 47 7 (D 0,1,1) (S 135,6,1) (S 42,3,9) (S 138,4,3) (S 140,10,4) (S 39,2,3) (S 137,7,2) (S 47,6,7) (D 0,1,1)
0 1 12 54 42 7 (D 0,1,1) (S 135,6,1) (S 146,13,6) (S 159,14,13) (S 161,15,14) (S 55,9,15) (S 54,9,10) (S 154,17,10) (D 0,1,1)
0 1 13 67 25 10 (D 0,1,1) (S 135,6,1) (S 145,12,6) (S 61,12,20) (S 171,20,19) (S 75,19,26) (S 87,26,29) (S 170,29,18) (S 71,18,19) (S 156,19,11) (S 58,11,12) (D 0,1,1)
0 1 14 82 37 11 (D 0,1,1) (S 135,6,1) (S 146,13,6) (S 159,14,13) (S 161,15,14) (S 67,15,23) (S 83,23,31) (S 196,32,31) (S 85,24,32) (S 166,24,16) (S 153,16,9) (S 55,9,15) (D 0,1,1)
0 1 15 82 43 15 (D 0,1,1) (S 135,6,1) (S 145,12,6) (S 58,11,12) (S 156,19,11) (S 75,19,26) (S 88,26,30) (S 187,30,27) (S 107,34,35) (S 207,41,35) (S 217,48,41) (S 228,49,48) (S 218,49,41) (S 214,41,40) (S 108,34,40) (S 195,34,30) (D 0,1,1)
0 1 16 60 42 8 (D 0,1,1) (S 135,6,1) (S 146,13,6) (S 159,14,13) (S 161,15,14) (S 67,15,23) (S 177,23,22) (S 83,23,31) (S 91,27,31) (D 0,1,1)
0 1 17 72 46 12 (D 0,1,1) (S 135,6,1) (S 145,12,6) (S 58,11,12) (S 156,19,11) (S 75,19,26) (S 87,26,29) (S 193,33,29) (S 200,34,33) (S 195,34,30) (S 187,30,27) (S 79,21,27) (S 88,26,30) (D 0,1,1)
0 1 18 46 28 7 (D 0,1,1) (S 135,6,1) (S 146,13,6) (S 159,14,13) (S 161,15,14) (S 67,15,23) (S 166,24,16) (S 163,16,15) (D 0,1,1)
0 1 19 48 21 7 (D 0,1,1) (S 135,6,1) (S 146,13,6) (S 159,14,13) (S 53,8,14) (S 147,8,7) (S 137,7,2) (S 47,6,7) (D 0,1,1)
0 1 20 55 33 8 (D 0,1,1) (S 135,6,1) (S 146,13,6) (S 159,14,13) (S 63,13,21) (S 173,21,20) (S 45,5,11) (S 58,11,12) (S 145,12,6) (D 0,1,1)
0 1 21 62 32 10 (D 0,1,1) (S 135,6,1) (S 145,12,6) (S 58,11,12) (S 45,5,11) (S 75,19,26) (S 87,26,29) (S 88,26,30) (S 72,18,26) (S 71,18,19) (S 156,19,11) (D 0,1,1)
0 1 22 25 17 3 (D 0,1,1) (S 135,6,1) (S 44,5,6) (S 134,5,1) (D 0,1,1)
0 1 23 52 32 8 (D 0,1,1) (S 135,6,1) (S 63,13,21) (S 159,14,13) (S 161,15,14) (S 55,9,15) (S 67,15,23) (S 177,23,22) (S 146,13,6) (D 0,1,1)
0 1 24 140 61 22 (D 0,1,1) (S 135,6,1) (S 145,12,6) (S 61,12,20) (S 156,19,11) (S 75,19,26) (S 88,26,30) (S 187,30,27) (S 107,34,35) (S 109,35,36) (S 112,36,42) (S 220,44,42) (S 126,44,49) (S 132,49,50) (S 128,45,50) (S 221,45,43) (S 211,43,37) (S 197,37,31) (S 83,23,31) (S 67,15,23) (S 161,15,14) (S 159,14,13) (S 146,13,6) (D 0,1,1)
0 1 25 89 48 13 (D 0,1,1) (S 134,5,1) (S 45,5,11) (S 58,11,12) (S 157,13,12) (S 159,14,13) (S 161,15,14) (S 163,16,15) (S 166,24,16) (S 84,24,25) (S 70,17,25) (S 165,17,16) (S 146,13,6) (S 135,6,1) (D 0,1,1)
0 1 26 35 22 5 (D 0,1,1) (S 135,6,1) (S 145,12,6) (S 61,12,20) (S 137,7,2) (S 47,6,7) (D 0,1,1)
