17395
30
10342310100
10342310100
0 1 1 390 818 13 (D 0,1,1) (S 108,2,1) (S 110,4,2) (S 24,4,5) (S 26,5,7) (S 114,8,7) (S 115,9,8) (S 116,10,9) (S 30,11,12) (S 190,76,20) (S 39,18,20) (S 101,18,72) (S 184,72,71) (S 96,70,71) (D 0,1,1)
0 1 2 407 850 9 (D 0,1,1) (S 108,2,1) (S 110,4,2) (S 182,69,4) (S 93,58,69) (S 82,57,58) (S 168,57,42) (S 64,35,41) (S 144,35,32) (S 54,31,32) (D 0,1,1)
0 1 3 349 752 9 (D 0,1,1) (S 108,2,1) (S 110,4,2) (S 182,69,4) (S 93,58,69) (S 82,57,58) (S 168,57,42) (S 62,39,40) (S 148,39,37) (S 146,37,33) (D 0,1,1)
0 1 4 391 711 21 (D 0,1,1) (S 108,2,1) (S 110,4,2) (S 182,69,4) (S 181,69,59) (S 194,59,44) (S 68,44,46) (S 156,47,46) (S 158,49,47) (S 160,51,49) (S 193,51,21) (S 128,22,21) (S 43,22,24) (S 44,24,25) (S 140,31,23) (S 139,31,30) (S 102,23,75) (S 42,22,75) (S 162,53,51) (S 163,53,52) (S 161,52,50) (S 159,50,49) (D 0,1,1)
0 1 5 289 632 10 (D 0,1,1) (S 108,2,1) (S 110,4,2) (S 182,69,4) (S 93,58,69) (S 82,57,58) (S 168,57,42) (S 62,39,40) (S 63,35,39) (S 148,39,37) (S 60,37,38) (D 0,1,1)
0 1 6 356 712 18 (D 0,1,1) (S 108,2,1) (S 110,4,2) (S 182,69,4) (S 181,69,59) (S 194,59,44) (S 68,44,46) (S 156,47,46) (S 158,49,47) (S 160,51,49) (S 193,51,21) (S 128,22,21) (S 43,22,24) (S 44,24,25) (S 133,26,25) (S 135,27,26) (S 134,26,23) (S 136,28,26) (S 50,28,29) (D 0,1,1)
0 1 7 349 734 8 (D 0,1,1) (S 108,2,1) (S 110,4,2) (S 182,69,4) (S 93,58,69) (S 82,57,58) (S 168,57,42) (S 64,35,41) (S 144,35,32) (D 0,1,1)
0 1 8 654 839 21 (D 0,1,1) (S 108,2,1) (S 110,4,2) (S 182,69,4) (S 181,69,59) (S 194,59,44) (S 68,44,46) (S 156,47,46) (S 158,49,47) (S 160,51,49) (S 193,51,21) (S 128,22,21) (S 42,22,75) (S 102,23,75) (S 140,31,23) (S 54,31,32) (S 56,32,34) (S 144,35,32) (S 64,35,41) (S 168,57,42) (S 82,57,58) (S 93,58,69) (D 0,1,1)
0 1 9 345 619 16 (D 0,1,1) (S 108,2,1) (S 110,4,2) (S 182,69,4) (S 181,69,59) (S 194,59,44) (S 68,44,46) (S 156,47,46) (S 158,49,47) (S 160,51,49) (S 193,51,21) (S 128,22,21) (S 43,22,24) (S 44,24,25) (S 51,25,29) (S 132,75,25) (S 42,22,75) (D 0,1,1)
0 1 10 308 668 14 (D 0,1,1) (S 108,2,1) (S 110,4,2) (S 24,4,5) (S 26,5,7) (S 114,8,7) (S 115,9,8) (S 116,10,9) (S 30,11,12) (S 105,76,77) (S 121,77,13) (S 33,13,14) (S 122,17,15) (S 119,16,13) (S 190,76,20) (D 0,1,1)
0 1 11 273 546 8 (D 0,1,1) (S 108,2,1) (S 110,4,2) (S 182,69,4) (S 93,58,69) (S 85,58,60) (S 87,60,62) (S 178,66,62) (S 179,68,66) (D 0,1,1)
0 1 12 272 544 9 (D 0,1,1) (S 108,2,1) (S 110,4,2) (S 182,69,4) (S 93,58,69) (S 85,58,60) (S 87,60,62) (S 175,63,62) (S 176,64,63) (S 177,65,63) (D 0,1,1)
0 1 13 328 694 11 (D 0,1,1) (S 108,2,1) (S 110,4,2) (S 24,4,5) (S 26,5,7) (S 114,8,7) (S 115,9,8) (S 116,10,9) (S 30,11,12) (S 190,76,20) (S 39,18,20) (S 101,18,72) (D 0,1,1)
0 1 14 335 606 12 (D 0,1,1) (S 108,2,1) (S 110,4,2) (S 182,69,4) (S 181,69,59) (S 194,59,44) (S 68,44,46) (S 156,47,46) (S 158,49,47) (S 127,21,19) (S 124,19,18) (S 79,19,50) (S 159,50,49) (D 0,1,1)
0 1 15 293 567 11 (D 0,1,1) (S 108,2,1) (S 110,4,2) (S 24,4,5) (S 26,5,7) (S 114,8,7) (S 115,9,8) (S 116,10,9) (S 30,11,12) (S 123,18,15) (S 104,15,77) (S 105,76,77) (D 0,1,1)
0 1 16 310 565 9 (D 0,1,1) (S 108,2,1) (S 110,4,2) (S 182,69,4) (S 93,58,69) (S 85,58,60) (S 87,60,62) (S 167,56,55) (S 168,57,42) (S 82,57,58) (D 0,1,1)
0 1 17 288 576 11 (D 0,1,1) (S 108,2,1) (S 110,4,2) (S 182,69,4) (S 181,69,59) (S 194,59,44) (S 68,44,46) (S 156,47,46) (S 158,49,47) (S 159,50,49) (S 79,19,50) (S 38,19,20) (D 0,1,1)
0 1 18 307 549 20 (D 0,1,1) (S 108,2,1) (S 110,4,2) (S 182,69,4) (S 181,69,59) (S 194,59,44) (S 66,44,45) (S 67,45,46) (S 156,47,46) (S 157,48,47) (S 158,49,47) (S 159,50,49) (S 161,52,50) (S 164,54,52) (S 163,53,52) (S 162,53,51) (S 193,51,21) (S 128,22,21) (S 43,22,24) (S 160,51,49) (S 68,44,46) (D 0,1,1)
0 1 19 241 482 6 (D 0,1,1) (S 108,2,1) (S 110,4,2) (S 182,69,4) (S 181,69,59) (S 194,59,44) (S 65,43,44) (D 0,1,1)
0 1 20 442 870 13 (D 0,1,1) (S 108,2,1) (S 110,4,2) (S 182,69,4) (S 181,69,59) (S 83,58,59) (S 82,57,58) (S 168,57,42) (S 62,39,40) (S 148,39,37) (S 146,37,33) (S 55,32,33) (S 58,33,36) (S 93,58,69) (D 0,1,1)
0 1 21 234 468 5 (D 0,1,1) (S 108,2,1) (S 110,4,2) (S 182,69,4) (S 93,58,69) (S 82,57,58) (D 0,1,1)
0 1 22 228 456 6 (D 0,1,1) (S 108,2,1) (S 110,4,2) (S 182,69,4) (S 93,58,69) (S 85,58,60) (S 86,60,61) (D 0,1,1)
0 1 23 175 350 7 (D 0,1,1) (S 108,2,1) (S 110,4,2) (S 24,4,5) (S 26,5,7) (S 114,8,7) (S 115,9,8) (S 116,10,9) (D 0,1,1)
0 1 24 253 530 8 (D 0,1,1) (S 108,2,1) (S 110,4,2) (S 24,4,5) (S 26,5,7) (S 114,8,7) (S 115,9,8) (S 116,10,9) (S 171,59,11) (D 0,1,1)
0 1 25 446 568 13 (D 0,1,1) (S 108,2,1) (S 110,4,2) (S 24,4,5) (S 26,5,7) (S 114,8,7) (S 115,9,8) (S 116,10,9) (S 30,11,12) (S 118,16,12) (S 171,59,11) (S 83,58,59) (S 93,58,69) (S 182,69,4) (D 0,1,1)
0 1 26 377 776 16 (D 0,1,1) (S 108,2,1) (S 110,4,2) (S 24,4,5) (S 25,5,6) (S 26,5,7) (S 114,8,7) (S 115,9,8) (S 116,10,9) (S 30,11,12) (S 190,76,20) (S 39,18,20) (S 101,18,72) (S 184,72,71) (S 98,71,73) (S 100,73,74) (S 99,72,73) (D 0,1,1)
0 1 27 200 363 8 (D 0,1,1) (S 108,2,1) (S 110,4,2) (S 182,69,4) (S 181,69,59) (S 194,59,44) (S 66,44,45) (S 67,45,46) (S 68,44,46) (D 0,1,1)
0 1 28 105 210 3 (D 0,1,1) (S 108,2,1) (S 110,4,2) (S 24,4,5) (D 0,1,1)
0 1 29 124 248 3 (D 0,1,1) (S 108,2,1) (S 110,4,2) (S 182,69,4) (D 0,1,1)
0 1 30 46 92 2 (D 0,1,1) (S 108,2,1) (S 22,2,3) (D 0,1,1)
