84
7
12108044
60736
 0 1 1 27 6  4 (D 0,1,1) (S 20,1,8) (S 2,3,3) (D 0,1,1)
 0 1 2 15 13  4 (D 0,1,1) (S 9,1,9) (S 19,9,10) (D 0,1,1)
 0 1 3 21 2  4 (D 0,1,1) (S 15,1,2) (S 1,2,2) (D 0,1,1)
 0 1 4 25 21  6 (D 0,1,1) (S 14,2,4) (S 3,4,4) (S 17,4,7) (S 21,7,9) (D 0,1,1)
 0 1 5 23 8  7 (D 0,1,1) (S 11,1,11) (S 10,11,7) (S 6,7,7) (S 13,7,10) (S 8,10,10) (D 0,1,1)
 0 1 6 23 15  6 (D 0,1,1) (S 16,2,9) (S 12,9,6) (S 5,6,6) (S 18,6,11) (D 0,1,1)
 0 1 7 20 19  7 (D 0,1,1) (S 24,1,5) (S 4,5,5) (S 23,7,8) (S 7,8,8) (S 22,2,8) (D 0,1,1)
