467
7
9994460
3746
 0 1 1 28 28  5 (D 0,1,1) (S 11,2,3) (S 2,3,3) (S 7,3,1) (D 0,1,1)
 0 1 2 32 113  5 (D 0,1,1) (S 15,7,9) (S 10,11,12) (S 6,12,12) (D 0,1,1)
 0 1 3 30 20  4 (D 0,1,1) (S 19,1,4) (S 3,4,4) (D 0,1,1)
 0 1 4 33 97  6 (D 0,1,1) (S 20,2,8) (S 13,8,9) (S 5,9,9) (S 8,11,4) (D 0,1,1)
 0 1 5 32 151  7 (D 0,1,1) (S 17,4,10) (S 14,10,11) (S 21,11,13) (S 16,6,12) (S 9,12,8) (D 0,1,1)
 0 1 6 26 48  4 (D 0,1,1) (S 18,6,10) (S 4,5,5) (D 0,1,1)
 0 1 7 31 10  4 (D 0,1,1) (S 12,1,2) (S 1,2,2) (D 0,1,1)
