384
7
13518281
35677
 0 1 1 34 40  6 (D 0,1,1) (S 21,1,5) (S 3,5,5) (S 18,5,6) (S 9,6,7) (D 0,1,1)
 0 1 2 40 54  6 (D 0,1,1) (S 10,1,4) (S 2,4,4) (S 23,4,5) (S 26,5,7) (D 0,1,1)
 0 1 3 31 22  5 (D 0,1,1) (S 14,4,2) (S 20,2,3) (S 15,3,1) (D 0,1,1)
 0 1 4 33 62  7 (D 0,1,1) (S 24,1,6) (S 25,3,6) (S 22,6,9) (S 6,9,9) (S 19,9,10) (D 0,1,1)
 0 1 5 36 128  5 (D 0,1,1) (S 12,7,8) (S 5,8,8) (S 7,8,10) (D 0,1,1)
 0 1 6 41 60  6 (D 0,1,1) (S 1,2,2) (S 17,2,8) (S 8,8,3) (S 13,3,7) (D 0,1,1)
 0 1 7 30 18  5 (D 0,1,1) (S 16,7,10) (S 4,7,7) (S 11,7,1) (D 0,1,1)
