1089
20
46654800
46654800
0 1 1 1 74 1 (D 0,1,1) (S 9,8,9) (D 0,1,1)
0 1 2 22 88 2 (D 0,1,1) (S 7,2,6) (S 13,12,13) (D 0,1,1)
0 1 3 12 44 2 (D 0,1,1) (S 14,1,5) (S 11,5,10) (D 0,1,1)
0 1 4 8 26 1 (D 0,1,1) (S 7,2,6) (D 0,1,1)
0 1 5 35 93 5 (D 0,1,1) (S 14,1,5) (S 11,5,10) (S 12,11,13) (S 13,12,13) (S 7,2,6) (D 0,1,1)
0 1 6 28 76 3 (D 0,1,1) (S 10,4,11) (S 11,5,10) (S 14,1,5) (D 0,1,1)
0 1 7 12 14 1 (D 0,1,1) (S 6,1,3) (D 0,1,1)
0 1 8 23 31 3 (D 0,1,1) (S 6,1,3) (S 8,3,6) (S 7,2,6) (D 0,1,1)
0 1 9 25 24 2 (D 0,1,1) (S 15,2,3) (S 6,1,3) (D 0,1,1)
0 1 10 20 46 3 (D 0,1,1) (S 16,4,10) (S 11,5,10) (S 14,1,5) (D 0,1,1)
0 1 11 34 48 4 (D 0,1,1) (S 7,2,6) (S 17,6,10) (S 11,5,10) (S 14,1,5) (D 0,1,1)
0 1 12 32 89 4 (D 0,1,1) (S 9,8,9) (S 19,9,13) (S 13,12,13) (S 7,2,6) (D 0,1,1)
0 1 13 13 70 2 (D 0,1,1) (S 18,8,12) (S 7,2,6) (D 0,1,1)
0 1 14 35 86 4 (D 0,1,1) (S 14,1,5) (S 11,5,10) (S 20,11,12) (S 7,2,6) (D 0,1,1)
0 1 15 1 38 1 (D 0,1,1) (S 14,1,5) (D 0,1,1)
0 1 16 0 28 0 (D 0,1,1) (D 0,1,1)
0 1 17 22 88 2 (D 0,1,1) (S 7,2,6) (S 13,12,13) (D 0,1,1)
0 1 18 0 38 0 (D 0,1,1) (D 0,1,1)
0 1 19 12 14 1 (D 0,1,1) (S 6,1,3) (D 0,1,1)
0 1 20 12 74 2 (D 0,1,1) (S 14,1,5) (S 11,5,10) (D 0,1,1)
