12341
20
31309882500
31309882500
0 1 1 95 208 3 (D 0,1,1) (S 107,1,116) (S 111,114,118) (S 108,116,117) (D 0,1,1)
0 1 2 175 442 6 (D 0,1,1) (S 107,1,116) (S 106,113,114) (S 105,112,113) (S 104,107,112) (S 99,107,108) (S 100,108,109) (D 0,1,1)
0 1 3 18 36 1 (D 0,1,1) (S 107,1,116) (D 0,1,1)
0 1 4 451 930 24 (D 0,1,1) (S 107,1,116) (S 108,116,117) (S 110,117,119) (S 91,86,87) (S 90,85,86) (S 89,84,85) (S 88,82,84) (S 87,80,82) (S 86,79,80) (S 85,78,79) (S 84,77,78) (S 83,46,77) (S 66,43,46) (S 63,43,44) (S 64,44,45) (S 65,34,45) (S 57,34,139) (S 67,33,139) (S 56,11,33) (S 44,8,11) (S 42,6,8) (S 43,8,9) (S 46,12,13) (S 45,11,12) (D 0,1,1)
0 1 5 356 842 21 (D 0,1,1) (S 107,1,116) (S 108,116,117) (S 110,117,119) (S 91,86,87) (S 90,85,86) (S 89,84,85) (S 88,82,84) (S 87,80,82) (S 86,79,80) (S 85,78,79) (S 84,77,78) (S 83,46,77) (S 66,43,46) (S 63,43,44) (S 64,44,45) (S 65,34,45) (S 57,34,139) (S 67,33,139) (S 56,11,33) (S 45,11,12) (S 46,12,13) (D 0,1,1)
0 1 6 84 690 6 (D 0,1,1) (S 107,1,116) (S 108,116,117) (S 77,67,68) (S 78,67,69) (S 69,49,140) (S 68,48,49) (D 0,1,1)
0 1 7 380 833 22 (D 0,1,1) (S 107,1,116) (S 108,116,117) (S 110,117,119) (S 91,86,87) (S 90,85,86) (S 89,84,85) (S 88,82,84) (S 87,80,82) (S 86,79,80) (S 85,78,79) (S 84,77,78) (S 83,46,77) (S 66,43,46) (S 63,43,44) (S 64,44,45) (S 65,34,45) (S 57,34,139) (S 67,33,139) (S 56,11,33) (S 115,11,27) (S 52,27,28) (S 53,28,29) (D 0,1,1)
0 1 8 378 966 24 (D 0,1,1) (S 107,1,116) (S 108,116,117) (S 110,117,119) (S 91,86,87) (S 90,85,86) (S 89,84,85) (S 88,82,84) (S 87,80,82) (S 86,79,80) (S 85,78,79) (S 84,77,78) (S 83,46,77) (S 66,43,46) (S 63,43,44) (S 64,44,45) (S 65,34,45) (S 57,34,139) (S 67,33,139) (S 53,28,29) (S 52,27,28) (S 51,25,27) (S 50,24,25) (S 49,20,24) (S 48,20,22) (D 0,1,1)
0 1 9 269 642 18 (D 0,1,1) (S 107,1,116) (S 108,116,117) (S 110,117,119) (S 91,86,87) (S 90,85,86) (S 89,84,85) (S 88,82,84) (S 87,80,82) (S 86,79,80) (S 85,78,79) (S 84,77,78) (S 83,46,77) (S 66,43,46) (S 62,37,43) (S 58,36,37) (S 59,36,38) (S 60,38,39) (S 61,39,40) (D 0,1,1)
0 1 10 176 618 14 (D 0,1,1) (S 107,1,116) (S 106,113,114) (S 105,112,113) (S 104,107,112) (S 98,106,107) (S 97,105,106) (S 96,104,105) (S 95,102,104) (S 72,62,63) (S 73,63,64) (S 74,64,65) (S 71,55,56) (S 70,54,55) (S 114,55,140) (D 0,1,1)
0 1 11 251 614 16 (D 0,1,1) (S 107,1,116) (S 108,116,117) (S 110,117,119) (S 91,86,87) (S 90,85,86) (S 89,84,85) (S 88,82,84) (S 87,80,82) (S 86,79,80) (S 85,78,79) (S 84,77,78) (S 83,46,77) (S 66,43,46) (S 58,36,37) (S 62,37,43) (S 63,43,44) (D 0,1,1)
0 1 12 728 1226 42 (D 0,1,1) (S 107,1,116) (S 108,116,117) (S 110,117,119) (S 91,86,87) (S 90,85,86) (S 89,84,85) (S 88,82,84) (S 87,80,82) (S 86,79,80) (S 85,78,79) (S 84,77,78) (S 83,46,77) (S 66,43,46) (S 63,43,44) (S 64,44,45) (S 65,34,45) (S 57,34,139) (S 67,33,139) (S 56,11,33) (S 45,11,12) (S 46,12,13) (S 47,13,14) (S 43,8,9) (S 42,6,8) (S 41,5,6) (S 44,8,11) (S 82,44,73) (S 81,72,73) (S 80,71,72) (S 79,69,71) (S 78,67,69) (S 76,66,67) (S 92,95,96) (S 93,96,97) (S 94,97,98) (S 95,102,104) (S 96,104,105) (S 97,105,106) (S 98,106,107) (S 104,107,112) (S 105,112,113) (S 106,113,114) (D 0,1,1)
0 1 13 179 484 12 (D 0,1,1) (S 107,1,116) (S 108,116,117) (S 110,117,119) (S 91,86,87) (S 90,85,86) (S 89,84,85) (S 88,82,84) (S 87,80,82) (S 86,79,80) (S 85,78,79) (S 84,77,78) (S 83,46,77) (D 0,1,1)
0 1 14 297 657 20 (D 0,1,1) (S 107,1,116) (S 108,116,117) (S 110,117,119) (S 91,86,87) (S 90,85,86) (S 89,84,85) (S 88,82,84) (S 87,80,82) (S 86,79,80) (S 85,78,79) (S 84,77,78) (S 83,46,77) (S 66,43,46) (S 63,43,44) (S 82,44,73) (S 81,72,73) (S 80,71,72) (S 79,69,71) (S 78,67,69) (S 77,67,68) (D 0,1,1)
0 1 15 358 926 23 (D 0,1,1) (S 107,1,116) (S 108,116,117) (S 110,117,119) (S 91,86,87) (S 90,85,86) (S 89,84,85) (S 88,82,84) (S 87,80,82) (S 86,79,80) (S 85,78,79) (S 84,77,78) (S 83,46,77) (S 66,43,46) (S 63,43,44) (S 64,44,45) (S 65,34,45) (S 57,34,139) (S 67,33,139) (S 53,28,29) (S 52,27,28) (S 51,25,27) (S 54,28,30) (S 55,30,32) (D 0,1,1)
0 1 16 148 431 10 (D 0,1,1) (S 107,1,116) (S 108,116,117) (S 110,117,119) (S 91,86,87) (S 90,85,86) (S 89,84,85) (S 88,82,84) (S 87,80,82) (S 86,79,80) (S 85,78,79) (D 0,1,1)
0 1 17 157 696 8 (D 0,1,1) (S 107,1,116) (S 108,116,117) (S 75,62,66) (S 77,67,68) (S 91,86,87) (S 112,124,126) (S 113,126,130) (S 110,117,119) (D 0,1,1)
0 1 18 100 277 6 (D 0,1,1) (S 107,1,116) (S 106,113,114) (S 105,112,113) (S 104,107,112) (S 98,106,107) (S 99,107,108) (D 0,1,1)
0 1 19 88 445 5 (D 0,1,1) (S 107,1,116) (S 108,116,117) (S 109,2,117) (S 110,117,119) (S 112,124,126) (D 0,1,1)
0 1 20 151 378 11 (D 0,1,1) (S 107,1,116) (S 106,113,114) (S 105,112,113) (S 103,110,112) (S 102,110,111) (S 101,107,110) (S 98,106,107) (S 97,105,106) (S 96,104,105) (S 95,102,104) (S 108,116,117) (D 0,1,1)
