11299
20
8335280100
8335280100
0 1 1 32 64 1 (D 0,1,1) (S 21,1,2) (D 0,1,1)
0 1 2 105 210 3 (D 0,1,1) (S 21,1,2) (S 23,2,4) (S 24,4,5) (D 0,1,1)
0 1 3 46 92 2 (D 0,1,1) (S 21,1,2) (S 22,2,3) (D 0,1,1)
0 1 4 234 468 5 (D 0,1,1) (S 21,1,2) (S 23,2,4) (S 95,4,69) (S 93,58,69) (S 82,57,58) (D 0,1,1)
0 1 5 124 248 3 (D 0,1,1) (S 21,1,2) (S 23,2,4) (S 95,4,69) (D 0,1,1)
0 1 6 49 98 2 (D 0,1,1) (S 21,1,2) (S 23,2,4) (D 0,1,1)
0 1 7 711 932 24 (D 0,1,1) (S 21,1,2) (S 23,2,4) (S 95,4,69) (S 94,59,69) (S 107,44,59) (S 68,44,46) (S 69,46,47) (S 71,47,49) (S 73,49,51) (S 106,21,51) (S 41,21,22) (S 42,22,75) (S 102,23,75) (S 53,23,31) (S 54,31,32) (S 56,32,34) (S 55,32,33) (S 58,33,36) (S 59,33,37) (S 61,37,39) (S 62,39,40) (S 81,42,57) (S 82,57,58) (S 93,58,69) (D 0,1,1)
0 1 8 461 777 22 (D 0,1,1) (S 21,1,2) (S 23,2,4) (S 95,4,69) (S 94,59,69) (S 107,44,59) (S 68,44,46) (S 69,46,47) (S 71,47,49) (S 73,49,51) (S 106,21,51) (S 41,21,22) (S 42,22,75) (S 102,23,75) (S 53,23,31) (S 52,30,31) (S 47,23,26) (S 48,26,27) (S 49,26,28) (S 50,28,29) (S 51,25,29) (S 44,24,25) (S 43,22,24) (D 0,1,1)
0 1 9 421 630 14 (D 0,1,1) (S 21,1,2) (S 23,2,4) (S 95,4,69) (S 93,58,69) (S 82,57,58) (S 81,42,57) (S 62,39,40) (S 61,37,39) (S 60,37,38) (S 63,35,39) (S 64,35,41) (S 65,43,44) (S 107,44,59) (S 94,59,69) (D 0,1,1)
0 1 10 342 697 16 (D 0,1,1) (S 21,1,2) (S 23,2,4) (S 24,4,5) (S 26,5,7) (S 27,7,8) (S 28,8,9) (S 29,9,10) (S 30,11,12) (S 103,20,76) (S 39,18,20) (S 105,76,77) (S 34,13,77) (S 32,13,16) (S 33,13,14) (S 35,15,17) (S 104,15,77) (D 0,1,1)
0 1 11 409 684 20 (D 0,1,1) (S 21,1,2) (S 23,2,4) (S 95,4,69) (S 94,59,69) (S 107,44,59) (S 68,44,46) (S 69,46,47) (S 71,47,49) (S 72,49,50) (S 79,19,50) (S 74,50,52) (S 76,52,53) (S 78,24,53) (S 44,24,25) (S 51,25,29) (S 45,25,75) (S 42,22,75) (S 41,21,22) (S 106,21,51) (S 73,49,51) (D 0,1,1)
0 1 12 374 732 18 (D 0,1,1) (S 21,1,2) (S 23,2,4) (S 95,4,69) (S 94,59,69) (S 107,44,59) (S 68,44,46) (S 69,46,47) (S 71,47,49) (S 72,49,50) (S 79,19,50) (S 75,51,53) (S 106,21,51) (S 43,22,24) (S 42,22,75) (S 102,23,75) (S 53,23,31) (S 41,21,22) (S 73,49,51) (D 0,1,1)
0 1 13 542 610 21 (D 0,1,1) (S 21,1,2) (S 23,2,4) (S 24,4,5) (S 26,5,7) (S 27,7,8) (S 28,8,9) (S 29,9,10) (S 30,11,12) (S 31,12,16) (S 32,13,16) (S 33,13,14) (S 36,15,18) (S 37,18,19) (S 79,19,50) (S 72,49,50) (S 71,47,49) (S 69,46,47) (S 68,44,46) (S 107,44,59) (S 94,59,69) (S 95,4,69) (D 0,1,1)
0 1 14 533 994 19 (D 0,1,1) (S 21,1,2) (S 23,2,4) (S 24,4,5) (S 26,5,7) (S 27,7,8) (S 28,8,9) (S 29,9,10) (S 30,11,12) (S 103,20,76) (S 39,18,20) (S 101,18,72) (S 97,71,72) (S 96,70,71) (S 98,71,73) (S 100,73,74) (S 99,72,73) (S 37,18,19) (S 38,19,20) (S 105,76,77) (D 0,1,1)
0 1 15 616 1043 28 (D 0,1,1) (S 21,1,2) (S 23,2,4) (S 95,4,69) (S 93,58,69) (S 82,57,58) (S 81,42,57) (S 80,55,56) (S 62,39,40) (S 61,37,39) (S 59,33,37) (S 65,43,44) (S 66,44,45) (S 67,45,46) (S 69,46,47) (S 71,47,49) (S 73,49,51) (S 106,21,51) (S 41,21,22) (S 43,22,24) (S 75,51,53) (S 76,52,53) (S 77,52,54) (S 74,50,52) (S 72,49,50) (S 70,47,48) (S 68,44,46) (S 107,44,59) (S 94,59,69) (D 0,1,1)
0 1 16 369 670 13 (D 0,1,1) (S 21,1,2) (S 23,2,4) (S 95,4,69) (S 94,59,69) (S 83,58,59) (S 85,58,60) (S 87,60,62) (S 88,62,63) (S 90,63,65) (S 89,63,64) (S 91,62,66) (S 92,66,68) (S 93,58,69) (D 0,1,1)
0 1 17 466 738 11 (D 0,1,1) (S 21,1,2) (S 23,2,4) (S 95,4,69) (S 93,58,69) (S 82,57,58) (S 81,42,57) (S 64,35,41) (S 57,32,35) (S 65,43,44) (S 107,44,59) (S 94,59,69) (D 0,1,1)
0 1 18 264 460 8 (D 0,1,1) (S 21,1,2) (S 23,2,4) (S 95,4,69) (S 94,59,69) (S 83,58,59) (S 85,58,60) (S 86,60,61) (S 93,58,69) (D 0,1,1)
0 1 19 576 736 20 (D 0,1,1) (S 21,1,2) (S 23,2,4) (S 95,4,69) (S 94,59,69) (S 107,44,59) (S 68,44,46) (S 69,46,47) (S 71,47,49) (S 72,49,50) (S 79,19,50) (S 37,18,19) (S 101,18,72) (S 39,18,20) (S 103,20,76) (S 30,11,12) (S 29,9,10) (S 28,8,9) (S 27,7,8) (S 26,5,7) (S 24,4,5) (D 0,1,1)
0 1 20 347 416 11 (D 0,1,1) (S 21,1,2) (S 23,2,4) (S 24,4,5) (S 25,5,6) (S 26,5,7) (S 27,7,8) (S 28,8,9) (S 29,9,10) (S 84,11,59) (S 94,59,69) (S 95,4,69) (D 0,1,1)
