108
6
380347800
1751077298
0 1 1 8 2 3 (D 1,1,1) (S 5,1,11) (D 1,1,1)
0 1 2 5 4 3 (D 1,1,1) (S 11,1,8) (D 1,1,1)
0 1 3 22 14 8 (D 1,1,1) (S 1,1,2) (S 18,2,5) (S 22,5,5) (S 4,5,7) (S 19,7,7) (S 16,7,8) (D 1,1,1)
0 1 4 13 18 5 (D 1,1,1) (S 6,1,3) (S 20,3,3) (S 9,3,5) (D 1,1,1)
0 1 5 27 41 12 (D 1,1,1) (S 7,2,8) (S 27,2,2) (S 25,4,4) (S 10,4,7) (S 3,7,11) (S 0,2,3) (S 13,3,10) (S 2,4,9) (S 26,9,9) (S 14,6,11) (D 1,1,1)
0 1 6 26 29 9 (D 1,1,1) (S 12,1,7) (S 8,7,10) (S 24,10,10) (S 21,8,8) (S 17,3,11) (S 23,6,6) (S 15,6,7) (D 1,1,1)
