508
7
329468100
1751077289
0 1 1 27 142 6 (D 1,1,1) (S 8,1,8) (S 9,8,9) (S 10,9,10) (S 3,7,9) (D 1,1,1)
0 1 2 19 142 6 (D 1,1,1) (S 19,3,3) (S 13,3,6) (S 11,3,8) (S 17,8,10) (D 1,1,1)
0 1 3 17 33 6 (D 1,1,1) (S 1,1,6) (S 18,6,6) (S 23,4,4) (S 14,4,1) (D 1,1,1)
0 1 4 21 46 5 (D 1,1,1) (S 12,7,8) (S 20,2,2) (S 4,2,3) (D 1,1,1)
0 1 5 20 32 5 (D 1,1,1) (S 6,3,7) (S 21,7,7) (S 15,7,10) (D 1,1,1)
0 1 6 22 46 5 (D 1,1,1) (S 7,1,9) (S 22,5,5) (S 5,5,9) (D 1,1,1)
0 1 7 16 67 5 (D 1,1,1) (S 16,4,2) (S 2,2,5) (S 0,5,7) (D 1,1,1)
