134
8
537739200
1751077304
0 1 1 19 26 8 (D 1,1,1) (S 12,1,11) (S 20,2,3) (S 19,3,4) (S 8,4,9) (S 0,4,8) (S 26,8,8) (D 1,1,1)
0 1 2 16 18 7 (D 1,1,1) (S 17,1,3) (S 24,3,3) (S 13,3,11) (S 3,2,11) (S 27,7,7) (D 1,1,1)
0 1 3 24 26 6 (D 1,1,1) (S 9,5,10) (S 7,3,9) (S 23,9,9) (S 10,9,10) (D 1,1,1)
0 1 4 2 9 4 (D 1,1,1) (S 21,6,6) (S 11,6,10) (D 1,1,1)
0 1 5 10 13 5 (D 1,1,1) (S 4,5,11) (S 30,11,11) (S 25,2,2) (D 1,1,1)
0 1 6 12 10 6 (D 1,1,1) (S 16,1,6) (S 14,6,7) (S 1,7,10) (S 28,10,10) (D 1,1,1)
0 1 7 15 21 5 (D 1,1,1) (S 15,6,8) (S 5,2,4) (S 18,4,10) (D 1,1,1)
0 1 8 11 11 6 (D 1,1,1) (S 22,4,4) (S 2,4,5) (S 29,5,5) (S 6,5,8) (D 1,1,1)
