9451
25
8762833200
1751070645
0 1 1 1622 417 5 (D 1,1,1) (S 64,22,32) (S 52,32,42) (S 92,23,24) (D 1,1,1)
0 1 2 1131 181 5 (D 1,1,1) (S 70,1,16) (S 3,17,18) (S 21,9,10) (D 1,1,1)
0 1 3 1594 515 9 (D 1,1,1) (S 105,16,16) (S 82,46,47) (S 89,47,48) (S 76,48,55) (S 55,55,56) (S 50,49,56) (S 106,12,12) (D 1,1,1)
0 1 4 1613 290 6 (D 1,1,1) (S 33,17,26) (S 80,18,19) (S 42,19,28) (S 8,28,37) (D 1,1,1)
0 1 5 1595 364 6 (D 1,1,1) (S 2,5,6) (S 81,13,14) (S 74,14,24) (S 65,24,33) (D 1,1,1)
0 1 6 1620 379 7 (D 1,1,1) (S 66,2,9) (S 15,9,18) (S 10,46,52) (S 63,51,52) (S 103,25,25) (D 1,1,1)
0 1 7 1623 413 6 (D 1,1,1) (S 29,37,46) (S 22,38,39) (S 37,40,48) (S 104,30,30) (D 1,1,1)
0 1 8 1574 391 5 (D 1,1,1) (S 58,23,32) (S 17,32,41) (S 54,41,42) (D 1,1,1)
0 1 9 1643 443 6 (D 1,1,1) (S 90,30,31) (S 35,32,40) (S 87,39,40) (S 86,38,47) (D 1,1,1)
0 1 10 1576 331 6 (D 1,1,1) (S 5,20,29) (S 56,20,21) (S 14,21,30) (S 75,30,39) (D 1,1,1)
0 1 11 1645 311 6 (D 1,1,1) (S 102,10,11) (S 51,11,20) (S 71,28,29) (S 46,29,30) (D 1,1,1)
0 1 12 1640 437 6 (D 1,1,1) (S 32,15,24) (S 60,24,32) (S 43,32,33) (S 9,33,42) (D 1,1,1)
0 1 13 1615 269 7 (D 1,1,1) (S 44,16,25) (S 19,25,34) (S 100,34,43) (S 12,43,50) (S 34,50,51) (D 1,1,1)
0 1 14 1605 268 6 (D 1,1,1) (S 25,25,26) (S 49,26,35) (S 62,35,44) (S 41,44,51) (D 1,1,1)
0 1 15 1453 244 5 (D 1,1,1) (S 30,4,5) (S 23,5,12) (S 4,12,21) (D 1,1,1)
0 1 16 1566 453 6 (D 1,1,1) (S 88,14,15) (S 45,14,23) (S 47,31,40) (S 28,40,41) (D 1,1,1)
0 1 17 1423 361 6 (D 1,1,1) (S 0,13,22) (S 24,22,23) (S 95,14,6) (S 57,4,11) (D 1,1,1)
0 1 18 1605 314 6 (D 1,1,1) (S 61,34,35) (S 20,44,45) (S 27,36,37) (S 94,37,38) (D 1,1,1)
0 1 19 1594 405 6 (D 1,1,1) (S 6,35,36) (S 11,45,46) (S 13,53,54) (S 31,38,46) (D 1,1,1)
0 1 20 1618 610 7 (D 1,1,1) (S 72,48,49) (S 59,42,49) (S 93,8,15) (S 48,7,8) (S 99,7,14) (D 1,1,1)
0 1 21 1619 463 8 (D 1,1,1) (S 84,3,4) (S 83,12,22) (S 101,22,21) (S 91,29,38) (S 79,47,54) (S 69,52,53) (D 1,1,1)
0 1 22 1155 260 5 (D 1,1,1) (S 77,43,44) (S 97,26,27) (S 98,27,18) (D 1,1,1)
0 1 23 1618 424 8 (D 1,1,1) (S 73,3,10) (S 40,10,20) (S 26,10,19) (S 96,19,20) (S 67,4,12) (S 68,6,13) (D 1,1,1)
0 1 24 1598 414 8 (D 1,1,1) (S 78,16,17) (S 16,27,36) (S 36,36,45) (S 7,27,28) (S 1,1,2) (S 38,2,3) (D 1,1,1)
0 1 25 1641 494 6 (D 1,1,1) (S 39,45,52) (S 18,46,53) (S 85,54,55) (S 53,22,31) (D 1,1,1)
