428
7
373225200
1751077284
0 1 1 32 28 8 (D 1,1,1) (S 21,4,4) (S 19,4,2) (S 24,2,2) (S 5,2,3) (S 14,3,6) (S 0,6,7) (D 1,1,1)
0 1 2 34 54 6 (D 1,1,1) (S 1,1,4) (S 7,4,5) (S 22,5,5) (S 16,5,7) (D 1,1,1)
0 1 3 28 18 5 (D 1,1,1) (S 3,1,7) (S 17,7,10) (S 23,7,7) (D 1,1,1)
0 1 4 26 42 5 (D 1,1,1) (S 10,1,5) (S 6,5,6) (S 9,3,7) (D 1,1,1)
0 1 5 24 166 5 (D 1,1,1) (S 2,3,8) (S 12,2,8) (S 4,8,10) (D 1,1,1)
0 1 6 6 42 5 (D 1,1,1) (S 8,1,6) (S 11,6,9) (S 25,9,9) (D 1,1,1)
0 1 7 31 78 6 (D 1,1,1) (S 13,9,10) (S 15,7,8) (S 20,8,8) (S 18,3,1) (D 1,1,1)
