677
10
101720377500
1751077872
0 1 1 7 14 4 (D 1,1,1) (S 24,13,14) (S 95,14,14) (D 1,1,1)
0 1 2 71 102 20 (D 1,1,1) (S 42,13,7) (S 107,7,7) (S 20,2,3) (S 29,4,10) (S 90,9,9) (S 21,9,10) (S 92,10,10) (S 16,9,15) (S 10,15,16) (S 99,16,16) (S 37,31,37) (S 46,42,44) (S 112,44,44) (S 74,44,42) (S 25,35,36) (S 83,27,27) (S 15,27,30) (S 80,26,30) (D 1,1,1)
0 1 3 71 81 20 (D 1,1,1) (S 67,6,12) (S 105,30,30) (S 63,30,34) (S 89,34,34) (S 103,40,40) (S 23,33,46) (S 94,46,46) (S 100,47,47) (S 70,47,40) (S 73,26,18) (S 17,19,20) (S 64,12,13) (S 7,16,17) (S 84,17,17) (S 12,17,25) (S 32,24,23) (S 109,23,23) (S 18,8,14) (D 1,1,1)
0 1 4 65 81 17 (D 1,1,1) (S 111,3,3) (S 5,3,9) (S 47,9,16) (S 57,13,12) (S 31,12,11) (S 91,11,11) (S 52,19,26) (S 96,26,26) (S 79,26,29) (S 50,33,39) (S 41,39,29) (S 9,33,34) (S 53,11,5) (S 88,5,5) (S 11,5,6) (D 1,1,1)
0 1 5 71 100 22 (D 1,1,1) (S 26,15,23) (S 33,22,31) (S 69,31,32) (S 85,37,37) (S 27,37,38) (S 110,38,38) (S 62,38,28) (S 40,28,32) (S 51,31,23) (S 104,8,8) (S 35,8,7) (S 106,2,2) (S 3,2,7) (S 48,7,13) (S 59,18,26) (S 6,47,48) (S 98,48,48) (S 81,48,49) (S 102,49,49) (S 71,49,41) (D 1,1,1)
0 1 6 72 129 17 (D 1,1,1) (S 56,6,13) (S 1,13,21) (S 101,21,21) (S 72,6,7) (S 39,7,8) (S 36,23,31) (S 55,36,42) (S 93,42,42) (S 45,35,41) (S 0,12,20) (S 60,20,30) (S 77,49,50) (S 78,50,43) (S 58,43,50) (S 30,16,9) (D 1,1,1)
0 1 7 61 86 16 (D 1,1,1) (S 65,18,29) (S 8,29,33) (S 22,33,40) (S 43,41,48) (S 34,41,49) (S 2,44,50) (S 49,50,45) (S 87,43,43) (S 75,43,45) (S 113,45,45) (S 54,45,50) (S 28,45,38) (S 76,31,22) (S 66,22,21) (D 1,1,1)
0 1 8 50 70 11 (D 1,1,1) (S 14,24,25) (S 4,25,28) (S 38,28,38) (S 61,24,32) (S 97,32,32) (S 19,32,37) (S 82,35,34) (S 108,18,18) (S 13,20,21) (D 1,1,1)
0 1 9 5 10 4 (D 1,1,1) (S 86,13,13) (S 44,6,1) (D 1,1,1)
0 1 10 3 4 3 (D 1,1,1) (S 68,1,6) (D 1,1,1)
