505
10
84047573100
1751078168
0 1 1 65 80 18 (D 1,1,1) (S 40,1,5) (S 36,6,11) (S 42,18,19) (S 18,12,19) (S 72,19,19) (S 3,23,28) (S 52,27,35) (S 102,35,35) (S 7,35,36) (S 101,36,36) (S 103,16,16) (S 56,16,17) (S 2,17,31) (S 60,31,32) (S 96,24,24) (S 100,15,15) (D 1,1,1)
0 1 2 60 89 20 (D 1,1,1) (S 15,1,15) (S 47,23,29) (S 46,29,37) (S 49,37,38) (S 14,46,50) (S 10,45,50) (S 21,50,49) (S 61,49,45) (S 23,45,44) (S 94,9,9) (S 11,9,14) (S 24,26,25) (S 31,33,34) (S 22,34,35) (S 45,36,38) (S 20,30,39) (S 53,39,31) (S 87,32,32) (D 1,1,1)
0 1 3 50 48 16 (D 1,1,1) (S 44,14,22) (S 37,22,13) (S 82,13,13) (S 85,21,21) (S 9,26,34) (S 16,34,42) (S 4,41,42) (S 19,42,43) (S 69,43,44) (S 97,44,44) (S 59,37,29) (S 92,29,29) (S 63,29,23) (S 89,23,23) (D 1,1,1)
0 1 4 64 79 23 (D 1,1,1) (S 73,2,2) (S 58,2,3) (S 105,3,3) (S 29,3,4) (S 93,4,4) (S 55,7,12) (S 106,11,11) (S 8,11,18) (S 54,17,30) (S 91,30,30) (S 12,30,38) (S 104,38,38) (S 65,46,45) (S 95,45,45) (S 25,45,49) (S 99,49,49) (S 28,49,48) (S 62,48,49) (S 38,48,43) (S 74,43,43) (S 68,38,37) (D 1,1,1)
0 1 5 59 78 22 (D 1,1,1) (S 67,16,15) (S 13,15,24) (S 78,39,39) (S 35,39,40) (S 70,32,31) (S 43,31,39) (S 51,38,36) (S 107,28,28) (S 48,28,27) (S 71,27,27) (S 75,25,25) (S 79,33,33) (S 41,33,25) (S 32,25,26) (S 17,21,22) (S 64,22,14) (S 76,6,6) (S 1,6,7) (S 88,12,12) (S 33,12,11) (D 1,1,1)
0 1 6 42 78 12 (D 1,1,1) (S 27,20,25) (S 26,25,20) (S 98,20,20) (S 0,26,27) (S 6,28,29) (S 81,47,47) (S 39,47,40) (S 66,13,8) (S 90,8,8) (S 50,8,13) (D 1,1,1)
0 1 7 19 17 6 (D 1,1,1) (S 57,1,10) (S 80,10,10) (S 34,10,17) (S 83,17,17) (D 1,1,1)
0 1 8 6 19 4 (D 1,1,1) (S 30,13,22) (S 86,22,22) (D 1,1,1)
0 1 9 6 11 4 (D 1,1,1) (S 84,14,14) (S 5,14,15) (D 1,1,1)
0 1 10 1 6 3 (D 1,1,1) (S 77,5,5) (D 1,1,1)
