5590
16
207566050200
1751070730
0 1 1 1 74 3 (D 11,1,1) (S 84,12,12) (D 11,1,1)
0 1 2 1 72 3 (D 11,1,1) (S 23,10,10) (D 11,1,1)
0 1 3 1 144 3 (D 11,1,1) (S 33,23,23) (D 11,1,1)
0 1 4 1 84 3 (D 11,1,1) (S 49,22,22) (D 11,1,1)
0 1 5 2 144 4 (D 11,1,1) (S 62,2,2) (S 39,1,1) (D 11,1,1)
0 1 6 1 152 3 (D 11,1,1) (S 42,33,33) (D 11,1,1)
0 1 7 1 146 3 (D 11,1,1) (S 24,13,13) (D 11,1,1)
0 1 8 1 150 3 (D 11,1,1) (S 26,3,3) (D 11,1,1)
0 1 9 6 485 8 (D 11,1,1) (S 87,32,32) (S 25,52,52) (S 67,53,53) (S 63,54,54) (S 10,24,24) (S 55,25,25) (D 11,1,1)
0 1 10 1 186 3 (D 11,1,1) (S 81,14,14) (D 11,1,1)
0 1 11 11 602 13 (D 11,1,1) (S 4,16,16) (S 29,17,17) (S 90,18,18) (S 17,19,19) (S 1,20,20) (S 46,9,9) (S 71,8,8) (S 85,7,7) (S 37,6,6) (S 47,5,5) (S 22,4,4) (D 11,1,1)
0 1 12 1 150 3 (D 11,1,1) (S 27,21,21) (D 11,1,1)
0 1 13 29 1148 31 (D 11,1,1) (S 12,15,15) (S 60,26,26) (S 2,27,27) (S 14,39,39) (S 31,48,48) (S 82,49,49) (S 73,50,50) (S 28,51,51) (S 16,62,62) (S 58,63,63) (S 20,64,64) (S 41,83,83) (S 21,84,84) (S 92,94,94) (S 89,93,93) (S 77,82,82) (S 79,61,61) (S 53,60,60) (S 13,59,59) (S 74,58,58) (S 35,68,68) (S 54,78,78) (S 0,76,76) (S 68,75,75) (S 61,74,74) (S 8,73,73) (S 15,86,86) (S 86,85,85) (S 3,72,72) (D 11,1,1)
0 1 14 9 675 11 (D 11,1,1) (S 78,28,28) (S 69,29,29) (S 48,30,30) (S 6,31,31) (S 72,43,43) (S 56,42,42) (S 40,41,41) (S 88,40,40) (S 80,38,38) (D 11,1,1)
0 1 15 20 927 22 (D 11,1,1) (S 30,55,55) (S 45,44,44) (S 7,56,56) (S 57,57,57) (S 11,67,67) (S 5,69,69) (S 51,79,79) (S 59,80,80) (S 19,70,70) (S 76,71,71) (S 43,81,81) (S 36,92,92) (S 32,91,91) (S 44,90,90) (S 91,89,89) (S 65,77,77) (S 9,66,66) (S 18,65,65) (S 66,88,88) (S 38,87,87) (D 11,1,1)
0 1 16 7 451 9 (D 11,1,1) (S 75,35,35) (S 83,36,36) (S 64,37,37) (S 34,47,47) (S 52,46,46) (S 70,45,45) (S 50,34,34) (D 11,1,1)
