15162
27
77900150700
1751070564
0 1 1 17 98 3 (D 1,1,1) (S 94,2,4) (D 1,1,1)
0 1 2 14 92 3 (D 1,1,1) (S 14,2,3) (D 1,1,1)
0 1 3 119 500 7 (D 1,1,1) (S 121,57,57) (S 90,42,43) (S 119,43,43) (S 56,43,44) (S 82,44,59) (D 1,1,1)
0 1 4 8 226 3 (D 1,1,1) (S 39,5,6) (D 1,1,1)
0 1 5 18 258 3 (D 1,1,1) (S 96,7,8) (D 1,1,1)
0 1 6 127 805 6 (D 1,1,1) (S 71,23,26) (S 81,30,31) (S 95,32,35) (S 12,35,41) (D 1,1,1)
0 1 7 75 248 3 (D 1,1,1) (S 64,4,69) (D 1,1,1)
0 1 8 130 839 7 (D 1,1,1) (S 49,49,51) (S 73,31,32) (S 30,32,34) (S 110,34,34) (S 66,41,42) (D 1,1,1)
0 1 9 121 400 6 (D 1,1,1) (S 53,9,10) (S 17,10,11) (S 45,11,59) (S 70,59,69) (D 1,1,1)
0 1 10 56 210 3 (D 1,1,1) (S 13,4,5) (D 1,1,1)
0 1 11 103 472 4 (D 1,1,1) (S 25,57,58) (S 3,58,59) (D 1,1,1)
0 1 12 32 64 3 (D 1,1,1) (S 4,1,2) (D 1,1,1)
0 1 13 104 841 8 (D 1,1,1) (S 2,35,39) (S 18,32,33) (S 5,33,36) (S 89,37,39) (S 15,39,40) (S 87,42,57) (D 1,1,1)
0 1 14 28 310 5 (D 1,1,1) (S 101,8,8) (S 24,8,9) (S 113,9,9) (D 1,1,1)
0 1 15 86 587 12 (D 1,1,1) (S 92,44,46) (S 86,47,48) (S 106,48,48) (S 105,51,51) (S 6,22,24) (S 127,24,24) (S 26,24,53) (S 102,53,53) (S 23,19,50) (S 117,50,50) (D 1,1,1)
0 1 16 116 812 10 (D 1,1,1) (S 60,11,12) (S 107,13,13) (S 9,13,14) (S 46,14,15) (S 31,15,18) (S 65,72,73) (S 51,73,74) (S 98,76,76) (D 1,1,1)
0 1 17 125 779 11 (D 1,1,1) (S 84,47,49) (S 40,51,53) (S 37,25,29) (S 108,28,28) (S 69,26,27) (S 88,26,28) (S 59,28,29) (S 33,21,51) (S 75,46,47) (D 1,1,1)
0 1 18 114 668 8 (D 1,1,1) (S 48,19,21) (S 68,21,22) (S 103,22,22) (S 44,22,75) (S 63,25,26) (S 19,23,75) (D 1,1,1)
0 1 19 120 693 10 (D 1,1,1) (S 10,44,45) (S 99,45,45) (S 29,45,46) (S 58,49,50) (S 76,76,77) (S 83,15,17) (S 72,15,77) (S 57,13,16) (D 1,1,1)
0 1 20 130 653 9 (D 1,1,1) (S 38,58,60) (S 21,60,67) (S 100,56,56) (S 36,56,67) (S 78,63,65) (S 115,65,65) (S 47,63,64) (D 1,1,1)
0 1 21 117 703 6 (D 1,1,1) (S 8,5,7) (S 27,11,48) (S 1,42,56) (S 97,55,56) (D 1,1,1)
0 1 22 128 694 6 (D 1,1,1) (S 32,12,76) (S 55,18,72) (S 28,18,20) (S 79,20,76) (D 1,1,1)
0 1 23 130 816 8 (D 1,1,1) (S 22,50,52) (S 77,52,53) (S 16,23,31) (S 35,33,37) (S 34,37,38) (S 125,41,41) (D 1,1,1)
0 1 24 110 870 8 (D 1,1,1) (S 114,12,12) (S 118,70,70) (S 50,70,71) (S 42,71,73) (S 52,71,72) (S 20,18,19) (D 1,1,1)
0 1 25 129 703 10 (D 1,1,1) (S 126,59,59) (S 112,44,44) (S 62,60,61) (S 7,60,62) (S 74,62,67) (S 123,67,67) (S 0,58,69) (S 124,46,46) (D 1,1,1)
0 1 26 111 858 10 (D 1,1,1) (S 80,62,66) (S 85,66,68) (S 122,68,68) (S 111,62,62) (S 61,52,54) (S 120,54,54) (S 54,24,25) (S 41,25,75) (D 1,1,1)
0 1 27 115 963 10 (D 1,1,1) (S 91,62,63) (S 116,40,40) (S 11,40,41) (S 43,19,20) (S 93,12,16) (S 104,16,16) (S 67,13,77) (S 109,77,77) (D 1,1,1)
