165
7
847596000
1751077860
0 1 1 1 2 3 (D 1,1,1) (S 33,3,3) (D 1,1,1)
0 1 2 12 11 6 (D 1,1,1) (S 30,2,2) (S 18,4,5) (S 34,5,5) (S 0,5,10) (D 1,1,1)
0 1 3 20 33 10 (D 1,1,1) (S 6,3,4) (S 24,5,6) (S 27,6,6) (S 2,6,7) (S 32,7,7) (S 13,18,17) (S 16,17,18) (S 28,9,9) (D 1,1,1)
0 1 4 19 26 8 (D 1,1,1) (S 11,2,4) (S 36,4,4) (S 5,10,20) (S 9,22,23) (S 19,23,24) (S 20,21,20) (D 1,1,1)
0 1 5 20 38 12 (D 1,1,1) (S 8,9,19) (S 26,19,20) (S 23,20,23) (S 25,23,20) (S 39,12,12) (S 38,13,13) (S 22,13,14) (S 31,14,14) (S 35,8,8) (S 21,8,7) (D 1,1,1)
0 1 6 16 30 9 (D 1,1,1) (S 3,10,11) (S 37,11,11) (S 12,15,16) (S 14,16,12) (S 4,13,17) (S 29,16,16) (S 15,16,15) (D 1,1,1)
0 1 7 18 25 6 (D 1,1,1) (S 7,11,15) (S 10,15,21) (S 1,21,24) (S 17,22,19) (D 1,1,1)
