437
10
26796402300
1751077754
0 1 1 10 8 4 (D 1,1,1) (S 4,1,33) (S 79,33,33) (D 1,1,1)
0 1 2 62 66 17 (D 1,1,1) (S 75,2,2) (S 10,2,36) (S 31,36,37) (S 44,37,38) (S 73,39,39) (S 47,5,39) (S 71,32,32) (S 53,5,4) (S 50,4,3) (S 12,3,7) (S 2,1,10) (S 27,10,9) (S 69,9,9) (S 38,9,8) (S 80,40,40) (D 1,1,1)
0 1 3 64 61 16 (D 1,1,1) (S 56,2,3) (S 41,3,4) (S 17,4,38) (S 21,38,37) (S 66,37,37) (S 51,37,36) (S 32,35,28) (S 81,26,26) (S 15,26,27) (S 20,27,28) (S 64,28,28) (S 24,28,27) (S 11,27,34) (S 77,34,34) (D 1,1,1)
0 1 4 62 64 17 (D 1,1,1) (S 30,2,6) (S 59,6,7) (S 83,7,7) (S 8,7,13) (S 76,13,13) (S 16,13,19) (S 34,18,13) (S 65,29,29) (S 5,29,30) (S 60,31,30) (S 23,30,31) (S 67,31,31) (S 37,31,37) (S 42,37,3) (S 70,6,6) (D 1,1,1)
0 1 5 62 81 17 (D 1,1,1) (S 55,1,40) (S 33,6,12) (S 68,12,12) (S 19,12,6) (S 78,18,18) (S 1,18,22) (S 25,22,21) (S 57,21,20) (S 62,20,20) (S 18,20,23) (S 3,23,24) (S 6,24,25) (S 36,3,37) (S 29,38,39) (S 28,39,38) (D 1,1,1)
0 1 6 47 69 13 (D 1,1,1) (S 14,22,25) (S 45,21,24) (S 49,24,21) (S 52,21,22) (S 48,18,17) (S 82,11,11) (S 13,11,16) (S 61,16,15) (S 74,15,15) (S 43,15,16) (S 39,16,10) (D 1,1,1)
0 1 7 18 24 6 (D 1,1,1) (S 63,8,8) (S 9,8,14) (S 72,14,14) (S 54,11,1) (D 1,1,1)
0 1 8 32 36 7 (D 1,1,1) (S 58,1,8) (S 22,8,9) (S 7,1,35) (S 84,35,35) (S 40,35,34) (D 1,1,1)
0 1 9 18 24 5 (D 1,1,1) (S 46,11,12) (S 0,12,17) (S 35,17,13) (D 1,1,1)
0 1 10 1 4 3 (D 1,1,1) (S 26,1,2) (D 1,1,1)
