372
6
14242646700
1751077474
0 1 1 12 8 3 (D 1,1,1) (S 14,1,30) (D 1,1,1)
0 1 2 4 6 4 (D 1,1,1) (S 42,1,31) (S 27,31,1) (D 1,1,1)
0 1 3 69 104 17 (D 1,1,1) (S 57,6,6) (S 61,11,11) (S 18,11,10) (S 22,5,31) (S 20,27,26) (S 59,26,26) (S 44,26,28) (S 7,28,31) (S 36,28,25) (S 38,25,28) (S 50,23,23) (S 2,23,25) (S 23,29,31) (S 31,9,8) (S 30,8,7) (D 1,1,1)
0 1 4 59 55 14 (D 1,1,1) (S 8,1,7) (S 5,5,10) (S 53,10,10) (S 43,10,11) (S 9,6,31) (S 55,28,28) (S 25,26,27) (S 46,27,24) (S 49,24,24) (S 29,27,29) (S 52,29,29) (S 16,29,30) (D 1,1,1)
0 1 5 115 96 23 (D 1,1,1) (S 11,1,2) (S 6,2,3) (S 4,3,9) (S 56,9,9) (S 35,9,4) (S 58,13,13) (S 28,19,21) (S 13,21,22) (S 37,21,19) (S 12,19,20) (S 3,20,22) (S 19,21,18) (S 54,18,18) (S 62,12,12) (S 10,11,17) (S 41,17,16) (S 51,16,16) (S 24,16,15) (S 33,15,14) (S 48,14,15) (S 26,14,10) (D 1,1,1)
0 1 6 87 103 14 (D 1,1,1) (S 0,4,13) (S 39,13,12) (S 47,12,8) (S 45,8,2) (S 40,2,8) (S 17,8,9) (S 21,3,4) (S 34,4,3) (S 15,11,12) (S 1,18,19) (S 60,19,19) (S 32,19,13) (D 1,1,1)
