410
7
30296249700
1751077911
0 1 1 13 16 4 (D 1,1,1) (S 4,1,10) (S 66,10,10) (D 1,1,1)
0 1 2 135 141 32 (D 1,1,1) (S 19,1,2) (S 59,2,2) (S 7,6,7) (S 10,7,13) (S 8,13,18) (S 28,19,13) (S 16,2,36) (S 63,36,36) (S 48,36,35) (S 49,1,6) (S 39,6,12) (S 25,12,6) (S 61,3,3) (S 21,3,4) (S 14,38,39) (S 65,5,5) (S 36,5,4) (S 58,4,4) (S 20,3,37) (S 6,31,37) (S 46,37,36) (S 76,29,29) (S 60,30,30) (S 31,30,31) (S 56,31,31) (S 44,31,38) (S 34,38,4) (S 47,38,31) (S 38,32,39) (S 45,38,37) (D 1,1,1)
0 1 3 50 48 14 (D 1,1,1) (S 50,1,11) (S 62,11,11) (S 43,11,12) (S 2,12,17) (S 55,17,17) (S 12,17,18) (S 71,18,18) (S 70,20,20) (S 41,20,17) (S 54,17,13) (S 24,13,12) (S 69,12,12) (D 1,1,1)
0 1 4 8 35 5 (D 1,1,1) (S 9,20,21) (S 18,21,22) (S 64,13,13) (D 1,1,1)
0 1 5 39 38 11 (D 1,1,1) (S 52,1,8) (S 73,8,8) (S 29,8,9) (S 74,9,9) (S 51,9,15) (S 75,15,15) (S 11,14,15) (S 53,16,10) (S 13,9,10) (D 1,1,1)
0 1 6 41 27 10 (D 1,1,1) (S 68,33,33) (S 15,33,34) (S 37,34,26) (S 57,26,26) (S 33,26,34) (S 22,34,35) (S 77,35,35) (S 42,35,1) (D 1,1,1)
0 1 7 82 105 16 (D 1,1,1) (S 5,1,40) (S 30,12,13) (S 3,18,22) (S 32,22,25) (S 26,25,24) (S 67,23,23) (S 1,21,24) (S 23,24,25) (S 27,25,22) (S 35,1,35) (S 72,27,27) (S 40,27,26) (S 0,26,33) (S 17,28,35) (D 1,1,1)
