343
10
1003837500
1751077299
0 1 1 17 68 9 (D 1,1,1) (S 38,12,12) (S 15,15,20) (S 34,25,25) (S 23,26,27) (S 29,14,14) (S 3,14,16) (S 36,16,16) (D 1,1,1)
0 1 2 26 40 9 (D 1,1,1) (S 11,1,27) (S 33,23,23) (S 10,22,25) (S 37,18,18) (S 31,21,21) (S 14,21,23) (S 12,23,24) (D 1,1,1)
0 1 3 24 48 7 (D 1,1,1) (S 25,3,6) (S 27,6,6) (S 4,6,10) (S 6,10,11) (S 1,7,11) (D 1,1,1)
0 1 4 22 29 6 (D 1,1,1) (S 16,1,3) (S 21,3,4) (S 28,4,4) (S 18,4,5) (D 1,1,1)
0 1 5 26 43 6 (D 1,1,1) (S 0,3,8) (S 9,8,9) (S 22,5,6) (S 17,6,8) (D 1,1,1)
0 1 6 21 46 5 (D 1,1,1) (S 13,6,9) (S 8,5,9) (S 19,4,6) (D 1,1,1)
0 1 7 7 2 3 (D 1,1,1) (S 2,1,19) (D 1,1,1)
0 1 8 8 10 3 (D 1,1,1) (S 24,1,17) (D 1,1,1)
0 1 9 10 20 6 (D 1,1,1) (S 35,2,2) (S 39,13,13) (S 26,13,15) (S 30,15,15) (D 1,1,1)
0 1 10 17 37 6 (D 1,1,1) (S 5,20,21) (S 20,21,22) (S 7,22,23) (S 32,24,24) (D 1,1,1)
