570
6
73012800
1751068459
0 1 1 5 55 7 (D 1,1,1) (S 18,1,4) (S 15,4,11) (S 24,11,5) (S 6,5,12) (S 9,12,1) (D 1,1,1)
0 1 2 5 97 7 (D 1,1,1) (S 0,1,7) (S 23,12,11) (S 14,11,3) (S 7,3,5) (S 16,5,6) (D 1,1,1)
0 1 3 5 112 7 (D 1,1,1) (S 20,1,10) (S 8,10,9) (S 17,9,2) (S 28,2,2) (S 2,3,4) (D 1,1,1)
0 1 4 5 128 7 (D 1,1,1) (S 4,2,3) (S 27,6,6) (S 22,6,7) (S 12,2,4) (S 25,11,11) (D 1,1,1)
0 1 5 5 102 7 (D 1,1,1) (S 13,1,2) (S 26,3,3) (S 21,6,12) (S 3,8,7) (S 19,7,12) (D 1,1,1)
0 1 6 4 76 6 (D 1,1,1) (S 11,10,8) (S 1,8,10) (S 5,9,10) (S 10,10,1) (D 1,1,1)
