360
6
15432147000
1751077739
0 1 1 86 79 19 (D 1,1,1) (S 8,1,30) (S 52,30,30) (S 25,29,28) (S 48,28,28) (S 9,25,28) (S 30,28,29) (S 31,11,12) (S 42,12,8) (S 50,29,29) (S 61,27,27) (S 17,27,26) (S 64,26,26) (S 55,23,23) (S 7,23,26) (S 12,23,24) (S 13,24,27) (S 2,29,31) (D 1,1,1)
0 1 2 81 99 18 (D 1,1,1) (S 4,3,9) (S 14,9,13) (S 36,13,12) (S 11,14,15) (S 49,15,15) (S 28,14,10) (S 20,10,5) (S 1,5,31) (S 59,5,5) (S 24,5,6) (S 65,6,6) (S 19,10,11) (S 41,12,18) (S 5,18,21) (S 44,6,11) (S 43,11,6) (D 1,1,1)
0 1 3 106 90 21 (D 1,1,1) (S 32,2,3) (S 54,3,3) (S 47,4,4) (S 35,4,13) (S 3,13,19) (S 62,19,19) (S 10,19,20) (S 63,20,20) (S 22,22,20) (S 0,19,21) (S 53,21,21) (S 18,18,12) (S 60,10,10) (S 45,16,15) (S 16,16,17) (S 51,17,17) (S 21,17,11) (S 6,6,31) (S 39,31,28) (D 1,1,1)
0 1 4 46 82 13 (D 1,1,1) (S 37,2,8) (S 58,7,7) (S 33,7,8) (S 57,8,8) (S 27,8,7) (S 56,12,12) (S 29,18,19) (S 26,9,4) (S 15,4,9) (S 40,8,2) (S 34,2,1) (D 1,1,1)
0 1 5 2 4 3 (D 1,1,1) (S 46,1,2) (D 1,1,1)
0 1 6 4 6 4 (D 1,1,1) (S 38,1,31) (S 23,31,1) (D 1,1,1)
