25874
45
698844411000
1751070773
0 1 1 104 416 9 (D 1,1,1) (S 104,116,117) (S 20,2,117) (S 217,119,119) (S 90,121,122) (S 149,84,92) (S 159,87,122) (S 17,120,121) (D 1,1,1)
0 1 2 91 286 6 (D 1,1,1) (S 67,103,113) (S 107,107,110) (S 58,114,115) (S 193,115,115) (D 1,1,1)
0 1 3 115 406 7 (D 1,1,1) (S 110,119,120) (S 46,120,123) (S 236,124,124) (S 133,4,124) (S 234,123,123) (D 1,1,1)
0 1 4 120 1027 7 (D 1,1,1) (S 239,84,84) (S 232,12,12) (S 188,20,21) (S 22,21,23) (S 129,43,46) (D 1,1,1)
0 1 5 115 419 7 (D 1,1,1) (S 153,122,123) (S 118,123,125) (S 78,125,138) (S 210,131,131) (S 83,131,138) (D 1,1,1)
0 1 6 120 450 7 (D 1,1,1) (S 15,123,124) (S 56,124,126) (S 112,126,130) (S 82,127,128) (S 180,128,129) (D 1,1,1)
0 1 7 18 36 3 (D 1,1,1) (S 105,1,116) (D 1,1,1)
0 1 8 68 277 7 (D 1,1,1) (S 230,106,106) (S 69,106,108) (S 66,107,112) (S 59,112,113) (S 106,113,114) (D 1,1,1)
0 1 9 20 200 4 (D 1,1,1) (S 138,110,111) (S 34,110,112) (D 1,1,1)
0 1 10 59 208 4 (D 1,1,1) (S 9,114,118) (S 191,118,118) (D 1,1,1)
0 1 11 111 562 9 (D 1,1,1) (S 194,126,126) (S 12,126,127) (S 109,127,129) (S 146,3,128) (S 220,90,90) (S 93,90,91) (S 81,91,118) (D 1,1,1)
0 1 12 10 56 3 (D 1,1,1) (S 43,115,116) (D 1,1,1)
0 1 13 20 85 3 (D 1,1,1) (S 35,115,117) (D 1,1,1)
0 1 14 49 172 3 (D 1,1,1) (S 0,117,118) (D 1,1,1)
0 1 15 114 920 9 (D 1,1,1) (S 1,43,44) (S 235,45,45) (S 221,11,11) (S 163,12,20) (S 54,20,24) (S 184,34,45) (S 152,80,81) (D 1,1,1)
0 1 16 117 721 17 (D 1,1,1) (S 214,67,67) (S 7,69,70) (S 237,59,59) (S 71,59,60) (S 203,60,60) (S 177,60,61) (S 125,48,50) (S 196,50,50) (S 73,50,51) (S 224,51,51) (S 215,53,53) (S 213,140,140) (S 174,55,56) (S 198,94,94) (S 30,104,105) (D 1,1,1)
0 1 17 107 448 9 (D 1,1,1) (S 94,126,131) (S 135,131,132) (S 47,133,134) (S 23,134,136) (S 209,136,136) (S 134,136,137) (S 114,136,138) (D 1,1,1)
0 1 18 118 627 8 (D 1,1,1) (S 28,67,69) (S 91,59,61) (S 26,49,140) (S 11,56,65) (S 6,64,93) (S 207,101,101) (D 1,1,1)
0 1 19 114 403 6 (D 1,1,1) (S 63,86,88) (S 147,88,90) (S 3,91,103) (S 77,102,103) (D 1,1,1)
0 1 20 100 488 8 (D 1,1,1) (S 186,94,100) (S 68,96,99) (S 142,99,100) (S 61,94,101) (S 5,102,104) (S 72,105,106) (D 1,1,1)
0 1 21 114 957 14 (D 1,1,1) (S 205,83,83) (S 208,81,81) (S 195,79,79) (S 238,44,44) (S 164,44,45) (S 200,6,6) (S 33,6,7) (S 190,5,5) (S 97,5,6) (S 70,6,8) (S 127,11,33) (S 150,33,139) (D 1,1,1)
0 1 22 120 649 12 (D 1,1,1) (S 89,36,38) (S 212,38,38) (S 156,38,39) (S 226,39,39) (S 141,39,40) (S 175,40,41) (S 187,36,37) (S 48,42,47) (S 8,82,84) (S 96,85,86) (D 1,1,1)
0 1 23 118 957 13 (D 1,1,1) (S 222,72,72) (S 44,72,73) (S 211,14,14) (S 225,13,13) (S 53,13,14) (S 170,45,60) (S 158,57,62) (S 75,62,63) (S 229,63,63) (S 132,63,93) (S 88,93,94) (D 1,1,1)
0 1 24 120 494 10 (D 1,1,1) (S 62,71,72) (S 13,72,74) (S 29,74,76) (S 65,76,77) (S 137,77,78) (S 10,79,81) (S 19,81,83) (S 181,83,84) (D 1,1,1)
0 1 25 115 643 10 (D 1,1,1) (S 140,46,47) (S 204,35,35) (S 151,35,37) (S 41,37,43) (S 216,76,76) (S 189,66,101) (S 85,101,102) (S 92,106,107) (D 1,1,1)
0 1 26 24 122 3 (D 1,1,1) (S 183,117,119) (D 1,1,1)
0 1 27 90 700 8 (D 1,1,1) (S 124,63,64) (S 173,64,65) (S 45,54,140) (S 154,51,52) (S 55,52,53) (S 38,53,140) (D 1,1,1)
0 1 28 67 390 3 (D 1,1,1) (S 128,68,90) (D 1,1,1)
0 1 29 118 993 10 (D 1,1,1) (S 24,28,30) (S 84,30,32) (S 60,30,31) (S 197,31,31) (S 42,48,49) (S 178,49,61) (S 100,58,70) (S 162,67,68) (D 1,1,1)
0 1 30 118 995 9 (D 1,1,1) (S 172,8,11) (S 16,12,13) (S 50,13,16) (S 2,15,16) (S 18,10,15) (S 76,15,17) (S 121,79,80) (D 1,1,1)
0 1 31 113 636 6 (D 1,1,1) (S 51,58,59) (S 27,75,76) (S 108,80,82) (S 32,84,85) (D 1,1,1)
0 1 32 114 535 7 (D 1,1,1) (S 64,94,95) (S 80,95,96) (S 99,96,97) (S 161,97,98) (S 155,97,99) (D 1,1,1)
0 1 33 107 650 6 (D 1,1,1) (S 86,34,35) (S 123,37,42) (S 167,42,43) (S 168,82,92) (D 1,1,1)
0 1 34 86 402 4 (D 1,1,1) (S 131,66,91) (S 103,118,121) (D 1,1,1)
0 1 35 116 1038 9 (D 1,1,1) (S 116,11,12) (S 49,25,27) (S 143,25,26) (S 206,26,26) (S 25,26,31) (S 228,30,30) (S 111,82,83) (D 1,1,1)
0 1 36 120 1096 10 (D 1,1,1) (S 231,22,22) (S 136,20,22) (S 122,23,26) (S 14,23,24) (S 176,24,25) (S 37,27,28) (S 36,28,29) (S 74,78,79) (D 1,1,1)
0 1 37 115 1192 11 (D 1,1,1) (S 31,132,133) (S 145,133,135) (S 227,135,135) (S 144,134,135) (S 52,13,17) (S 126,17,18) (S 185,18,19) (S 139,11,27) (S 182,86,87) (D 1,1,1)
0 1 38 24 328 4 (D 1,1,1) (S 101,88,89) (S 171,89,92) (D 1,1,1)
0 1 39 104 442 4 (D 1,1,1) (S 179,108,109) (S 201,109,109) (D 1,1,1)
0 1 40 114 647 6 (D 1,1,1) (S 117,35,36) (S 119,38,41) (S 218,41,41) (S 95,41,47) (D 1,1,1)
0 1 41 112 632 6 (D 1,1,1) (S 148,56,57) (S 113,62,66) (S 157,107,108) (S 219,108,108) (D 1,1,1)
0 1 42 107 698 9 (D 1,1,1) (S 192,66,66) (S 40,66,67) (S 233,69,69) (S 4,69,71) (S 130,34,139) (S 199,139,139) (S 102,46,77) (D 1,1,1)
0 1 43 101 835 4 (D 1,1,1) (S 166,48,139) (S 87,29,33) (D 1,1,1)
0 1 44 90 699 8 (D 1,1,1) (S 160,55,140) (S 223,54,54) (S 57,54,55) (S 120,57,58) (S 21,70,71) (S 98,71,75) (D 1,1,1)
0 1 45 119 937 8 (D 1,1,1) (S 115,8,9) (S 202,9,9) (S 169,9,10) (S 165,10,19) (S 79,44,73) (S 39,73,74) (D 1,1,1)
