492
6
108506674200
1751078067
0 1 1 213 223 58 (D 1,1,1) (S 19,10,5) (S 49,6,7) (S 101,7,7) (S 104,4,4) (S 21,4,3) (S 95,3,3) (S 44,3,2) (S 64,2,3) (S 10,2,5) (S 112,6,6) (S 98,11,11) (S 87,10,10) (S 12,10,11) (S 48,11,12) (S 72,12,19) (S 85,18,18) (S 43,27,26) (S 9,21,26) (S 106,26,26) (S 5,26,34) (S 14,34,42) (S 33,34,35) (S 2,35,36) (S 76,38,37) (S 53,37,38) (S 74,38,30) (S 51,28,27) (S 28,27,35) (S 16,35,43) (S 107,43,43) (S 25,43,42) (S 75,42,41) (S 84,41,41) (S 83,33,33) (S 0,28,36) (S 11,36,44) (S 18,43,48) (S 80,48,48) (S 103,49,49) (S 7,45,50) (S 60,50,49) (S 15,10,17) (S 82,17,17) (S 23,17,31) (S 110,32,32) (S 78,32,31) (S 59,39,38) (S 58,38,36) (S 113,36,36) (S 77,24,17) (S 88,31,31) (S 99,39,39) (S 62,39,30) (S 89,23,23) (S 50,23,29) (S 41,15,1) (D 1,1,1)
0 1 2 113 124 29 (D 1,1,1) (S 71,1,5) (S 73,6,5) (S 36,5,6) (S 17,17,30) (S 109,30,30) (S 27,30,29) (S 20,37,44) (S 93,44,44) (S 67,45,48) (S 29,48,45) (S 46,45,46) (S 37,46,38) (S 65,35,27) (S 55,15,16) (S 102,16,16) (S 54,16,15) (S 111,22,22) (S 26,22,23) (S 56,8,13) (S 47,21,20) (S 30,20,25) (S 105,25,25) (S 3,25,33) (S 42,33,41) (S 57,41,42) (S 92,35,35) (S 1,28,29) (D 1,1,1)
0 1 3 37 27 12 (D 1,1,1) (S 70,1,9) (S 38,14,9) (S 94,9,9) (S 40,9,13) (S 96,13,13) (S 52,13,21) (S 91,21,21) (S 31,20,21) (S 13,8,9) (S 39,9,1) (D 1,1,1)
0 1 4 46 57 15 (D 1,1,1) (S 69,1,16) (S 97,14,14) (S 22,14,22) (S 24,22,28) (S 81,24,24) (S 8,24,29) (S 86,29,29) (S 61,38,46) (S 35,46,45) (S 45,50,46) (S 79,27,27) (S 63,15,23) (S 100,15,15) (D 1,1,1)
0 1 5 6 8 3 (D 1,1,1) (S 66,1,10) (D 1,1,1)
0 1 6 35 53 9 (D 1,1,1) (S 34,12,11) (S 6,18,19) (S 4,19,32) (S 90,40,40) (S 32,40,47) (S 68,39,47) (S 108,47,47) (D 1,1,1)
