482
8
2583555900
1751077857
0 1 1 33 48 8 (D 1,1,1) (S 33,9,9) (S 28,19,20) (S 43,20,20) (S 19,20,10) (S 20,9,3) (S 9,3,1) (D 1,1,1)
0 1 2 32 70 10 (D 1,1,1) (S 4,9,10) (S 44,10,10) (S 13,20,23) (S 36,23,23) (S 11,23,24) (S 29,21,15) (S 22,11,5) (S 35,5,5) (D 1,1,1)
0 1 3 7 12 3 (D 1,1,1) (S 7,2,4) (D 1,1,1)
0 1 4 37 79 9 (D 1,1,1) (S 5,3,4) (S 15,15,21) (S 16,21,24) (S 31,24,24) (S 14,24,23) (S 21,23,22) (S 25,19,9) (D 1,1,1)
0 1 5 39 84 10 (D 1,1,1) (S 3,11,15) (S 18,12,6) (S 2,6,7) (S 23,7,8) (S 37,14,14) (S 10,12,11) (S 38,11,11) (S 41,4,4) (D 1,1,1)
0 1 6 1 10 3 (D 1,1,1) (S 42,3,3) (D 1,1,1)
0 1 7 27 81 6 (D 1,1,1) (S 0,19,22) (S 12,22,23) (S 27,15,16) (S 26,16,12) (D 1,1,1)
0 1 8 39 98 12 (D 1,1,1) (S 24,10,11) (S 8,16,17) (S 32,17,17) (S 30,18,14) (S 40,8,8) (S 1,8,14) (S 39,13,13) (S 6,12,13) (S 17,16,15) (S 34,2,2) (D 1,1,1)
