796
9
51304571400
1751077722
0 1 1 59 68 12 (D 1,1,1) (S 10,11,16) (S 49,19,20) (S 13,20,21) (S 4,21,22) (S 47,22,28) (S 68,28,22) (S 67,16,15) (S 87,15,15) (S 34,8,7) (S 51,7,1) (D 1,1,1)
0 1 2 73 78 18 (D 1,1,1) (S 69,1,7) (S 54,7,8) (S 6,8,9) (S 40,3,4) (S 91,4,4) (S 3,3,9) (S 9,9,10) (S 89,10,10) (S 12,10,11) (S 72,11,11) (S 44,11,5) (S 1,4,5) (S 26,4,10) (S 25,2,8) (S 29,8,2) (S 83,2,2) (D 1,1,1)
0 1 3 61 81 14 (D 1,1,1) (S 5,11,17) (S 88,17,17) (S 8,17,18) (S 14,18,22) (S 18,28,27) (S 57,27,20) (S 86,20,20) (S 76,19,19) (S 82,16,16) (S 62,13,23) (S 92,23,23) (S 21,23,14) (D 1,1,1)
0 1 4 25 46 6 (D 1,1,1) (S 45,1,2) (S 19,3,2) (S 65,13,14) (S 66,13,7) (D 1,1,1)
0 1 5 65 84 17 (D 1,1,1) (S 0,9,14) (S 79,14,14) (S 52,14,24) (S 90,24,24) (S 7,24,25) (S 75,25,25) (S 42,31,32) (S 48,32,36) (S 2,36,40) (S 78,40,40) (S 58,40,41) (S 41,37,33) (S 70,33,27) (S 15,27,21) (S 71,20,17) (D 1,1,1)
0 1 6 24 69 9 (D 1,1,1) (S 84,30,30) (S 32,30,29) (S 77,29,29) (S 22,29,23) (S 23,25,26) (S 73,26,26) (S 37,24,14) (D 1,1,1)
0 1 7 52 105 12 (D 1,1,1) (S 60,31,35) (S 93,34,34) (S 50,34,38) (S 46,38,39) (S 74,39,39) (S 27,39,35) (S 35,35,36) (S 61,36,32) (S 33,32,26) (S 36,26,19) (D 1,1,1)
0 1 8 74 148 16 (D 1,1,1) (S 53,26,32) (S 80,27,27) (S 11,5,6) (S 20,6,12) (S 85,12,12) (S 39,12,11) (S 38,36,37) (S 16,37,41) (S 56,41,40) (S 24,39,36) (S 17,36,35) (S 81,35,35) (S 64,34,29) (S 30,23,13) (D 1,1,1)
0 1 9 33 117 8 (D 1,1,1) (S 63,23,29) (S 59,29,34) (S 28,38,34) (S 43,39,40) (S 31,41,37) (S 55,37,36) (D 1,1,1)
