542
10
102735851100
1751078202
0 1 1 63 80 17 (D 1,1,1) (S 69,5,5) (S 9,5,6) (S 51,6,13) (S 5,14,15) (S 27,23,31) (S 93,32,32) (S 24,32,38) (S 4,38,43) (S 45,19,26) (S 63,26,30) (S 6,40,41) (S 98,41,41) (S 102,34,34) (S 54,30,34) (S 48,11,5) (D 1,1,1)
0 1 2 72 108 27 (D 1,1,1) (S 57,12,13) (S 31,13,7) (S 68,2,2) (S 15,2,3) (S 64,4,4) (S 88,3,3) (S 1,3,9) (S 79,9,9) (S 39,9,16) (S 82,16,16) (S 103,15,15) (S 107,14,14) (S 22,16,9) (S 14,9,15) (S 28,31,37) (S 90,37,37) (S 53,37,36) (S 66,35,35) (S 33,35,41) (S 32,41,48) (S 106,39,39) (S 95,33,33) (S 7,33,34) (S 71,40,40) (S 100,12,12) (D 1,1,1)
0 1 3 74 130 22 (D 1,1,1) (S 60,6,7) (S 26,8,9) (S 8,15,16) (S 52,17,10) (S 43,10,17) (S 109,17,17) (S 37,9,8) (S 83,11,11) (S 11,11,19) (S 86,18,18) (S 56,18,29) (S 3,29,33) (S 97,30,30) (S 47,37,43) (S 87,45,45) (S 46,45,43) (S 75,42,42) (S 36,42,44) (S 10,44,49) (S 35,49,48) (D 1,1,1)
0 1 4 73 85 28 (D 1,1,1) (S 67,20,20) (S 94,19,19) (S 73,26,26) (S 20,34,40) (S 16,33,46) (S 78,46,46) (S 77,47,47) (S 2,47,48) (S 65,48,48) (S 21,48,41) (S 89,49,49) (S 84,44,44) (S 0,44,50) (S 50,45,50) (S 76,50,50) (S 62,50,43) (S 92,43,43) (S 99,38,38) (S 59,38,28) (S 72,28,28) (S 30,28,32) (S 74,31,31) (S 61,31,22) (S 105,22,22) (S 58,22,21) (S 41,13,6) (D 1,1,1)
0 1 5 66 77 19 (D 1,1,1) (S 81,21,21) (S 19,21,27) (S 91,27,27) (S 13,27,35) (S 18,35,36) (S 104,36,36) (S 42,42,41) (S 49,16,24) (S 80,24,24) (S 12,24,25) (S 85,25,25) (S 23,24,23) (S 29,7,8) (S 70,8,8) (S 25,8,7) (S 38,7,6) (S 34,6,1) (D 1,1,1)
0 1 6 9 30 5 (D 1,1,1) (S 40,7,13) (S 44,31,23) (S 101,23,23) (D 1,1,1)
0 1 7 3 4 3 (D 1,1,1) (S 55,1,6) (D 1,1,1)
0 1 8 1 10 3 (D 1,1,1) (S 96,13,13) (D 1,1,1)
0 1 9 6 14 3 (D 1,1,1) (S 17,13,14) (D 1,1,1)
0 1 10 1 4 3 (D 1,1,1) (S 108,6,6) (D 1,1,1)
