2733
7
3268475400
1751068488
0 1 1 566 184 6 (D 1,1,1) (S 15,2,6) (S 3,6,2) (S 46,2,2) (S 5,2,1) (D 1,1,1)
0 1 2 1711 418 11 (D 1,1,1) (S 9,3,8) (S 39,8,8) (S 10,8,13) (S 2,13,14) (S 41,17,17) (S 14,17,14) (S 35,14,13) (S 29,8,7) (S 1,7,2) (D 1,1,1)
0 1 3 627 298 8 (D 1,1,1) (S 6,3,4) (S 40,5,5) (S 42,10,10) (S 17,10,5) (S 0,5,4) (S 13,4,3) (D 1,1,1)
0 1 4 1758 523 13 (D 1,1,1) (S 38,4,4) (S 31,4,5) (S 16,5,10) (S 27,9,8) (S 8,13,16) (S 43,16,16) (S 23,16,15) (S 12,19,18) (S 36,18,19) (S 4,19,15) (S 45,15,15) (D 1,1,1)
0 1 5 1 154 3 (D 1,1,1) (S 47,11,11) (D 1,1,1)
0 1 6 1527 541 10 (D 1,1,1) (S 19,11,12) (S 22,15,19) (S 25,19,20) (S 33,16,17) (S 21,14,10) (S 18,10,9) (S 20,13,12) (S 30,12,7) (D 1,1,1)
0 1 7 1732 615 11 (D 1,1,1) (S 11,7,12) (S 26,12,11) (S 24,18,11) (S 7,15,16) (S 37,21,21) (S 34,21,20) (S 28,20,19) (S 44,19,19) (S 32,15,12) (D 1,1,1)
