405
8
2860167000
1751078198
0 1 1 40 99 12 (D 1,1,1) (S 4,5,10) (S 28,10,10) (S 38,20,20) (S 11,20,23) (S 36,23,23) (S 19,23,20) (S 9,23,24) (S 37,24,24) (S 13,21,24) (S 14,21,15) (D 1,1,1)
0 1 2 36 84 11 (D 1,1,1) (S 1,11,15) (S 21,17,13) (S 22,13,17) (S 26,17,17) (S 23,14,18) (S 34,18,18) (S 8,12,11) (S 18,11,10) (S 12,9,3) (D 1,1,1)
0 1 3 29 62 7 (D 1,1,1) (S 3,9,10) (S 17,9,19) (S 0,19,22) (S 35,22,22) (S 25,19,19) (D 1,1,1)
0 1 4 6 8 3 (D 1,1,1) (S 2,1,2) (D 1,1,1)
0 1 5 1 8 3 (D 1,1,1) (S 33,2,2) (D 1,1,1)
0 1 6 4 10 3 (D 1,1,1) (S 10,1,3) (D 1,1,1)
0 1 7 25 46 8 (D 1,1,1) (S 39,3,3) (S 5,3,4) (S 6,4,5) (S 7,5,11) (S 32,15,15) (S 15,11,5) (D 1,1,1)
0 1 8 11 88 9 (D 1,1,1) (S 27,16,16) (S 31,12,12) (S 24,6,6) (S 20,7,8) (S 29,8,8) (S 30,14,14) (S 16,16,15) (D 1,1,1)
