4799
9
16944666900
1751070765
0 1 1 1762 841 20 (D 1,1,1) (S 0,17,18) (S 46,25,25) (S 9,24,23) (S 45,23,23) (S 8,23,26) (S 59,22,22) (S 63,8,8) (S 52,7,7) (S 40,7,13) (S 47,13,13) (S 24,13,14) (S 53,14,14) (S 43,15,15) (S 15,16,10) (S 37,10,4) (S 61,3,3) (S 13,9,8) (S 16,7,1) (D 1,1,1)
0 1 2 1853 624 12 (D 1,1,1) (S 7,3,4) (S 54,4,4) (S 20,11,12) (S 50,17,17) (S 57,18,18) (S 21,18,25) (S 38,25,24) (S 58,24,24) (S 30,22,23) (S 22,23,22) (D 1,1,1)
0 1 3 1673 844 18 (D 1,1,1) (S 27,11,5) (S 48,5,5) (S 49,6,6) (S 28,6,12) (S 32,12,11) (S 12,11,10) (S 6,10,16) (S 26,16,22) (S 64,21,21) (S 41,21,20) (S 1,19,27) (S 44,27,27) (S 2,27,28) (S 62,28,28) (S 42,30,30) (S 33,26,22) (D 1,1,1)
0 1 4 1463 493 8 (D 1,1,1) (S 5,9,14) (S 34,14,20) (S 35,20,28) (S 3,28,29) (S 14,29,30) (S 25,30,26) (D 1,1,1)
0 1 5 533 463 5 (D 1,1,1) (S 39,20,19) (S 55,19,19) (S 36,14,15) (D 1,1,1)
0 1 6 187 113 3 (D 1,1,1) (S 4,1,2) (D 1,1,1)
0 1 7 621 458 5 (D 1,1,1) (S 19,16,17) (S 18,18,12) (S 60,12,12) (D 1,1,1)
0 1 8 77 113 4 (D 1,1,1) (S 51,2,2) (S 17,8,7) (D 1,1,1)
0 1 9 1044 850 8 (D 1,1,1) (S 11,22,29) (S 23,30,31) (S 31,31,32) (S 10,26,31) (S 56,31,31) (S 29,24,17) (D 1,1,1)
