703
9
27867835200
1751077901
0 1 1 66 61 13 (D 1,1,1) (S 23,6,18) (S 27,18,12) (S 7,12,13) (S 75,13,13) (S 3,13,14) (S 46,14,20) (S 70,20,20) (S 35,20,14) (S 37,15,9) (S 4,9,10) (S 36,9,15) (D 1,1,1)
0 1 2 72 93 18 (D 1,1,1) (S 12,12,19) (S 58,19,19) (S 2,19,25) (S 13,25,26) (S 65,26,26) (S 47,26,20) (S 15,14,15) (S 61,15,15) (S 34,20,26) (S 9,26,27) (S 79,27,27) (S 39,32,33) (S 67,33,33) (S 38,34,28) (S 78,28,28) (S 19,28,27) (D 1,1,1)
0 1 3 59 74 12 (D 1,1,1) (S 32,2,8) (S 64,8,8) (S 20,8,9) (S 74,10,10) (S 40,16,23) (S 73,23,23) (S 71,22,22) (S 76,21,21) (S 55,21,20) (S 22,19,18) (D 1,1,1)
0 1 4 58 123 13 (D 1,1,1) (S 31,3,4) (S 16,4,11) (S 52,5,11) (S 18,11,10) (S 8,3,9) (S 48,10,11) (S 62,11,11) (S 41,11,17) (S 42,17,24) (S 66,24,24) (S 25,3,2) (D 1,1,1)
0 1 5 5 4 4 (D 1,1,1) (S 53,1,6) (S 44,6,1) (D 1,1,1)
0 1 6 27 74 6 (D 1,1,1) (S 14,1,2) (S 30,25,29) (S 69,29,29) (S 0,6,12) (D 1,1,1)
0 1 7 72 116 16 (D 1,1,1) (S 21,12,18) (S 43,18,29) (S 11,29,30) (S 1,30,31) (S 59,31,31) (S 6,33,34) (S 50,34,24) (S 33,24,34) (S 72,32,32) (S 24,32,31) (S 57,30,25) (S 51,25,30) (S 28,13,7) (S 56,7,1) (D 1,1,1)
0 1 8 58 111 12 (D 1,1,1) (S 17,21,22) (S 26,17,11) (S 54,5,4) (S 63,4,4) (S 5,4,10) (S 29,3,10) (S 10,2,13) (S 77,6,6) (S 45,1,7) (S 60,7,7) (D 1,1,1)
0 1 9 10 47 4 (D 1,1,1) (S 68,16,16) (S 49,16,15) (D 1,1,1)
