541
8
117352500
1751077293
0 1 1 32 107 6 (D 1,1,1) (S 18,4,4) (S 6,4,11) (S 7,10,11) (S 14,5,5) (D 1,1,1)
0 1 2 15 20 3 (D 1,1,1) (S 13,1,4) (D 1,1,1)
0 1 3 23 28 4 (D 1,1,1) (S 4,1,2) (S 0,2,7) (D 1,1,1)
0 1 4 22 141 5 (D 1,1,1) (S 3,7,9) (S 12,8,12) (S 11,12,13) (D 1,1,1)
0 1 5 13 14 4 (D 1,1,1) (S 10,1,3) (S 16,3,3) (D 1,1,1)
0 1 6 16 97 5 (D 1,1,1) (S 2,6,10) (S 19,11,11) (S 1,11,13) (D 1,1,1)
0 1 7 12 60 4 (D 1,1,1) (S 8,2,6) (S 9,6,12) (D 1,1,1)
0 1 8 3 74 5 (D 1,1,1) (S 5,8,9) (S 17,9,9) (S 15,2,2) (D 1,1,1)
