8768
22
12614179200
1751070763
0 1 1 1382 632 9 (D 1,1,1) (S 7,2,3) (S 31,4,5) (S 16,15,16) (S 27,9,16) (S 76,9,8) (S 75,25,24) (S 2,24,38) (D 1,1,1)
0 1 2 1425 601 9 (D 1,1,1) (S 52,5,6) (S 71,38,51) (S 83,50,49) (S 66,36,48) (S 87,47,48) (S 5,48,49) (S 84,35,22) (D 1,1,1)
0 1 3 1473 469 8 (D 1,1,1) (S 78,21,22) (S 65,36,37) (S 61,37,49) (S 80,49,50) (S 90,50,50) (S 41,50,51) (D 1,1,1)
0 1 4 1384 585 8 (D 1,1,1) (S 93,39,39) (S 19,40,41) (S 49,28,41) (S 37,39,51) (S 96,35,35) (S 95,33,33) (D 1,1,1)
0 1 5 1404 524 8 (D 1,1,1) (S 43,44,45) (S 0,46,47) (S 58,35,36) (S 56,36,49) (S 18,37,38) (S 6,38,39) (D 1,1,1)
0 1 6 1390 304 8 (D 1,1,1) (S 89,32,32) (S 34,32,33) (S 46,33,34) (S 3,34,46) (S 79,46,45) (S 92,45,45) (D 1,1,1)
0 1 7 1441 499 8 (D 1,1,1) (S 91,6,6) (S 38,7,25) (S 94,25,25) (S 1,25,38) (S 36,23,24) (S 39,3,12) (D 1,1,1)
0 1 8 1432 691 7 (D 1,1,1) (S 33,26,27) (S 59,27,28) (S 17,16,28) (S 81,7,8) (S 32,24,37) (D 1,1,1)
0 1 9 1358 619 6 (D 1,1,1) (S 14,51,52) (S 29,52,53) (S 13,40,53) (S 35,41,53) (D 1,1,1)
0 1 10 1369 306 6 (D 1,1,1) (S 20,29,42) (S 63,42,43) (S 85,11,2) (S 72,3,4) (D 1,1,1)
0 1 11 924 142 6 (D 1,1,1) (S 57,10,17) (S 88,17,17) (S 30,18,19) (S 86,12,11) (D 1,1,1)
0 1 12 1328 322 6 (D 1,1,1) (S 10,19,31) (S 47,20,33) (S 9,33,45) (S 44,30,31) (D 1,1,1)
0 1 13 1474 569 6 (D 1,1,1) (S 15,6,7) (S 67,26,39) (S 62,40,52) (S 69,38,50) (D 1,1,1)
0 1 14 1346 252 6 (D 1,1,1) (S 28,17,18) (S 25,30,43) (S 64,43,44) (S 42,31,44) (D 1,1,1)
0 1 15 1417 551 6 (D 1,1,1) (S 11,5,14) (S 51,39,40) (S 26,27,40) (S 77,40,26) (D 1,1,1)
0 1 16 1099 271 5 (D 1,1,1) (S 12,12,19) (S 8,20,32) (S 68,32,44) (D 1,1,1)
0 1 17 1151 329 5 (D 1,1,1) (S 48,12,13) (S 53,14,22) (S 45,21,34) (D 1,1,1)
0 1 18 1176 145 5 (D 1,1,1) (S 54,17,29) (S 97,29,29) (S 70,29,30) (D 1,1,1)
0 1 19 1350 375 5 (D 1,1,1) (S 40,34,35) (S 60,22,23) (S 74,23,36) (D 1,1,1)
0 1 20 1087 110 4 (D 1,1,1) (S 22,1,11) (S 23,11,19) (D 1,1,1)
0 1 21 910 107 5 (D 1,1,1) (S 50,1,10) (S 73,10,11) (S 4,11,18) (D 1,1,1)
0 1 22 1204 365 6 (D 1,1,1) (S 55,19,20) (S 82,20,21) (S 24,22,36) (S 21,13,20) (D 1,1,1)
