723
10
114909204600
1751077674
0 1 1 69 66 15 (D 1,1,1) (S 56,5,18) (S 117,18,18) (S 75,18,29) (S 7,29,33) (S 23,33,40) (S 114,33,33) (S 58,33,39) (S 43,39,29) (S 115,40,40) (S 116,30,30) (S 83,26,18) (S 16,18,19) (S 59,13,6) (D 1,1,1)
0 1 2 73 88 18 (D 1,1,1) (S 103,12,12) (S 79,23,24) (S 14,24,25) (S 76,24,32) (S 8,15,16) (S 33,16,9) (S 39,8,7) (S 51,7,13) (S 10,14,22) (S 118,22,22) (S 36,22,31) (S 78,31,32) (S 20,32,37) (S 66,37,43) (S 105,43,43) (S 60,31,23) (D 1,1,1)
0 1 3 68 91 21 (D 1,1,1) (S 88,26,30) (S 74,30,34) (S 28,34,40) (S 38,41,49) (S 86,49,50) (S 54,50,45) (S 97,45,45) (S 64,45,43) (S 84,43,42) (S 48,42,44) (S 120,44,44) (S 2,44,50) (S 87,50,43) (S 85,31,22) (S 92,7,7) (S 40,8,9) (S 98,9,9) (S 19,8,14) (S 68,13,12) (D 1,1,1)
0 1 4 67 76 17 (D 1,1,1) (S 34,12,11) (S 3,26,34) (S 30,34,30) (S 80,6,7) (S 93,2,2) (S 21,2,3) (S 102,3,3) (S 27,3,4) (S 31,4,10) (S 18,9,15) (S 119,15,15) (S 11,11,19) (S 89,19,19) (S 77,12,13) (S 104,13,13) (D 1,1,1)
0 1 5 74 101 20 (D 1,1,1) (S 22,9,10) (S 61,10,17) (S 70,17,10) (S 52,9,16) (S 111,16,16) (S 29,37,38) (S 6,38,43) (S 81,43,45) (S 72,37,36) (S 45,35,41) (S 44,41,48) (S 90,48,48) (S 32,48,41) (S 109,11,11) (S 65,11,5) (S 101,5,5) (S 9,5,6) (S 107,6,6) (D 1,1,1)
0 1 6 32 69 10 (D 1,1,1) (S 94,26,26) (S 53,5,11) (S 95,49,49) (S 46,49,48) (S 26,27,31) (S 99,23,23) (S 50,7,6) (S 49,6,1) (D 1,1,1)
0 1 7 34 55 9 (D 1,1,1) (S 5,16,17) (S 12,17,25) (S 4,25,28) (S 100,28,28) (S 42,28,38) (S 73,38,28) (S 112,31,31) (D 1,1,1)
0 1 8 24 42 9 (D 1,1,1) (S 91,20,20) (S 13,20,21) (S 108,21,21) (S 69,6,13) (S 24,13,14) (S 110,14,14) (S 35,24,23) (D 1,1,1)
0 1 9 47 61 10 (D 1,1,1) (S 1,13,21) (S 25,21,27) (S 17,27,35) (S 106,35,35) (S 0,27,36) (S 67,36,42) (S 47,42,36) (S 15,27,30) (D 1,1,1)
0 1 10 38 74 12 (D 1,1,1) (S 41,23,31) (S 113,32,32) (S 37,32,38) (S 57,38,45) (S 71,43,50) (S 82,44,42) (S 62,42,41) (S 96,47,47) (S 55,47,46) (S 63,46,47) (D 1,1,1)
