12490
26
329401238700
1751070841
0 1 1 625 80 4 (D 1,1,1) (S 90,1,10) (S 66,10,1) (D 1,1,1)
0 1 2 1525 452 12 (D 1,1,1) (S 52,4,13) (S 117,13,12) (S 169,12,12) (S 176,13,13) (S 87,13,4) (S 56,3,2) (S 95,2,11) (S 114,11,10) (S 38,11,2) (S 85,2,1) (D 1,1,1)
0 1 3 251 154 3 (D 1,1,1) (S 35,10,11) (D 1,1,1)
0 1 4 269 280 3 (D 1,1,1) (S 71,36,37) (D 1,1,1)
0 1 5 551 228 5 (D 1,1,1) (S 2,26,27) (S 158,27,27) (S 132,27,11) (D 1,1,1)
0 1 6 260 210 4 (D 1,1,1) (S 65,26,35) (S 59,35,26) (D 1,1,1)
0 1 7 1557 407 12 (D 1,1,1) (S 110,12,19) (S 172,19,19) (S 24,19,28) (S 175,28,28) (S 137,28,38) (S 48,38,39) (S 164,39,39) (S 141,39,29) (S 154,29,29) (S 3,20,21) (D 1,1,1)
0 1 8 1388 409 8 (D 1,1,1) (S 144,27,28) (S 84,39,48) (S 151,48,48) (S 142,48,47) (S 41,47,46) (S 100,37,27) (D 1,1,1)
0 1 9 60 162 3 (D 1,1,1) (S 136,26,10) (D 1,1,1)
0 1 10 1457 521 13 (D 1,1,1) (S 183,7,7) (S 129,7,8) (S 134,8,9) (S 149,9,9) (S 109,8,17) (S 91,17,18) (S 58,18,25) (S 92,25,24) (S 72,24,16) (S 184,16,16) (S 146,15,14) (D 1,1,1)
0 1 11 746 312 6 (D 1,1,1) (S 9,35,36) (S 160,36,36) (S 12,36,44) (S 11,36,35) (D 1,1,1)
0 1 12 1552 579 16 (D 1,1,1) (S 76,27,37) (S 150,37,37) (S 177,46,46) (S 75,46,61) (S 152,61,61) (S 170,62,62) (S 37,62,63) (S 161,64,64) (S 93,64,65) (S 135,65,66) (S 13,66,56) (S 162,56,56) (S 51,56,55) (S 155,50,50) (D 1,1,1)
0 1 13 1409 517 10 (D 1,1,1) (S 147,13,14) (S 140,14,21) (S 97,21,22) (S 27,24,33) (S 79,33,32) (S 143,24,17) (S 120,16,7) (S 61,7,6) (D 1,1,1)
0 1 14 1388 533 11 (D 1,1,1) (S 44,38,47) (S 98,47,48) (S 19,39,40) (S 116,49,50) (S 43,50,49) (S 108,49,40) (S 174,30,30) (S 4,30,21) (S 31,21,14) (D 1,1,1)
0 1 15 1458 542 9 (D 1,1,1) (S 69,16,17) (S 46,34,43) (S 179,43,43) (S 118,34,25) (S 28,25,18) (S 107,18,17) (S 78,17,16) (D 1,1,1)
0 1 16 1003 517 10 (D 1,1,1) (S 42,39,49) (S 106,54,64) (S 99,64,63) (S 180,63,63) (S 53,63,62) (S 111,62,61) (S 89,61,60) (S 80,60,59) (D 1,1,1)
0 1 17 1544 624 12 (D 1,1,1) (S 1,15,16) (S 8,16,23) (S 153,23,23) (S 81,23,32) (S 64,56,66) (S 62,66,65) (S 25,64,54) (S 148,54,49) (S 39,37,36) (S 23,36,27) (D 1,1,1)
0 1 18 1246 512 9 (D 1,1,1) (S 122,35,44) (S 167,59,59) (S 82,59,60) (S 57,61,62) (S 20,46,45) (S 112,44,45) (S 83,44,35) (D 1,1,1)
0 1 19 1443 718 14 (D 1,1,1) (S 139,5,6) (S 49,6,15) (S 15,22,31) (S 131,51,56) (S 67,50,55) (S 16,55,65) (S 103,66,67) (S 171,67,67) (S 130,67,66) (S 74,65,55) (S 55,55,54) (S 26,47,38) (D 1,1,1)
0 1 20 1541 738 13 (D 1,1,1) (S 29,28,39) (S 115,48,63) (S 18,67,68) (S 163,68,68) (S 32,58,57) (S 60,52,51) (S 73,51,52) (S 86,52,42) (S 123,41,42) (S 157,42,42) (S 40,42,41) (D 1,1,1)
0 1 21 1423 579 8 (D 1,1,1) (S 128,5,14) (S 33,30,51) (S 94,41,32) (S 121,18,24) (S 105,24,23) (S 7,15,6) (D 1,1,1)
0 1 22 1525 659 9 (D 1,1,1) (S 182,10,10) (S 133,54,55) (S 96,55,56) (S 124,67,57) (S 34,42,33) (S 30,21,30) (S 21,29,20) (D 1,1,1)
0 1 23 1526 742 16 (D 1,1,1) (S 178,11,11) (S 63,28,29) (S 6,29,30) (S 77,42,43) (S 166,58,58) (S 10,58,68) (S 156,57,57) (S 5,57,56) (S 138,56,51) (S 165,51,51) (S 127,51,41) (S 88,24,25) (S 14,9,8) (S 159,6,6) (D 1,1,1)
0 1 24 1546 843 10 (D 1,1,1) (S 0,52,53) (S 119,53,43) (S 45,17,8) (S 173,8,8) (S 22,7,16) (S 145,33,34) (S 101,43,53) (S 36,49,39) (D 1,1,1)
0 1 25 1566 661 10 (D 1,1,1) (S 125,20,29) (S 104,29,28) (S 181,60,60) (S 17,60,45) (S 126,45,46) (S 50,48,49) (S 168,49,49) (S 70,48,39) (D 1,1,1)
0 1 26 1538 511 7 (D 1,1,1) (S 68,24,34) (S 113,34,24) (S 102,24,32) (S 47,31,30) (S 54,5,4) (D 1,1,1)
