461
11
23001671100
1751077493
0 1 1 61 50 19 (D 1,1,1) (S 18,1,6) (S 75,7,7) (S 9,7,13) (S 11,18,19) (S 67,18,18) (S 42,18,13) (S 78,13,13) (S 76,2,2) (S 63,2,3) (S 70,3,3) (S 15,3,7) (S 83,6,6) (S 39,6,12) (S 84,12,12) (S 31,12,11) (S 72,11,11) (S 60,11,1) (D 1,1,1)
0 1 2 24 24 6 (D 1,1,1) (S 2,1,10) (S 32,10,9) (S 77,8,8) (S 38,8,40) (D 1,1,1)
0 1 3 48 41 10 (D 1,1,1) (S 5,1,33) (S 22,33,26) (S 71,26,26) (S 19,26,27) (S 12,27,34) (S 13,33,34) (S 23,27,28) (S 73,28,28) (D 1,1,1)
0 1 4 28 15 5 (D 1,1,1) (S 8,1,35) (S 4,35,36) (S 61,2,1) (D 1,1,1)
0 1 5 44 31 9 (D 1,1,1) (S 41,1,11) (S 16,11,16) (S 66,16,15) (S 28,15,9) (S 44,9,8) (S 24,8,9) (S 27,9,10) (D 1,1,1)
0 1 6 25 30 6 (D 1,1,1) (S 64,1,8) (S 10,14,15) (S 79,15,15) (S 45,16,10) (D 1,1,1)
0 1 7 61 95 14 (D 1,1,1) (S 55,37,30) (S 65,31,30) (S 34,38,39) (S 33,39,38) (S 25,38,37) (S 56,37,36) (S 36,35,28) (S 48,28,35) (S 46,35,34) (S 52,34,35) (S 62,1,40) (S 51,40,1) (D 1,1,1)
0 1 8 47 48 11 (D 1,1,1) (S 0,12,17) (S 40,17,13) (S 1,18,22) (S 29,22,21) (S 69,20,20) (S 20,20,23) (S 80,23,23) (S 7,24,25) (S 17,22,25) (D 1,1,1)
0 1 9 48 50 11 (D 1,1,1) (S 14,2,36) (S 82,29,29) (S 26,30,31) (S 3,31,38) (S 6,32,39) (S 59,5,4) (S 68,4,4) (S 57,4,3) (S 21,12,6) (D 1,1,1)
0 1 10 43 73 13 (D 1,1,1) (S 37,36,37) (S 50,37,38) (S 54,39,5) (S 53,5,39) (S 35,32,31) (S 43,31,37) (S 47,37,3) (S 49,21,24) (S 81,24,24) (S 74,21,21) (S 58,21,22) (D 1,1,1)
0 1 11 1 4 3 (D 1,1,1) (S 30,1,2) (D 1,1,1)
