508
8
3374642700
1751077400
0 1 1 6 8 3 (D 1,1,1) (S 3,1,2) (D 1,1,1)
0 1 2 9 10 5 (D 1,1,1) (S 33,1,3) (S 40,3,3) (S 10,3,1) (D 1,1,1)
0 1 3 38 71 9 (D 1,1,1) (S 9,4,5) (S 5,5,10) (S 44,20,20) (S 34,21,15) (S 29,16,12) (S 46,12,12) (S 41,11,11) (D 1,1,1)
0 1 4 37 83 10 (D 1,1,1) (S 7,2,4) (S 38,15,15) (S 8,16,17) (S 26,14,18) (S 42,18,18) (S 28,14,13) (S 6,12,13) (S 11,12,11) (D 1,1,1)
0 1 5 38 92 11 (D 1,1,1) (S 13,3,9) (S 17,9,19) (S 12,23,24) (S 45,24,24) (S 35,24,21) (S 32,15,16) (S 39,17,17) (S 23,17,13) (S 21,11,5) (D 1,1,1)
0 1 6 30 57 8 (D 1,1,1) (S 22,10,20) (S 19,23,22) (S 43,22,22) (S 37,19,19) (S 27,19,9) (S 20,9,3) (D 1,1,1)
0 1 7 39 79 8 (D 1,1,1) (S 4,9,10) (S 25,10,11) (S 2,11,15) (S 14,21,24) (S 30,23,20) (S 18,20,10) (D 1,1,1)
0 1 8 34 108 10 (D 1,1,1) (S 31,5,11) (S 0,20,21) (S 36,6,6) (S 16,8,7) (S 47,7,7) (S 1,8,14) (S 24,13,17) (S 15,16,15) (D 1,1,1)
