145
8
523326900
1751077302
0 1 1 26 35 8 (D 1,1,1) (S 0,1,11) (S 6,3,9) (S 8,9,10) (S 27,3,3) (S 21,3,4) (S 22,2,3) (D 1,1,1)
0 1 2 25 23 7 (D 1,1,1) (S 10,5,10) (S 19,3,10) (S 5,3,5) (S 17,5,11) (S 24,7,7) (D 1,1,1)
0 1 3 18 21 6 (D 1,1,1) (S 2,1,7) (S 13,7,10) (S 14,3,11) (S 12,7,9) (D 1,1,1)
0 1 4 20 16 6 (D 1,1,1) (S 18,1,4) (S 26,4,4) (S 15,4,5) (S 9,5,7) (D 1,1,1)
0 1 5 7 10 6 (D 1,1,1) (S 25,6,6) (S 1,6,10) (S 31,10,10) (S 3,3,7) (D 1,1,1)
0 1 6 13 18 6 (D 1,1,1) (S 28,2,2) (S 29,8,8) (S 23,8,9) (S 4,4,11) (D 1,1,1)
0 1 7 9 12 5 (D 1,1,1) (S 16,6,8) (S 32,5,5) (S 20,5,8) (D 1,1,1)
0 1 8 3 10 5 (D 1,1,1) (S 7,6,9) (S 30,9,9) (S 11,2,7) (D 1,1,1)
