177
7
1577722800
1751077682
0 1 1 20 27 7 (D 1,1,1) (S 37,4,4) (S 19,4,5) (S 27,23,20) (S 10,22,23) (S 18,22,19) (D 1,1,1)
0 1 2 5 4 4 (D 1,1,1) (S 2,1,2) (S 40,2,2) (D 1,1,1)
0 1 3 17 22 9 (D 1,1,1) (S 35,10,10) (S 26,20,23) (S 20,23,24) (S 21,21,20) (S 36,9,9) (S 9,9,19) (S 29,19,19) (D 1,1,1)
0 1 4 20 35 9 (D 1,1,1) (S 34,3,3) (S 3,6,7) (S 16,7,8) (S 33,8,8) (S 0,8,14) (S 17,6,12) (S 1,9,10) (D 1,1,1)
0 1 5 19 30 11 (D 1,1,1) (S 32,5,5) (S 30,11,11) (S 24,11,12) (S 23,12,13) (S 25,13,14) (S 5,14,18) (S 14,18,17) (S 28,16,15) (S 39,15,15) (D 1,1,1)
0 1 6 15 27 8 (D 1,1,1) (S 8,3,4) (S 6,13,17) (S 38,17,17) (S 12,13,12) (S 13,12,6) (S 22,12,11) (D 1,1,1)
0 1 7 15 32 7 (D 1,1,1) (S 4,10,11) (S 7,16,17) (S 15,16,12) (S 11,15,21) (S 31,21,21) (D 1,1,1)
