283
10
1924742400
1751077292
0 1 1 13 39 6 (D 1,1,1) (S 30,1,17) (S 38,14,14) (S 14,14,16) (S 44,16,16) (D 1,1,1)
0 1 2 7 2 3 (D 1,1,1) (S 13,1,19) (D 1,1,1)
0 1 3 25 28 7 (D 1,1,1) (S 5,1,3) (S 32,3,6) (S 16,6,10) (S 8,10,11) (S 17,4,19) (D 1,1,1)
0 1 4 12 16 4 (D 1,1,1) (S 12,1,15) (S 28,15,17) (D 1,1,1)
0 1 5 26 33 7 (D 1,1,1) (S 24,13,14) (S 1,18,21) (S 45,21,21) (S 18,21,23) (S 2,23,24) (D 1,1,1)
0 1 6 19 28 7 (D 1,1,1) (S 10,5,9) (S 27,5,6) (S 21,6,8) (S 37,8,8) (S 19,8,27) (D 1,1,1)
0 1 7 27 43 10 (D 1,1,1) (S 35,2,2) (S 3,2,12) (S 23,12,13) (S 33,13,15) (S 20,15,20) (S 39,20,20) (S 7,21,25) (S 22,25,26) (D 1,1,1)
0 1 8 24 37 8 (D 1,1,1) (S 15,4,10) (S 25,6,7) (S 42,7,7) (S 36,6,6) (S 9,3,8) (S 11,24,27) (D 1,1,1)
0 1 9 6 18 5 (D 1,1,1) (S 26,3,4) (S 40,4,4) (S 34,12,19) (D 1,1,1)
0 1 10 26 39 9 (D 1,1,1) (S 6,1,27) (S 29,18,25) (S 43,22,22) (S 31,23,26) (S 0,26,27) (S 4,8,24) (S 41,24,24) (D 1,1,1)
