10814
26
510159753900
1751070933
0 1 1 1590 344 13 (D 1,1,1) (S 136,2,2) (S 174,13,13) (S 24,12,23) (S 15,23,24) (S 63,24,25) (S 84,26,27) (S 14,27,38) (S 93,38,27) (S 147,16,16) (S 116,3,3) (S 65,3,14) (D 1,1,1)
0 1 2 443 77 4 (D 1,1,1) (S 100,2,13) (S 47,12,1) (D 1,1,1)
0 1 3 1605 432 12 (D 1,1,1) (S 87,14,25) (S 153,36,36) (S 6,35,46) (S 160,46,46) (S 85,46,47) (S 34,47,48) (S 126,48,48) (S 142,37,37) (S 127,25,25) (S 53,15,4) (D 1,1,1)
0 1 4 1720 616 19 (D 1,1,1) (S 64,2,3) (S 123,6,6) (S 175,19,19) (S 95,19,31) (S 138,54,54) (S 20,55,66) (S 149,65,65) (S 106,65,76) (S 139,76,76) (S 48,77,66) (S 32,66,65) (S 52,65,64) (S 39,64,63) (S 152,63,63) (S 132,51,51) (S 156,27,27) (S 50,16,15) (D 1,1,1)
0 1 5 1479 707 22 (D 1,1,1) (S 137,34,34) (S 0,45,56) (S 150,56,56) (S 11,45,46) (S 89,48,37) (S 94,37,38) (S 129,38,38) (S 40,39,29) (S 163,30,30) (S 125,31,31) (S 66,33,44) (S 135,33,33) (S 56,33,22) (S 141,22,22) (S 16,22,21) (S 162,21,21) (S 9,21,20) (S 155,20,20) (S 172,18,18) (S 18,15,14) (D 1,1,1)
0 1 6 1672 385 15 (D 1,1,1) (S 121,23,23) (S 3,23,34) (S 117,45,45) (S 5,56,67) (S 154,67,67) (S 4,67,68) (S 171,68,68) (S 27,68,69) (S 146,69,69) (S 69,69,70) (S 140,70,70) (S 133,59,59) (S 115,24,24) (D 1,1,1)
0 1 7 1713 759 16 (D 1,1,1) (S 80,25,36) (S 97,47,46) (S 144,60,60) (S 88,60,61) (S 128,53,53) (S 161,64,64) (S 170,75,75) (S 130,77,77) (S 145,66,66) (S 86,65,54) (S 105,54,55) (S 54,10,9) (S 82,9,19) (S 62,18,17) (D 1,1,1)
0 1 8 1139 420 8 (D 1,1,1) (S 46,26,37) (S 25,36,47) (S 176,57,57) (S 13,57,46) (S 30,38,37) (S 12,35,24) (D 1,1,1)
0 1 9 1702 616 13 (D 1,1,1) (S 114,4,4) (S 167,10,10) (S 41,10,11) (S 92,21,32) (S 59,32,43) (S 168,55,55) (S 19,55,44) (S 44,43,42) (S 102,42,41) (S 159,41,41) (S 108,7,18) (D 1,1,1)
0 1 10 1073 442 6 (D 1,1,1) (S 1,31,42) (S 131,42,42) (S 28,41,30) (S 113,19,7) (D 1,1,1)
0 1 11 111 253 4 (D 1,1,1) (S 173,35,35) (S 29,35,36) (D 1,1,1)
0 1 12 1626 577 13 (D 1,1,1) (S 104,29,39) (S 17,50,51) (S 96,51,62) (S 109,62,63) (S 111,52,51) (S 51,62,73) (S 143,73,73) (S 2,73,74) (S 122,74,74) (S 99,74,63) (S 151,14,14) (D 1,1,1)
0 1 13 1446 548 10 (D 1,1,1) (S 67,47,58) (S 33,58,57) (S 78,57,68) (S 31,52,41) (S 37,41,40) (S 158,40,40) (S 91,40,51) (S 43,27,16) (D 1,1,1)
0 1 14 667 307 5 (D 1,1,1) (S 71,7,8) (S 81,8,19) (S 68,19,18) (D 1,1,1)
0 1 15 1 77 3 (D 1,1,1) (S 124,12,12) (D 1,1,1)
0 1 16 677 247 4 (D 1,1,1) (S 74,36,35) (S 57,35,34) (D 1,1,1)
0 1 17 310 670 9 (D 1,1,1) (S 36,61,72) (S 164,72,72) (S 26,72,71) (S 169,71,71) (S 98,53,54) (S 10,43,32) (S 157,32,32) (D 1,1,1)
0 1 18 695 525 7 (D 1,1,1) (S 42,19,9) (S 79,9,20) (S 110,31,32) (S 23,32,33) (S 55,33,32) (D 1,1,1)
0 1 19 344 158 3 (D 1,1,1) (S 107,24,13) (D 1,1,1)
0 1 20 1171 536 9 (D 1,1,1) (S 61,61,73) (S 70,73,72) (S 118,61,61) (S 83,61,50) (S 58,50,49) (S 45,49,60) (S 75,60,59) (D 1,1,1)
0 1 21 322 228 4 (D 1,1,1) (S 134,5,5) (S 49,6,17) (D 1,1,1)
0 1 22 649 371 4 (D 1,1,1) (S 8,39,49) (S 103,49,48) (D 1,1,1)
0 1 23 1064 569 9 (D 1,1,1) (S 112,39,50) (S 166,50,50) (S 22,49,38) (S 21,29,30) (S 72,30,31) (S 73,31,20) (S 148,7,7) (D 1,1,1)
0 1 24 1042 445 8 (D 1,1,1) (S 76,48,59) (S 90,62,51) (S 77,28,17) (S 165,17,17) (S 101,17,6) (S 120,15,15) (D 1,1,1)
0 1 25 950 428 6 (D 1,1,1) (S 7,16,5) (S 60,19,29) (S 38,39,28) (S 119,28,28) (D 1,1,1)
0 1 26 308 77 3 (D 1,1,1) (S 35,1,2) (D 1,1,1)
