365
6
2216148900
1751077301
0 1 1 37 103 15 (D 1,1,1) (S 18,9,19) (S 3,9,10) (S 35,10,10) (S 21,10,18) (S 14,18,19) (S 24,19,19) (S 19,8,12) (S 36,11,11) (S 13,6,15) (S 28,6,6) (S 6,11,12) (S 33,12,12) (S 37,17,17) (D 1,1,1)
0 1 2 16 43 6 (D 1,1,1) (S 11,5,14) (S 9,14,15) (S 10,15,16) (S 25,16,16) (D 1,1,1)
0 1 3 29 70 8 (D 1,1,1) (S 2,1,10) (S 32,8,8) (S 22,20,21) (S 7,21,22) (S 0,2,4) (S 23,4,1) (D 1,1,1)
0 1 4 10 18 4 (D 1,1,1) (S 29,5,5) (S 12,5,1) (D 1,1,1)
0 1 5 23 49 9 (D 1,1,1) (S 20,7,2) (S 1,2,22) (S 27,2,2) (S 8,2,3) (S 31,3,3) (S 17,3,9) (S 38,9,9) (D 1,1,1)
0 1 6 20 82 9 (D 1,1,1) (S 5,3,4) (S 30,4,4) (S 34,13,13) (S 4,13,22) (S 15,2,1) (S 26,7,7) (S 16,7,4) (D 1,1,1)
