4890
12
2033553600
1751070766
0 1 1 1415 534 8 (D 1,1,1) (S 43,11,12) (S 12,12,13) (S 17,13,14) (S 1,21,28) (S 11,26,27) (S 41,26,25) (D 1,1,1)
0 1 2 1032 351 8 (D 1,1,1) (S 4,2,7) (S 32,8,9) (S 9,9,14) (S 5,14,15) (S 46,15,15) (S 44,14,14) (D 1,1,1)
0 1 3 1498 431 8 (D 1,1,1) (S 13,3,4) (S 22,4,5) (S 6,5,10) (S 3,10,15) (S 19,15,22) (S 42,21,17) (D 1,1,1)
0 1 4 1396 465 7 (D 1,1,1) (S 45,3,3) (S 27,3,8) (S 37,13,17) (S 20,20,27) (S 23,27,28) (D 1,1,1)
0 1 5 1511 614 7 (D 1,1,1) (S 2,11,18) (S 35,28,29) (S 15,16,19) (S 14,19,24) (S 40,12,7) (D 1,1,1)
0 1 6 1398 358 6 (D 1,1,1) (S 48,11,11) (S 10,12,16) (S 8,19,20) (S 30,20,21) (D 1,1,1)
0 1 7 1511 396 6 (D 1,1,1) (S 29,1,6) (S 25,6,11) (S 31,23,24) (S 18,23,25) (D 1,1,1)
0 1 8 1487 438 6 (D 1,1,1) (S 21,18,19) (S 49,24,24) (S 24,24,26) (S 33,16,17) (D 1,1,1)
0 1 9 1083 158 4 (D 1,1,1) (S 28,1,2) (S 7,2,3) (D 1,1,1)
0 1 10 1162 304 4 (D 1,1,1) (S 38,4,9) (S 26,9,10) (D 1,1,1)
0 1 11 848 281 5 (D 1,1,1) (S 0,6,7) (S 36,7,8) (S 39,8,13) (D 1,1,1)
0 1 12 1353 560 5 (D 1,1,1) (S 34,22,29) (S 47,22,22) (S 16,18,23) (D 1,1,1)
