5638
7
12987480600
1751068463
0 1 1 295 873 13 (D 1,1,1) (S 68,69,69) (S 44,57,42) (S 70,41,41) (S 48,35,32) (S 39,34,32) (S 37,32,31) (S 13,31,23) (S 35,75,23) (S 19,75,22) (S 69,51,51) (S 7,51,49) (D 1,1,1)
0 1 2 295 1032 22 (D 1,1,1) (S 4,48,47) (S 28,51,21) (S 67,21,21) (S 56,52,52) (S 32,54,52) (S 10,52,50) (S 24,50,49) (S 30,47,46) (S 45,46,44) (S 57,6,6) (S 63,5,5) (S 3,5,4) (S 12,69,58) (S 14,61,60) (S 59,60,60) (S 22,60,58) (S 5,69,59) (S 65,3,3) (S 2,3,2) (S 6,2,1) (D 1,1,1)
0 1 3 45 326 4 (D 1,1,1) (S 49,59,44) (S 29,4,2) (D 1,1,1)
0 1 4 131 464 6 (D 1,1,1) (S 33,59,11) (S 61,12,12) (S 38,12,11) (S 31,10,9) (D 1,1,1)
0 1 5 244 907 12 (D 1,1,1) (S 41,59,58) (S 50,58,57) (S 46,41,35) (S 55,36,36) (S 21,33,32) (S 51,27,27) (S 62,26,26) (S 66,24,24) (S 27,22,21) (S 16,69,4) (D 1,1,1)
0 1 6 197 698 13 (D 1,1,1) (S 60,76,76) (S 1,76,20) (S 20,20,19) (S 25,19,18) (S 15,18,15) (S 40,17,15) (S 18,14,13) (S 54,13,13) (S 64,16,16) (S 17,16,13) (S 8,16,12) (D 1,1,1)
0 1 7 281 1338 15 (D 1,1,1) (S 42,44,43) (S 9,56,55) (S 53,67,67) (S 11,65,63) (S 0,63,62) (S 43,68,66) (S 47,66,62) (S 23,62,60) (S 26,21,19) (S 58,18,18) (S 52,73,73) (S 34,49,47) (S 36,45,44) (D 1,1,1)
