314
11
2290523100
1751077300
0 1 1 20 35 8 (D 1,1,1) (S 32,14,14) (S 20,14,18) (S 38,18,18) (S 33,21,21) (S 18,21,23) (S 27,23,26) (D 1,1,1)
0 1 2 18 48 8 (D 1,1,1) (S 21,13,14) (S 2,14,20) (S 34,20,20) (S 1,18,21) (S 11,16,17) (S 42,17,17) (D 1,1,1)
0 1 3 24 28 6 (D 1,1,1) (S 12,1,27) (S 10,8,24) (S 13,24,27) (S 26,26,27) (D 1,1,1)
0 1 4 12 16 4 (D 1,1,1) (S 3,1,15) (S 25,15,17) (D 1,1,1)
0 1 5 9 19 4 (D 1,1,1) (S 0,12,13) (S 29,13,15) (D 1,1,1)
0 1 6 16 33 7 (D 1,1,1) (S 22,1,24) (S 39,22,22) (S 4,22,25) (S 6,25,26) (S 14,23,24) (D 1,1,1)
0 1 7 17 60 7 (D 1,1,1) (S 30,3,3) (S 28,3,6) (S 15,6,9) (S 19,15,20) (S 23,21,22) (D 1,1,1)
0 1 8 20 18 6 (D 1,1,1) (S 16,1,19) (S 5,4,5) (S 44,5,5) (S 8,5,9) (D 1,1,1)
0 1 9 4 20 6 (D 1,1,1) (S 36,6,6) (S 37,7,7) (S 35,10,10) (S 17,4,19) (D 1,1,1)
0 1 10 14 28 5 (D 1,1,1) (S 7,3,8) (S 31,8,8) (S 9,8,9) (D 1,1,1)
0 1 11 5 9 6 (D 1,1,1) (S 40,4,4) (S 43,12,12) (S 41,2,2) (S 24,2,1) (D 1,1,1)
