437
9
19408681200
1751078025
0 1 1 55 75 14 (D 1,1,1) (S 8,2,36) (S 24,38,39) (S 38,39,5) (S 79,5,5) (S 39,37,30) (S 75,31,31) (S 27,31,37) (S 1,29,36) (S 64,36,36) (S 30,35,34) (S 41,26,33) (S 73,33,33) (D 1,1,1)
0 1 2 54 69 15 (D 1,1,1) (S 7,1,6) (S 58,6,6) (S 10,13,19) (S 26,18,13) (S 59,7,7) (S 52,7,6) (S 16,13,18) (S 61,18,18) (S 40,18,17) (S 66,15,15) (S 33,15,16) (S 74,16,16) (S 29,16,10) (D 1,1,1)
0 1 3 48 39 10 (D 1,1,1) (S 2,35,36) (S 4,29,30) (S 18,30,31) (S 14,31,38) (S 62,38,38) (S 71,37,37) (S 32,37,3) (S 0,3,7) (D 1,1,1)
0 1 4 29 27 9 (D 1,1,1) (S 51,1,8) (S 17,8,9) (S 19,9,10) (S 67,10,10) (S 22,10,9) (S 28,9,8) (S 54,8,8) (D 1,1,1)
0 1 5 13 20 6 (D 1,1,1) (S 49,2,3) (S 78,3,3) (S 31,3,4) (S 57,4,4) (D 1,1,1)
0 1 6 59 55 14 (D 1,1,1) (S 11,33,34) (S 70,27,27) (S 12,27,34) (S 9,26,27) (S 55,28,28) (S 15,26,34) (S 37,34,35) (S 60,35,35) (S 20,1,2) (S 25,2,6) (S 35,6,2) (S 47,2,1) (D 1,1,1)
0 1 7 33 43 12 (D 1,1,1) (S 63,22,22) (S 5,22,25) (S 13,23,24) (S 53,24,24) (S 42,24,21) (S 50,21,20) (S 69,20,20) (S 43,20,17) (S 56,17,17) (S 77,12,12) (D 1,1,1)
0 1 8 37 46 10 (D 1,1,1) (S 48,1,40) (S 36,40,1) (S 3,8,14) (S 65,14,14) (S 34,11,12) (S 21,12,11) (S 72,11,11) (S 46,11,1) (D 1,1,1)
0 1 9 24 63 8 (D 1,1,1) (S 76,21,21) (S 45,21,22) (S 68,32,32) (S 6,32,39) (S 23,39,38) (S 44,37,36) (D 1,1,1)
