342
10
10935053400
1751078021
0 1 1 40 32 9 (D 1,1,1) (S 2,2,8) (S 6,8,9) (S 29,9,4) (S 54,4,4) (S 57,3,3) (S 24,3,2) (S 34,2,1) (D 1,1,1)
0 1 2 35 27 11 (D 1,1,1) (S 12,1,31) (S 52,5,5) (S 26,5,6) (S 39,6,11) (S 33,11,12) (S 58,12,12) (S 19,12,11) (S 55,11,11) (S 9,6,31) (D 1,1,1)
0 1 3 42 51 9 (D 1,1,1) (S 18,1,2) (S 60,2,2) (S 48,9,9) (S 4,13,19) (S 35,19,22) (S 11,21,22) (S 42,13,13) (D 1,1,1)
0 1 4 41 60 8 (D 1,1,1) (S 0,4,13) (S 28,19,20) (S 5,20,22) (S 50,21,21) (S 22,19,18) (S 17,18,19) (D 1,1,1)
0 1 5 1 6 3 (D 1,1,1) (S 47,31,31) (D 1,1,1)
0 1 6 11 16 5 (D 1,1,1) (S 32,30,29) (S 53,29,29) (S 3,29,31) (D 1,1,1)
0 1 7 12 8 4 (D 1,1,1) (S 21,1,30) (S 15,30,1) (D 1,1,1)
0 1 8 30 36 9 (D 1,1,1) (S 43,7,7) (S 16,7,6) (S 13,6,5) (S 49,10,10) (S 14,16,17) (S 44,17,17) (S 25,17,11) (D 1,1,1)
0 1 9 45 62 17 (D 1,1,1) (S 30,14,10) (S 38,14,15) (S 45,15,15) (S 20,10,5) (S 23,5,31) (S 31,28,26) (S 46,27,27) (S 59,26,26) (S 10,26,27) (S 40,24,24) (S 1,23,25) (S 61,25,25) (S 56,23,23) (S 27,23,26) (S 8,28,31) (D 1,1,1)
0 1 10 25 44 7 (D 1,1,1) (S 7,8,12) (S 37,12,18) (S 51,18,18) (S 36,18,21) (S 41,19,19) (D 1,1,1)
