324
9
1932589800
1751078196
0 1 1 44 57 10 (D 1,1,1) (S 8,20,21) (S 37,21,21) (S 13,21,24) (S 25,24,21) (S 14,1,11) (S 27,11,11) (S 34,6,6) (S 21,6,5) (D 1,1,1)
0 1 2 13 16 7 (D 1,1,1) (S 32,9,9) (S 36,3,3) (S 1,3,10) (S 19,10,2) (S 33,5,5) (D 1,1,1)
0 1 3 23 46 7 (D 1,1,1) (S 38,7,7) (S 17,13,17) (S 29,17,17) (S 24,16,17) (S 2,6,11) (D 1,1,1)
0 1 4 14 14 4 (D 1,1,1) (S 9,1,19) (S 31,19,19) (D 1,1,1)
0 1 5 11 24 4 (D 1,1,1) (S 12,9,19) (S 23,15,20) (D 1,1,1)
0 1 6 29 43 7 (D 1,1,1) (S 4,1,20) (S 20,20,15) (S 22,15,21) (S 26,22,22) (S 6,23,24) (D 1,1,1)
0 1 7 13 38 7 (D 1,1,1) (S 30,2,2) (S 16,2,4) (S 35,4,4) (S 7,12,16) (S 18,16,15) (D 1,1,1)
0 1 8 27 44 6 (D 1,1,1) (S 5,6,12) (S 15,12,17) (S 3,13,14) (S 39,18,18) (D 1,1,1)
0 1 9 18 42 6 (D 1,1,1) (S 10,8,14) (S 28,14,14) (S 0,14,18) (S 11,12,11) (D 1,1,1)
