506
7
119421000
1751077284
0 1 1 33 96 6 (D 1,1,1) (S 3,1,4) (S 5,4,11) (S 20,11,11) (S 13,11,13) (D 1,1,1)
0 1 2 31 84 6 (D 1,1,1) (S 0,4,5) (S 9,5,10) (S 7,6,12) (S 16,12,12) (D 1,1,1)
0 1 3 15 31 4 (D 1,1,1) (S 10,1,3) (S 11,3,6) (D 1,1,1)
0 1 4 13 70 5 (D 1,1,1) (S 21,2,2) (S 1,2,8) (S 12,8,12) (D 1,1,1)
0 1 5 16 99 6 (D 1,1,1) (S 4,8,9) (S 18,9,9) (S 17,7,7) (S 8,2,3) (D 1,1,1)
0 1 6 9 78 4 (D 1,1,1) (S 6,1,5) (S 15,4,10) (D 1,1,1)
0 1 7 23 48 5 (D 1,1,1) (S 2,2,6) (S 14,6,10) (S 19,10,10) (D 1,1,1)
