569
9
19267983600
1751078032
0 1 1 64 100 14 (D 1,1,1) (S 5,5,8) (S 28,7,4) (S 60,4,4) (S 22,8,14) (S 53,25,25) (S 45,30,29) (S 27,29,30) (S 32,26,23) (S 63,23,23) (S 47,23,18) (S 57,18,18) (S 8,15,19) (D 1,1,1)
0 1 2 65 80 12 (D 1,1,1) (S 31,12,11) (S 11,11,20) (S 14,20,24) (S 0,24,27) (S 71,27,27) (S 23,20,16) (S 2,16,17) (S 55,17,17) (S 26,17,14) (S 15,14,15) (D 1,1,1)
0 1 3 58 67 15 (D 1,1,1) (S 69,3,3) (S 12,3,10) (S 9,10,15) (S 67,15,15) (S 16,15,9) (S 17,9,15) (S 61,14,14) (S 34,14,13) (S 59,12,12) (S 7,12,13) (S 66,8,8) (S 52,7,7) (S 36,4,5) (D 1,1,1)
0 1 4 11 24 5 (D 1,1,1) (S 38,9,10) (S 39,10,9) (S 49,9,9) (D 1,1,1)
0 1 5 45 85 10 (D 1,1,1) (S 10,10,19) (S 13,17,22) (S 21,22,29) (S 65,29,29) (S 51,30,30) (S 3,26,30) (S 37,26,18) (S 19,14,8) (D 1,1,1)
0 1 6 51 99 13 (D 1,1,1) (S 25,7,12) (S 35,13,16) (S 50,16,16) (S 4,21,28) (S 54,28,28) (S 30,21,29) (S 18,29,28) (S 68,24,24) (S 20,16,11) (S 33,11,12) (S 24,13,8) (D 1,1,1)
0 1 7 7 6 3 (D 1,1,1) (S 6,1,5) (D 1,1,1)
0 1 8 1 8 3 (D 1,1,1) (S 64,2,2) (D 1,1,1)
0 1 9 55 100 15 (D 1,1,1) (S 48,7,6) (S 56,6,6) (S 44,6,11) (S 43,11,16) (S 70,21,21) (S 29,25,29) (S 42,29,22) (S 41,22,21) (S 46,21,20) (S 58,20,20) (S 40,20,21) (S 62,22,22) (S 1,17,18) (D 1,1,1)
