396
10
8649288600
1751077473
0 1 1 28 20 5 (D 1,1,1) (S 49,1,2) (S 3,2,8) (S 9,8,9) (D 1,1,1)
0 1 2 41 51 9 (D 1,1,1) (S 35,7,8) (S 60,8,8) (S 61,2,2) (S 51,3,3) (S 16,9,13) (S 6,13,19) (S 63,19,19) (D 1,1,1)
0 1 3 40 56 10 (D 1,1,1) (S 12,1,31) (S 50,6,6) (S 47,6,11) (S 36,11,12) (S 65,12,12) (S 57,18,18) (S 29,19,20) (S 5,20,22) (D 1,1,1)
0 1 4 38 30 9 (D 1,1,1) (S 8,3,4) (S 62,4,4) (S 0,4,13) (S 40,13,12) (S 27,12,13) (S 26,3,2) (S 37,2,1) (D 1,1,1)
0 1 5 33 21 8 (D 1,1,1) (S 46,29,28) (S 59,28,28) (S 32,28,26) (S 11,26,27) (S 1,27,29) (S 4,29,31) (D 1,1,1)
0 1 6 44 47 12 (D 1,1,1) (S 42,31,5) (S 54,10,10) (S 13,10,11) (S 52,11,11) (S 17,6,5) (S 64,5,5) (S 25,5,31) (S 58,23,23) (S 14,23,24) (S 45,25,28) (D 1,1,1)
0 1 7 12 8 4 (D 1,1,1) (S 23,1,30) (S 19,30,1) (D 1,1,1)
0 1 8 43 73 10 (D 1,1,1) (S 30,9,4) (S 44,12,18) (S 41,18,21) (S 7,21,22) (S 22,19,18) (S 21,18,19) (S 2,19,21) (S 53,21,21) (D 1,1,1)
0 1 9 43 50 8 (D 1,1,1) (S 10,1,7) (S 20,7,6) (S 38,29,30) (S 33,30,29) (S 15,24,27) (S 43,26,28) (D 1,1,1)
0 1 10 38 40 11 (D 1,1,1) (S 39,10,16) (S 18,16,17) (S 56,17,17) (S 28,17,11) (S 48,14,15) (S 55,15,15) (S 34,15,14) (S 31,14,10) (S 24,10,5) (D 1,1,1)
