4088
12
62658795000
1751070666
0 1 1 375 110 6 (D 1,1,1) (S 66,2,2) (S 28,9,9) (S 75,16,16) (S 14,16,1) (D 1,1,1)
0 1 2 1 102 3 (D 1,1,1) (S 19,17,17) (D 1,1,1)
0 1 3 1429 498 21 (D 1,1,1) (S 48,3,3) (S 50,5,5) (S 5,5,12) (S 41,12,12) (S 77,11,11) (S 80,19,19) (S 13,35,48) (S 69,48,48) (S 18,47,47) (S 4,47,48) (S 70,49,49) (S 1,49,64) (S 33,64,64) (S 29,63,63) (S 7,63,55) (S 23,46,46) (S 47,45,45) (S 38,32,32) (S 35,26,26) (D 1,1,1)
0 1 4 349 453 11 (D 1,1,1) (S 30,18,18) (S 74,27,27) (S 72,34,34) (S 61,35,35) (S 45,57,57) (S 71,58,58) (S 15,59,50) (S 57,50,50) (S 78,22,22) (D 1,1,1)
0 1 5 1 120 3 (D 1,1,1) (S 22,10,10) (D 1,1,1)
0 1 6 573 342 10 (D 1,1,1) (S 3,18,19) (S 67,20,20) (S 51,21,21) (S 64,28,28) (S 2,28,38) (S 24,38,38) (S 58,37,37) (S 73,36,36) (D 1,1,1)
0 1 7 330 594 19 (D 1,1,1) (S 20,33,33) (S 62,55,55) (S 0,55,56) (S 54,56,56) (S 27,65,65) (S 16,65,66) (S 49,66,66) (S 60,59,59) (S 55,60,60) (S 26,61,61) (S 25,52,52) (S 42,42,42) (S 59,40,40) (S 17,39,39) (S 65,29,29) (S 36,23,23) (S 10,21,20) (D 1,1,1)
0 1 8 172 294 4 (D 1,1,1) (S 56,62,62) (S 12,62,54) (D 1,1,1)
0 1 9 655 180 4 (D 1,1,1) (S 9,4,11) (S 6,11,5) (D 1,1,1)
0 1 10 1 120 3 (D 1,1,1) (S 37,4,4) (D 1,1,1)
0 1 11 205 663 9 (D 1,1,1) (S 31,67,67) (S 76,68,68) (S 39,69,69) (S 53,53,53) (S 63,44,44) (S 11,39,40) (S 32,24,24) (D 1,1,1)
0 1 12 324 612 13 (D 1,1,1) (S 40,6,6) (S 46,14,14) (S 79,7,7) (S 81,8,8) (S 21,15,15) (S 43,25,25) (S 68,31,31) (S 44,41,41) (S 34,43,43) (S 52,51,51) (S 8,51,50) (D 1,1,1)
