639
9
25242214500
1751078126
0 1 1 61 64 18 (D 1,1,1) (S 3,13,14) (S 62,14,14) (S 13,14,15) (S 53,15,15) (S 29,15,9) (S 51,9,9) (S 4,9,10) (S 54,10,10) (S 42,10,3) (S 73,3,3) (S 22,3,4) (S 63,4,4) (S 10,4,11) (S 72,11,11) (S 15,11,10) (S 61,2,2) (D 1,1,1)
0 1 2 61 127 13 (D 1,1,1) (S 41,29,25) (S 11,25,26) (S 38,26,20) (S 39,10,11) (S 19,17,11) (S 32,11,5) (S 45,5,11) (S 46,5,4) (S 65,7,7) (S 47,7,1) (S 52,6,6) (D 1,1,1)
0 1 3 34 52 6 (D 1,1,1) (S 7,13,19) (S 17,19,18) (S 0,6,12) (S 70,12,12) (D 1,1,1)
0 1 4 55 98 13 (D 1,1,1) (S 24,2,8) (S 56,8,8) (S 16,8,9) (S 49,16,16) (S 35,17,24) (S 57,24,24) (S 25,24,34) (S 36,22,28) (S 74,21,21) (S 40,21,15) (S 27,7,6) (D 1,1,1)
0 1 5 39 69 11 (D 1,1,1) (S 8,12,19) (S 5,19,25) (S 43,25,30) (S 37,31,32) (S 69,32,32) (S 33,32,33) (S 6,33,34) (S 30,34,28) (S 67,28,28) (D 1,1,1)
0 1 6 70 98 18 (D 1,1,1) (S 34,16,23) (S 2,22,23) (S 60,23,23) (S 12,23,28) (S 23,28,34) (S 55,34,34) (S 1,28,33) (S 44,33,32) (S 18,32,31) (S 50,30,30) (S 48,30,25) (S 71,25,25) (S 68,29,29) (S 31,29,18) (S 66,18,18) (S 20,18,12) (D 1,1,1)
0 1 7 17 30 4 (D 1,1,1) (S 9,2,13) (S 59,13,13) (D 1,1,1)
0 1 8 24 59 7 (D 1,1,1) (S 21,19,20) (S 28,20,14) (S 14,21,27) (S 75,27,27) (S 58,26,26) (D 1,1,1)
0 1 9 4 42 4 (D 1,1,1) (S 64,20,20) (S 26,20,26) (D 1,1,1)
