169
10
1136864100
1751077298
0 1 1 24 21 9 (D 1,1,1) (S 8,1,5) (S 3,5,8) (S 20,8,9) (S 32,7,7) (S 5,7,10) (S 33,10,10) (S 36,4,4) (D 1,1,1)
0 1 2 18 17 8 (D 1,1,1) (S 40,2,2) (S 1,2,6) (S 13,6,7) (S 38,3,3) (S 35,5,5) (S 18,5,10) (D 1,1,1)
0 1 3 20 20 6 (D 1,1,1) (S 30,2,3) (S 12,3,7) (S 25,3,8) (S 28,8,11) (D 1,1,1)
0 1 4 16 16 5 (D 1,1,1) (S 7,2,4) (S 9,6,10) (S 19,6,8) (D 1,1,1)
0 1 5 17 25 5 (D 1,1,1) (S 21,2,5) (S 11,5,9) (S 23,9,11) (D 1,1,1)
0 1 6 13 11 5 (D 1,1,1) (S 17,1,4) (S 14,4,7) (S 10,7,11) (D 1,1,1)
0 1 7 15 9 6 (D 1,1,1) (S 26,2,7) (S 22,7,9) (S 15,7,8) (S 41,8,8) (D 1,1,1)
0 1 8 11 17 6 (D 1,1,1) (S 29,6,11) (S 39,11,11) (S 31,3,9) (S 27,3,11) (D 1,1,1)
0 1 9 9 17 6 (D 1,1,1) (S 4,1,3) (S 0,3,4) (S 24,4,6) (S 37,6,6) (D 1,1,1)
0 1 10 11 16 6 (D 1,1,1) (S 16,4,9) (S 34,9,9) (S 2,9,10) (S 6,10,11) (D 1,1,1)
