420
9
22670488800
1751078135
0 1 1 1 8 3 (D 1,1,1) (S 54,35,35) (D 1,1,1)
0 1 2 34 64 14 (D 1,1,1) (S 8,22,25) (S 57,23,23) (S 41,24,21) (S 43,21,22) (S 73,13,13) (S 12,18,19) (S 75,18,18) (S 24,18,13) (S 29,3,4) (S 51,4,4) (S 71,2,2) (S 45,2,1) (D 1,1,1)
0 1 3 38 63 12 (D 1,1,1) (S 46,1,40) (S 68,40,40) (S 11,27,34) (S 36,34,35) (S 48,16,15) (S 31,15,16) (S 33,11,12) (S 72,12,12) (S 19,12,11) (S 69,11,11) (D 1,1,1)
0 1 4 47 43 13 (D 1,1,1) (S 6,1,6) (S 61,6,6) (S 70,7,7) (S 26,3,37) (S 52,37,37) (S 39,37,30) (S 5,29,30) (S 17,30,31) (S 28,31,37) (S 30,37,3) (S 74,3,3) (D 1,1,1)
0 1 5 55 45 10 (D 1,1,1) (S 10,1,35) (S 1,35,36) (S 35,37,38) (S 21,38,39) (S 22,32,31) (S 67,31,31) (S 0,29,36) (S 56,36,36) (D 1,1,1)
0 1 6 45 37 10 (D 1,1,1) (S 25,1,11) (S 2,11,16) (S 60,16,16) (S 4,14,15) (S 18,15,9) (S 20,10,9) (S 59,9,9) (S 23,8,40) (D 1,1,1)
0 1 7 8 19 5 (D 1,1,1) (S 62,8,8) (S 16,8,9) (S 63,10,10) (D 1,1,1)
0 1 8 45 78 14 (D 1,1,1) (S 34,21,24) (S 9,24,25) (S 47,21,20) (S 64,20,20) (S 15,33,26) (S 66,26,26) (S 40,26,33) (S 58,33,33) (S 13,33,34) (S 65,27,27) (S 49,28,28) (S 32,28,35) (D 1,1,1)
0 1 9 57 63 13 (D 1,1,1) (S 14,2,36) (S 53,38,38) (S 7,32,39) (S 50,39,39) (S 38,39,5) (S 37,5,39) (S 44,5,4) (S 3,7,13) (S 55,22,22) (S 42,20,17) (S 27,17,13) (D 1,1,1)
