9704
18
251900409900
1751070624
0 1 1 37 222 6 (D 1,1,1) (S 108,114,114) (S 79,113,113) (S 60,116,117) (S 27,2,117) (D 1,1,1)
0 1 2 145 854 12 (D 1,1,1) (S 114,78,78) (S 82,43,43) (S 28,34,139) (S 87,11,11) (S 3,11,12) (S 22,12,13) (S 88,13,13) (S 66,13,14) (S 23,11,33) (S 11,33,139) (D 1,1,1)
0 1 3 87 464 11 (D 1,1,1) (S 105,84,84) (S 75,82,82) (S 78,46,46) (S 58,46,77) (S 40,77,78) (S 19,78,79) (S 14,79,80) (S 68,80,82) (S 8,82,84) (D 1,1,1)
0 1 4 59 208 4 (D 1,1,1) (S 7,114,118) (S 84,118,118) (D 1,1,1)
0 1 5 149 876 16 (D 1,1,1) (S 59,117,119) (S 112,80,80) (S 0,43,44) (S 21,44,45) (S 86,139,139) (S 111,29,29) (S 32,28,30) (S 29,30,32) (S 92,30,30) (S 61,34,45) (S 26,43,46) (S 41,84,85) (S 48,85,86) (S 57,86,87) (D 1,1,1)
0 1 6 3 413 5 (D 1,1,1) (S 107,125,125) (S 91,134,134) (S 101,135,135) (D 1,1,1)
0 1 7 47 364 5 (D 1,1,1) (S 110,124,124) (S 69,124,126) (S 70,126,130) (D 1,1,1)
0 1 8 149 1045 17 (D 1,1,1) (S 99,6,6) (S 96,5,5) (S 50,5,6) (S 12,6,8) (S 1,8,9) (S 98,10,10) (S 102,15,15) (S 97,16,16) (S 89,48,48) (S 33,49,140) (S 36,55,56) (S 100,64,64) (S 5,102,104) (S 42,110,111) (S 43,110,112) (D 1,1,1)
0 1 9 18 36 3 (D 1,1,1) (S 63,1,116) (D 1,1,1)
0 1 10 141 442 5 (D 1,1,1) (S 10,107,108) (S 49,108,109) (S 6,107,112) (D 1,1,1)
0 1 11 8 194 3 (D 1,1,1) (S 65,107,110) (D 1,1,1)
0 1 12 133 1101 14 (D 1,1,1) (S 2,69,71) (S 56,72,73) (S 31,8,11) (S 46,27,28) (S 45,28,29) (S 30,36,38) (S 90,38,38) (S 71,36,37) (S 93,42,42) (S 95,92,92) (S 77,88,88) (S 81,103,103) (D 1,1,1)
0 1 13 4 160 3 (D 1,1,1) (S 74,112,113) (D 1,1,1)
0 1 14 56 572 6 (D 1,1,1) (S 15,97,98) (S 25,95,96) (S 55,96,97) (S 44,106,107) (D 1,1,1)
0 1 15 147 816 14 (D 1,1,1) (S 109,37,37) (S 103,36,36) (S 9,38,39) (S 51,39,40) (S 52,37,43) (S 24,44,73) (S 4,71,72) (S 85,70,70) (S 83,62,62) (S 72,62,66) (S 37,104,105) (S 17,105,106) (D 1,1,1)
0 1 16 103 714 12 (D 1,1,1) (S 54,66,67) (S 35,67,69) (S 20,62,63) (S 18,63,64) (S 34,64,65) (S 13,55,140) (S 53,48,49) (S 104,49,49) (S 94,61,61) (S 16,67,68) (D 1,1,1)
0 1 17 136 1071 12 (D 1,1,1) (S 73,54,55) (S 113,54,54) (S 47,11,27) (S 76,25,25) (S 38,20,22) (S 80,20,20) (S 67,20,24) (S 39,24,25) (S 62,25,27) (S 106,76,76) (D 1,1,1)
0 1 18 12 152 3 (D 1,1,1) (S 64,113,114) (D 1,1,1)
