16225
28
1078246636500
1751071057
0 1 1 1513 804 11 (D 1,1,1) (S 185,46,46) (S 200,47,47) (S 23,47,37) (S 41,46,57) (S 25,46,45) (S 97,18,19) (S 86,19,7) (S 40,7,20) (S 49,28,27) (D 1,1,1)
0 1 2 1212 281 9 (D 1,1,1) (S 101,4,16) (S 19,16,4) (S 102,17,27) (S 194,27,27) (S 73,27,38) (S 27,37,25) (S 21,15,14) (D 1,1,1)
0 1 3 959 485 6 (D 1,1,1) (S 145,45,44) (S 45,45,36) (S 22,37,36) (S 89,28,29) (D 1,1,1)
0 1 4 1757 735 16 (D 1,1,1) (S 171,71,71) (S 136,71,82) (S 172,82,82) (S 167,84,84) (S 42,84,73) (S 153,73,73) (S 77,73,61) (S 161,61,61) (S 90,50,31) (S 92,31,21) (S 50,31,20) (S 187,20,20) (S 118,20,30) (S 87,19,18) (D 1,1,1)
0 1 5 465 76 4 (D 1,1,1) (S 60,1,2) (S 39,2,14) (D 1,1,1)
0 1 6 293 76 3 (D 1,1,1) (S 38,14,13) (D 1,1,1)
0 1 7 398 120 3 (D 1,1,1) (S 135,14,24) (D 1,1,1)
0 1 8 236 156 3 (D 1,1,1) (S 150,23,24) (D 1,1,1)
0 1 9 1 76 3 (D 1,1,1) (S 206,2,2) (D 1,1,1)
0 1 10 1 116 3 (D 1,1,1) (S 177,23,23) (D 1,1,1)
0 1 11 167 116 3 (D 1,1,1) (S 18,23,13) (D 1,1,1)
0 1 12 1 120 3 (D 1,1,1) (S 181,24,24) (D 1,1,1)
0 1 13 1702 534 9 (D 1,1,1) (S 94,5,6) (S 124,20,8) (S 8,22,32) (S 117,40,32) (S 16,32,31) (S 183,31,31) (S 54,31,30) (D 1,1,1)
0 1 14 168 217 3 (D 1,1,1) (S 51,17,5) (D 1,1,1)
0 1 15 1734 717 16 (D 1,1,1) (S 15,47,48) (S 209,48,48) (S 30,48,59) (S 166,59,59) (S 205,68,68) (S 207,93,93) (S 189,109,109) (S 5,109,122) (S 129,121,120) (S 155,120,120) (S 116,107,94) (S 147,81,70) (S 162,69,69) (S 26,69,68) (D 1,1,1)
0 1 16 1702 867 19 (D 1,1,1) (S 36,10,11) (S 2,11,33) (S 199,33,33) (S 110,85,98) (S 76,97,110) (S 179,110,110) (S 105,110,123) (S 168,122,122) (S 112,122,123) (S 184,121,121) (S 33,121,108) (S 125,95,94) (S 109,94,107) (S 211,107,107) (S 108,107,106) (S 202,105,105) (S 149,105,92) (D 1,1,1)
0 1 17 1 120 3 (D 1,1,1) (S 160,3,3) (D 1,1,1)
0 1 18 1706 892 14 (D 1,1,1) (S 88,22,21) (S 157,49,49) (S 106,49,59) (S 139,59,69) (S 59,68,79) (S 44,83,72) (S 186,72,72) (S 79,72,71) (S 176,70,70) (S 107,58,57) (S 146,54,43) (S 82,43,44) (D 1,1,1)
0 1 19 1602 891 11 (D 1,1,1) (S 37,33,32) (S 126,98,111) (S 154,111,111) (S 13,112,99) (S 127,99,98) (S 74,97,96) (S 7,96,109) (S 68,106,93) (S 114,47,38) (D 1,1,1)
0 1 20 1538 861 12 (D 1,1,1) (S 156,12,12) (S 35,12,11) (S 104,40,51) (S 91,52,41) (S 20,53,52) (S 52,52,62) (S 195,75,75) (S 17,75,63) (S 72,53,63) (S 81,63,62) (D 1,1,1)
0 1 21 1691 983 18 (D 1,1,1) (S 103,24,25) (S 65,18,6) (S 203,34,34) (S 62,34,42) (S 191,42,42) (S 163,53,53) (S 158,62,62) (S 56,62,74) (S 6,110,111) (S 210,119,119) (S 69,119,106) (S 188,106,106) (S 10,80,69) (S 63,69,59) (S 132,59,68) (S 182,37,37) (D 1,1,1)
0 1 22 1723 1124 18 (D 1,1,1) (S 11,57,56) (S 198,65,65) (S 85,65,66) (S 121,104,105) (S 175,115,115) (S 130,115,102) (S 70,102,101) (S 208,114,114) (S 204,117,117) (S 178,118,118) (S 120,120,107) (S 137,111,112) (S 96,98,97) (S 46,78,67) (S 180,57,57) (S 148,57,46) (D 1,1,1)
0 1 23 1717 1009 12 (D 1,1,1) (S 84,25,26) (S 151,26,26) (S 119,48,49) (S 80,49,39) (S 159,39,39) (S 98,81,94) (S 113,94,93) (S 169,90,90) (S 24,90,91) (S 14,104,91) (D 1,1,1)
0 1 24 1636 1166 18 (D 1,1,1) (S 192,7,7) (S 93,7,8) (S 57,51,61) (S 58,61,60) (S 32,50,51) (S 197,113,113) (S 123,113,126) (S 174,124,124) (S 61,124,111) (S 67,99,86) (S 75,85,84) (S 143,73,72) (S 0,82,95) (S 196,92,92) (S 34,39,29) (S 190,29,29) (D 1,1,1)
0 1 25 1705 1017 10 (D 1,1,1) (S 4,57,67) (S 71,93,106) (S 100,103,102) (S 122,102,115) (S 144,109,110) (S 1,75,87) (S 111,87,86) (S 164,86,86) (D 1,1,1)
0 1 26 1630 743 15 (D 1,1,1) (S 31,105,104) (S 64,104,117) (S 48,117,116) (S 47,116,103) (S 165,103,103) (S 83,76,88) (S 193,88,88) (S 78,88,76) (S 9,64,65) (S 53,65,55) (S 138,55,56) (S 140,56,66) (S 133,66,67) (D 1,1,1)
0 1 27 1663 1057 13 (D 1,1,1) (S 152,54,54) (S 115,54,55) (S 55,55,44) (S 131,49,50) (S 128,60,72) (S 95,71,70) (S 201,89,89) (S 66,89,102) (S 99,88,101) (S 173,102,102) (S 3,103,104) (D 1,1,1)
0 1 28 1747 866 10 (D 1,1,1) (S 28,11,12) (S 141,74,62) (S 142,98,99) (S 170,99,99) (S 29,99,100) (S 43,62,61) (S 134,60,50) (S 12,39,38) (D 1,1,1)
