728
6
69000672900
1751077719
0 1 1 116 131 25 (D 1,1,1) (S 73,7,7) (S 15,9,10) (S 29,10,15) (S 28,15,14) (S 77,14,14) (S 52,14,15) (S 21,15,10) (S 79,3,3) (S 82,2,2) (S 11,2,8) (S 32,8,9) (S 44,9,14) (S 55,14,24) (S 90,24,24) (S 37,24,14) (S 13,25,31) (S 72,35,35) (S 1,35,39) (S 49,39,36) (S 36,36,40) (S 91,40,40) (S 6,37,41) (S 23,10,9) (D 1,1,1)
0 1 2 105 176 26 (D 1,1,1) (S 64,13,23) (S 85,23,23) (S 3,23,24) (S 10,30,31) (S 74,31,31) (S 17,31,32) (S 75,32,32) (S 45,32,36) (S 92,36,36) (S 18,39,40) (S 63,37,33) (S 70,20,17) (S 53,16,19) (S 50,19,26) (S 81,26,26) (S 24,24,25) (S 27,25,26) (S 62,26,25) (S 88,25,25) (S 65,23,29) (S 83,29,29) (S 26,29,23) (S 33,23,13) (S 19,7,13) (D 1,1,1)
0 1 3 108 231 30 (D 1,1,1) (S 30,14,23) (S 59,30,29) (S 95,34,34) (S 4,38,39) (S 35,38,34) (S 47,34,38) (S 39,34,35) (S 34,35,36) (S 14,21,20) (S 0,4,5) (S 5,5,11) (S 58,11,16) (S 68,16,11) (S 22,11,10) (S 56,26,32) (S 76,27,27) (S 60,27,33) (S 16,33,37) (S 80,37,37) (S 97,33,33) (S 61,12,6) (S 93,6,6) (S 25,6,12) (S 38,12,11) (S 96,4,4) (S 54,4,10) (S 78,10,10) (S 42,9,3) (D 1,1,1)
0 1 4 78 125 18 (D 1,1,1) (S 48,11,12) (S 46,19,20) (S 89,20,20) (S 67,20,19) (S 69,19,16) (S 84,16,16) (S 87,17,17) (S 57,17,20) (S 9,20,27) (S 12,21,27) (S 7,27,28) (S 2,21,22) (S 71,22,22) (S 40,32,31) (S 41,30,24) (S 20,25,15) (D 1,1,1)
0 1 5 2 2 4 (D 1,1,1) (S 51,1,2) (S 43,2,1) (D 1,1,1)
0 1 6 28 63 7 (D 1,1,1) (S 94,13,13) (S 66,13,14) (S 31,10,11) (S 8,16,17) (S 86,18,18) (D 1,1,1)
