163
8
499056600
1751077290
0 1 1 20 19 9 (D 1,1,1) (S 25,1,4) (S 31,4,4) (S 27,4,9) (S 11,9,11) (S 35,6,6) (S 13,6,8) (S 32,8,8) (D 1,1,1)
0 1 2 20 12 5 (D 1,1,1) (S 26,1,2) (S 7,2,4) (S 12,4,11) (D 1,1,1)
0 1 3 23 26 5 (D 1,1,1) (S 9,5,10) (S 8,3,9) (S 0,9,10) (D 1,1,1)
0 1 4 5 2 4 (D 1,1,1) (S 6,1,3) (S 33,3,3) (D 1,1,1)
0 1 5 26 25 7 (D 1,1,1) (S 24,1,11) (S 2,7,11) (S 1,7,9) (S 17,4,6) (S 5,6,7) (D 1,1,1)
0 1 6 17 19 6 (D 1,1,1) (S 3,1,7) (S 29,2,8) (S 22,2,3) (S 28,3,11) (D 1,1,1)
0 1 7 19 27 10 (D 1,1,1) (S 19,5,8) (S 18,2,11) (S 21,3,5) (S 36,5,5) (S 10,5,7) (S 4,7,10) (S 34,10,10) (S 23,1,9) (D 1,1,1)
0 1 8 26 33 7 (D 1,1,1) (S 20,6,9) (S 16,4,5) (S 14,5,11) (S 30,2,2) (S 15,2,5) (D 1,1,1)
