162
7
1600876200
1751077990
0 1 1 8 6 6 (D 1,1,1) (S 32,3,3) (S 9,3,4) (S 25,4,4) (S 13,4,2) (D 1,1,1)
0 1 2 14 35 9 (D 1,1,1) (S 27,15,15) (S 28,16,16) (S 8,16,17) (S 6,13,17) (S 15,17,18) (S 10,13,12) (S 19,9,3) (D 1,1,1)
0 1 3 17 27 10 (D 1,1,1) (S 22,5,6) (S 11,12,6) (S 4,6,7) (S 30,8,8) (S 31,7,7) (S 14,6,12) (S 29,12,12) (S 34,10,10) (D 1,1,1)
0 1 4 6 17 4 (D 1,1,1) (S 7,10,11) (S 36,11,11) (D 1,1,1)
0 1 5 16 27 9 (D 1,1,1) (S 33,5,5) (S 26,9,9) (S 24,19,20) (S 23,23,20) (S 35,22,22) (S 16,22,19) (S 2,9,10) (D 1,1,1)
0 1 6 16 28 7 (D 1,1,1) (S 3,1,2) (S 12,2,4) (S 20,13,14) (S 5,14,18) (S 37,18,18) (D 1,1,1)
0 1 7 18 22 7 (D 1,1,1) (S 0,5,10) (S 21,20,23) (S 17,23,24) (S 1,21,24) (S 18,21,20) (D 1,1,1)
