137
8
334661400
1751077298
0 1 1 27 33 7 (D 1,1,1) (S 12,2,5) (S 1,5,7) (S 22,7,10) (S 19,3,4) (S 5,4,7) (D 1,1,1)
0 1 2 19 18 7 (D 1,1,1) (S 32,5,5) (S 11,5,11) (S 25,7,7) (S 17,1,11) (S 10,1,3) (D 1,1,1)
0 1 3 17 16 7 (D 1,1,1) (S 23,1,6) (S 28,6,6) (S 3,6,8) (S 29,8,8) (S 16,2,3) (D 1,1,1)
0 1 4 23 13 6 (D 1,1,1) (S 20,1,8) (S 6,5,10) (S 18,3,10) (S 13,3,7) (D 1,1,1)
0 1 5 16 13 6 (D 1,1,1) (S 21,1,7) (S 2,7,9) (S 27,9,9) (S 8,4,11) (D 1,1,1)
0 1 6 12 18 7 (D 1,1,1) (S 26,4,4) (S 14,4,5) (S 4,5,8) (S 31,2,2) (S 15,2,11) (D 1,1,1)
0 1 7 10 5 4 (D 1,1,1) (S 24,1,10) (S 30,3,3) (D 1,1,1)
0 1 8 16 21 5 (D 1,1,1) (S 9,2,9) (S 0,4,9) (S 7,9,10) (D 1,1,1)
