482
6
13616400
1751077290
0 1 1 5 60 7 (D 1,1,1) (S 14,1,2) (S 4,2,4) (S 7,4,13) (S 18,2,2) (S 22,9,9) (D 1,1,1)
0 1 2 5 111 7 (D 1,1,1) (S 12,1,4) (S 17,3,5) (S 9,5,13) (S 6,9,10) (S 24,10,10) (D 1,1,1)
0 1 3 5 92 7 (D 1,1,1) (S 11,1,12) (S 8,7,8) (S 15,5,11) (S 10,5,6) (S 20,6,6) (D 1,1,1)
0 1 4 5 109 7 (D 1,1,1) (S 16,12,13) (S 0,5,12) (S 3,6,12) (S 19,3,3) (S 5,3,4) (D 1,1,1)
0 1 5 2 61 4 (D 1,1,1) (S 13,1,10) (S 1,8,11) (D 1,1,1)
0 1 6 3 49 5 (D 1,1,1) (S 21,8,8) (S 23,7,7) (S 2,7,12) (D 1,1,1)
