102
7
300820800
1751077304
0 1 1 22 10 7 (D 1,1,1) (S 5,1,2) (S 23,2,2) (S 11,2,8) (S 16,8,8) (S 8,7,10) (D 1,1,1)
0 1 2 4 15 5 (D 1,1,1) (S 13,1,5) (S 20,5,5) (S 2,7,11) (D 1,1,1)
0 1 3 10 16 4 (D 1,1,1) (S 1,1,9) (S 0,6,9) (D 1,1,1)
0 1 4 15 10 6 (D 1,1,1) (S 12,1,8) (S 17,3,3) (S 9,2,4) (S 22,4,4) (D 1,1,1)
0 1 5 8 25 6 (D 1,1,1) (S 10,4,7) (S 18,7,7) (S 15,7,8) (S 6,2,9) (D 1,1,1)
0 1 6 11 18 5 (D 1,1,1) (S 7,7,9) (S 4,9,10) (S 19,10,10) (D 1,1,1)
0 1 7 10 8 5 (D 1,1,1) (S 3,1,11) (S 21,6,6) (S 14,6,11) (D 1,1,1)
