202
10
1096649100
1751077285
0 1 1 26 27 8 (D 1,1,1) (S 15,1,3) (S 22,3,5) (S 7,5,9) (S 0,1,4) (S 26,4,7) (S 31,7,9) (D 1,1,1)
0 1 2 21 23 8 (D 1,1,1) (S 46,2,2) (S 34,2,8) (S 41,8,8) (S 29,2,5) (S 43,5,5) (S 14,5,8) (D 1,1,1)
0 1 3 23 11 5 (D 1,1,1) (S 12,2,4) (S 18,4,10) (S 20,4,11) (D 1,1,1)
0 1 4 20 6 5 (D 1,1,1) (S 5,1,2) (S 11,2,6) (S 1,6,8) (D 1,1,1)
0 1 5 24 27 9 (D 1,1,1) (S 30,1,7) (S 42,7,7) (S 36,3,11) (S 13,1,5) (S 16,5,11) (S 45,4,4) (S 3,6,9) (D 1,1,1)
0 1 6 23 24 7 (D 1,1,1) (S 19,2,11) (S 25,6,7) (S 38,3,10) (S 27,4,9) (S 47,9,9) (D 1,1,1)
0 1 7 26 30 8 (D 1,1,1) (S 23,2,10) (S 6,6,11) (S 8,2,3) (S 40,3,3) (S 33,3,8) (S 4,1,8) (D 1,1,1)
0 1 8 22 23 7 (D 1,1,1) (S 35,2,7) (S 21,3,4) (S 2,4,5) (S 24,3,7) (S 39,3,9) (D 1,1,1)
0 1 9 18 13 6 (D 1,1,1) (S 10,1,6) (S 17,6,10) (S 44,10,10) (S 9,1,11) (D 1,1,1)
0 1 10 14 18 5 (D 1,1,1) (S 28,1,10) (S 32,4,8) (S 37,8,11) (D 1,1,1)
