17237
27
635481101400
1751070750
0 1 1 179 764 10 (D 1,1,1) (S 164,20,18) (S 104,18,72) (S 20,72,71) (S 80,71,73) (S 165,73,72) (S 90,19,21) (S 67,21,51) (S 3,51,49) (D 1,1,1)
0 1 2 184 694 8 (D 1,1,1) (S 115,11,12) (S 184,18,18) (S 161,72,18) (S 55,18,20) (S 173,7,5) (S 2,2,1) (D 1,1,1)
0 1 3 156 820 8 (D 1,1,1) (S 77,35,32) (S 159,32,31) (S 174,23,23) (S 175,75,75) (S 65,49,47) (S 186,10,10) (D 1,1,1)
0 1 4 176 566 8 (D 1,1,1) (S 42,69,59) (S 29,59,58) (S 75,41,35) (S 34,35,41) (S 53,57,58) (S 0,58,69) (D 1,1,1)
0 1 5 181 426 6 (D 1,1,1) (S 168,2,4) (S 23,59,11) (S 125,59,69) (S 97,69,4) (D 1,1,1)
0 1 6 171 500 6 (D 1,1,1) (S 78,58,57) (S 114,57,42) (S 105,43,44) (S 177,2,2) (D 1,1,1)
0 1 7 149 720 12 (D 1,1,1) (S 74,5,6) (S 96,6,5) (S 118,59,44) (S 113,44,43) (S 154,42,57) (S 185,57,57) (S 193,42,42) (S 46,40,39) (S 37,39,40) (S 192,58,58) (D 1,1,1)
0 1 8 169 559 9 (D 1,1,1) (S 188,69,69) (S 59,45,46) (S 107,49,50) (S 158,50,19) (S 84,19,20) (S 140,20,76) (S 86,11,59) (D 1,1,1)
0 1 9 177 666 11 (D 1,1,1) (S 73,58,60) (S 117,60,61) (S 144,61,60) (S 102,60,58) (S 153,47,48) (S 40,48,47) (S 151,47,49) (S 49,50,52) (S 6,52,50) (D 1,1,1)
0 1 10 185 396 9 (D 1,1,1) (S 120,4,69) (S 50,69,58) (S 5,58,59) (S 30,44,45) (S 190,45,45) (S 66,45,44) (S 146,44,59) (D 1,1,1)
0 1 11 172 752 6 (D 1,1,1) (S 58,37,33) (S 69,33,37) (S 183,37,37) (S 156,37,39) (D 1,1,1)
0 1 12 189 820 6 (D 1,1,1) (S 60,32,34) (S 163,34,32) (S 170,32,35) (S 63,4,2) (D 1,1,1)
0 1 13 183 432 10 (D 1,1,1) (S 35,4,5) (S 83,5,4) (S 36,2,3) (S 191,3,3) (S 82,3,2) (S 24,5,7) (S 171,7,8) (S 72,8,7) (D 1,1,1)
0 1 14 178 882 9 (D 1,1,1) (S 121,72,73) (S 138,73,71) (S 135,71,70) (S 94,70,71) (S 99,71,72) (S 95,73,74) (S 136,74,73) (D 1,1,1)
0 1 15 146 546 8 (D 1,1,1) (S 142,62,66) (S 152,66,68) (S 181,68,68) (S 31,68,66) (S 92,66,62) (S 61,62,60) (D 1,1,1)
0 1 16 181 665 12 (D 1,1,1) (S 13,60,62) (S 157,62,63) (S 189,63,63) (S 87,63,64) (S 176,64,64) (S 9,64,63) (S 33,63,62) (S 130,46,47) (S 64,47,46) (S 145,46,45) (D 1,1,1)
0 1 17 145 534 11 (D 1,1,1) (S 52,8,9) (S 100,9,10) (S 81,76,20) (S 98,20,19) (S 51,19,50) (S 134,52,53) (S 27,53,52) (S 15,50,49) (S 169,46,44) (D 1,1,1)
0 1 18 190 709 14 (D 1,1,1) (S 160,44,46) (S 93,49,51) (S 19,51,21) (S 108,75,23) (S 38,23,31) (S 8,31,23) (S 126,23,26) (S 71,26,25) (S 187,25,25) (S 137,24,22) (S 18,22,21) (S 123,21,22) (D 1,1,1)
0 1 19 32 64 3 (D 1,1,1) (S 7,1,2) (D 1,1,1)
0 1 20 175 549 10 (D 1,1,1) (S 167,12,16) (S 56,16,13) (S 25,13,14) (S 127,15,77) (S 166,77,76) (S 162,12,11) (S 21,10,9) (S 26,9,8) (D 1,1,1)
0 1 21 107 847 13 (D 1,1,1) (S 47,56,55) (S 39,39,37) (S 68,37,38) (S 182,38,38) (S 132,38,37) (S 14,39,35) (S 4,35,39) (S 178,55,55) (S 172,55,56) (S 139,63,65) (S 88,65,63) (D 1,1,1)
0 1 22 180 661 9 (D 1,1,1) (S 131,76,77) (S 141,77,15) (S 149,15,17) (S 179,17,17) (S 28,17,15) (S 62,15,18) (S 45,18,19) (D 1,1,1)
0 1 23 79 581 8 (D 1,1,1) (S 11,22,24) (S 103,24,25) (S 79,25,75) (S 150,75,22) (S 116,52,54) (S 22,54,52) (D 1,1,1)
0 1 24 177 637 11 (D 1,1,1) (S 76,51,53) (S 109,53,24) (S 85,22,75) (S 32,75,25) (S 70,25,29) (S 148,29,25) (S 111,25,24) (S 54,24,53) (S 44,53,51) (D 1,1,1)
0 1 25 160 895 10 (D 1,1,1) (S 41,32,33) (S 10,33,36) (S 180,36,36) (S 110,36,33) (S 101,33,32) (S 48,31,30) (S 143,30,31) (S 43,23,75) (D 1,1,1)
0 1 26 185 906 11 (D 1,1,1) (S 119,25,26) (S 147,28,26) (S 155,26,28) (S 112,28,29) (S 129,29,28) (S 124,26,27) (S 1,27,26) (S 89,26,23) (S 128,31,32) (D 1,1,1)
0 1 27 190 646 10 (D 1,1,1) (S 17,21,19) (S 16,19,18) (S 12,18,15) (S 57,14,13) (S 122,13,77) (S 91,77,13) (S 106,13,16) (S 133,16,12) (D 1,1,1)
