7374
15
82672124700
1751070787
0 1 1 1326 343 13 (D 1,1,1) (S 5,2,11) (S 35,10,18) (S 91,18,18) (S 94,30,30) (S 81,32,32) (S 77,33,33) (S 105,27,27) (S 9,27,21) (S 19,21,20) (S 36,19,11) (S 50,11,10) (D 1,1,1)
0 1 2 1176 653 15 (D 1,1,1) (S 55,23,14) (S 80,14,14) (S 28,23,22) (S 73,22,22) (S 102,6,6) (S 95,7,7) (S 18,7,8) (S 58,8,9) (S 8,9,17) (S 72,17,17) (S 70,16,16) (S 82,20,20) (S 107,19,19) (D 1,1,1)
0 1 3 1805 566 10 (D 1,1,1) (S 66,7,16) (S 43,16,26) (S 104,26,26) (S 53,26,17) (S 45,16,15) (S 62,15,24) (S 38,24,36) (S 13,36,35) (D 1,1,1)
0 1 4 1089 463 13 (D 1,1,1) (S 29,1,2) (S 20,14,23) (S 106,23,23) (S 4,23,24) (S 97,24,24) (S 56,24,25) (S 98,25,25) (S 25,25,16) (S 59,22,21) (S 75,11,11) (S 85,10,10) (D 1,1,1)
0 1 5 366 74 4 (D 1,1,1) (S 74,2,2) (S 32,10,1) (D 1,1,1)
0 1 6 1774 691 9 (D 1,1,1) (S 63,21,27) (S 2,27,33) (S 60,33,40) (S 0,40,45) (S 68,39,39) (S 23,43,42) (S 10,29,30) (D 1,1,1)
0 1 7 1155 499 11 (D 1,1,1) (S 44,19,20) (S 41,31,38) (S 1,38,39) (S 51,39,40) (S 69,40,40) (S 21,43,44) (S 99,44,44) (S 37,44,39) (S 64,39,32) (D 1,1,1)
0 1 8 724 532 8 (D 1,1,1) (S 92,9,9) (S 61,9,8) (S 65,8,16) (S 30,16,25) (S 17,26,16) (S 100,15,15) (D 1,1,1)
0 1 9 664 570 9 (D 1,1,1) (S 33,48,47) (S 16,47,46) (S 101,46,46) (S 22,46,47) (S 57,46,34) (S 76,34,34) (S 26,34,33) (D 1,1,1)
0 1 10 553 113 4 (D 1,1,1) (S 48,2,3) (S 54,3,12) (D 1,1,1)
0 1 11 654 682 10 (D 1,1,1) (S 14,36,48) (S 84,48,48) (S 34,48,49) (S 90,49,49) (S 83,37,37) (S 86,36,36) (S 103,47,47) (S 27,47,35) (D 1,1,1)
0 1 12 998 425 9 (D 1,1,1) (S 71,4,4) (S 7,4,3) (S 96,3,3) (S 11,3,4) (S 6,6,14) (S 40,14,13) (S 12,13,22) (D 1,1,1)
0 1 13 559 429 7 (D 1,1,1) (S 3,23,35) (S 89,35,35) (S 88,21,21) (S 42,20,12) (S 87,12,12) (D 1,1,1)
0 1 14 824 688 7 (D 1,1,1) (S 79,28,28) (S 49,34,35) (S 15,21,5) (S 47,13,5) (S 67,20,19) (D 1,1,1)
0 1 15 851 646 9 (D 1,1,1) (S 24,30,42) (S 93,41,41) (S 31,31,32) (S 46,32,39) (S 78,43,43) (S 52,44,45) (S 39,21,4) (D 1,1,1)
