10111
15
134495455800
1751070583
0 1 1 188 872 8 (D 1,1,1) (S 47,18,72) (S 101,73,73) (S 43,73,74) (S 42,70,71) (S 44,71,72) (S 69,20,76) (D 1,1,1)
0 1 2 189 610 9 (D 1,1,1) (S 83,2,4) (S 11,4,5) (S 100,5,5) (S 32,5,6) (S 103,43,43) (S 48,43,44) (S 72,44,59) (D 1,1,1)
0 1 3 179 456 6 (D 1,1,1) (S 56,4,69) (S 31,58,60) (S 54,60,61) (S 0,58,69) (D 1,1,1)
0 1 4 177 821 12 (D 1,1,1) (S 92,42,42) (S 102,41,41) (S 1,35,39) (S 13,39,40) (S 15,32,33) (S 29,33,37) (S 28,37,38) (S 79,37,39) (S 10,35,41) (S 77,42,57) (D 1,1,1)
0 1 5 182 938 12 (D 1,1,1) (S 104,51,51) (S 37,22,75) (S 91,75,75) (S 64,31,32) (S 25,32,34) (S 97,34,34) (S 87,31,31) (S 14,23,31) (S 27,21,51) (S 61,59,69) (D 1,1,1)
0 1 6 148 628 8 (D 1,1,1) (S 6,60,62) (S 70,62,66) (S 75,66,68) (S 80,62,63) (S 39,63,64) (S 2,58,59) (D 1,1,1)
0 1 7 185 598 11 (D 1,1,1) (S 85,7,8) (S 45,9,10) (S 82,12,16) (S 58,13,77) (S 63,15,77) (S 88,13,13) (S 49,13,16) (S 89,16,16) (S 38,11,59) (D 1,1,1)
0 1 8 123 622 8 (D 1,1,1) (S 20,8,9) (S 8,13,14) (S 95,15,15) (S 26,15,18) (S 23,18,20) (S 19,19,50) (D 1,1,1)
0 1 9 161 669 11 (D 1,1,1) (S 9,44,45) (S 24,45,46) (S 65,46,47) (S 76,47,48) (S 74,47,49) (S 99,50,50) (S 18,50,52) (S 53,52,54) (S 21,57,58) (D 1,1,1)
0 1 10 47 92 5 (D 1,1,1) (S 3,1,2) (S 12,2,3) (S 90,2,2) (D 1,1,1)
0 1 11 167 671 8 (D 1,1,1) (S 52,11,12) (S 93,76,76) (S 66,76,77) (S 73,15,17) (S 17,18,19) (S 36,19,20) (D 1,1,1)
0 1 12 81 566 8 (D 1,1,1) (S 81,44,46) (S 50,49,50) (S 40,19,21) (S 59,21,22) (S 5,22,24) (S 106,24,24) (D 1,1,1)
0 1 13 185 781 14 (D 1,1,1) (S 41,49,51) (S 46,24,25) (S 30,25,29) (S 96,29,29) (S 55,25,26) (S 60,26,27) (S 98,27,27) (S 16,23,75) (S 62,23,26) (S 78,26,28) (S 51,28,29) (S 22,24,53) (D 1,1,1)
0 1 14 6 222 3 (D 1,1,1) (S 7,5,7) (D 1,1,1)
0 1 15 190 1565 14 (D 1,1,1) (S 68,63,65) (S 94,65,65) (S 86,55,56) (S 105,37,37) (S 4,33,36) (S 84,32,35) (S 71,30,31) (S 34,25,75) (S 33,51,53) (S 67,52,53) (S 57,72,73) (S 35,71,73) (D 1,1,1)
