172
8
671214000
1751077285
0 1 1 23 44 9 (D 1,1,1) (S 7,1,2) (S 10,2,9) (S 0,4,8) (S 29,2,8) (S 16,2,11) (S 5,1,4) (S 13,4,10) (D 1,1,1)
0 1 2 27 25 8 (D 1,1,1) (S 36,5,5) (S 2,5,7) (S 14,7,11) (S 6,2,3) (S 33,3,3) (S 28,3,11) (D 1,1,1)
0 1 3 27 28 7 (D 1,1,1) (S 21,1,11) (S 26,7,9) (S 15,4,6) (S 4,6,8) (S 27,1,7) (D 1,1,1)
0 1 4 16 17 6 (D 1,1,1) (S 35,6,6) (S 18,6,9) (S 1,9,10) (S 22,3,10) (D 1,1,1)
0 1 5 13 12 6 (D 1,1,1) (S 30,1,10) (S 8,1,5) (S 17,5,8) (S 20,1,9) (D 1,1,1)
0 1 6 16 19 5 (D 1,1,1) (S 24,1,8) (S 31,8,9) (S 19,4,7) (D 1,1,1)
0 1 7 11 13 6 (D 1,1,1) (S 12,5,11) (S 32,2,2) (S 3,2,7) (S 37,7,7) (D 1,1,1)
0 1 8 13 14 7 (D 1,1,1) (S 11,1,3) (S 23,3,4) (S 34,4,4) (S 25,4,9) (S 9,9,11) (D 1,1,1)
