797
10
41605851000
1751077436
0 1 1 55 96 17 (D 1,1,1) (S 43,1,2) (S 87,2,2) (S 28,2,8) (S 36,8,7) (S 58,7,8) (S 0,4,5) (S 1,5,6) (S 22,6,12) (S 81,11,11) (S 41,29,30) (S 33,30,29) (S 52,23,24) (S 86,24,24) (S 37,24,14) (S 13,8,9) (D 1,1,1)
0 1 2 15 10 4 (D 1,1,1) (S 74,1,7) (S 54,7,1) (D 1,1,1)
0 1 3 70 102 14 (D 1,1,1) (S 8,10,11) (S 5,11,17) (S 80,17,17) (S 16,18,22) (S 17,28,22) (S 21,27,26) (S 65,26,25) (S 25,25,26) (S 53,16,19) (S 73,19,16) (S 42,11,5) (S 51,4,3) (D 1,1,1)
0 1 4 61 107 14 (D 1,1,1) (S 84,14,14) (S 11,25,31) (S 64,31,35) (S 46,35,34) (S 48,34,38) (S 44,38,39) (S 82,39,39) (S 63,40,41) (S 92,41,41) (S 39,40,39) (S 69,34,29) (S 72,13,7) (D 1,1,1)
0 1 5 75 102 15 (D 1,1,1) (S 6,24,30) (S 10,30,31) (S 40,31,32) (S 47,32,36) (S 90,36,36) (S 2,36,40) (S 88,37,37) (S 19,37,41) (S 29,41,37) (S 75,33,27) (S 62,27,20) (S 93,20,20) (S 79,16,16) (D 1,1,1)
0 1 6 68 128 18 (D 1,1,1) (S 55,14,13) (S 66,13,23) (S 61,29,34) (S 59,34,35) (S 15,35,39) (S 49,39,38) (S 31,38,34) (S 32,35,36) (S 67,36,32) (S 95,27,27) (S 60,27,33) (S 71,20,19) (S 91,19,19) (S 85,15,15) (S 18,15,10) (S 89,9,9) (D 1,1,1)
0 1 7 65 87 12 (D 1,1,1) (S 56,17,20) (S 14,20,21) (S 4,21,22) (S 45,22,28) (S 20,28,27) (S 7,27,32) (S 34,32,26) (S 78,26,26) (S 83,23,23) (S 70,13,14) (D 1,1,1)
0 1 8 55 56 9 (D 1,1,1) (S 38,3,4) (S 27,4,10) (S 26,10,15) (S 12,15,25) (S 68,23,29) (S 24,29,23) (S 23,23,14) (D 1,1,1)
0 1 9 44 97 10 (D 1,1,1) (S 30,8,2) (S 3,3,9) (S 35,19,26) (S 57,26,32) (S 9,16,17) (S 50,11,12) (S 94,12,12) (S 76,20,17) (D 1,1,1)
0 1 10 1 12 3 (D 1,1,1) (S 77,3,3) (D 1,1,1)
