418
7
138740700
1751077297
0 1 1 41 174 7 (D 1,1,1) (S 3,3,4) (S 19,4,4) (S 10,4,1) (S 6,1,8) (S 15,8,10) (D 1,1,1)
0 1 2 33 25 6 (D 1,1,1) (S 4,1,5) (S 14,4,2) (S 20,2,2) (S 13,3,1) (D 1,1,1)
0 1 3 27 18 4 (D 1,1,1) (S 5,1,7) (S 12,7,10) (D 1,1,1)
0 1 4 9 18 5 (D 1,1,1) (S 16,3,3) (S 9,3,6) (S 21,6,6) (D 1,1,1)
0 1 5 10 51 6 (D 1,1,1) (S 0,6,9) (S 22,9,9) (S 8,9,10) (S 18,7,7) (D 1,1,1)
0 1 6 6 53 4 (D 1,1,1) (S 17,5,5) (S 11,5,7) (D 1,1,1)
0 1 7 29 79 5 (D 1,1,1) (S 2,7,8) (S 1,2,8) (S 7,8,9) (D 1,1,1)
