744
6
50185718400
1751077469
0 1 1 101 110 25 (D 1,1,1) (S 10,6,18) (S 46,18,29) (S 80,29,29) (S 56,30,31) (S 85,31,31) (S 22,31,26) (S 83,26,26) (S 73,20,20) (S 51,20,19) (S 25,19,18) (S 16,12,13) (S 86,13,13) (S 71,13,2) (S 82,2,2) (S 40,2,3) (S 79,4,4) (S 3,4,10) (S 63,16,10) (S 21,16,15) (S 90,15,15) (S 87,12,12) (S 60,12,6) (S 47,6,1) (D 1,1,1)
0 1 2 112 220 26 (D 1,1,1) (S 55,1,7) (S 35,7,6) (S 62,6,7) (S 45,17,24) (S 31,24,23) (S 65,22,21) (S 32,19,25) (S 70,30,25) (S 58,25,30) (S 20,31,32) (S 18,32,27) (S 54,21,15) (S 59,15,14) (S 50,14,20) (S 74,25,25) (S 68,25,26) (S 38,20,14) (S 26,15,16) (S 78,16,16) (S 52,17,11) (S 89,5,5) (S 76,11,11) (S 23,3,9) (S 34,14,15) (D 1,1,1)
0 1 3 108 136 17 (D 1,1,1) (S 43,1,2) (S 9,10,11) (S 28,11,4) (S 14,4,11) (S 42,11,24) (S 88,24,24) (S 7,24,34) (S 92,34,34) (S 19,33,34) (S 67,28,22) (S 17,22,15) (S 6,8,9) (S 72,9,9) (S 69,15,21) (S 36,21,22) (D 1,1,1)
0 1 4 113 141 21 (D 1,1,1) (S 33,6,12) (S 0,12,18) (S 64,18,19) (S 27,19,20) (S 11,21,27) (S 30,27,28) (S 44,22,28) (S 61,28,23) (S 84,23,23) (S 57,23,28) (S 91,28,28) (S 5,28,34) (S 24,33,32) (S 49,27,32) (S 4,9,10) (S 8,3,10) (S 37,10,16) (S 2,13,14) (S 81,6,6) (D 1,1,1)
0 1 5 50 99 12 (D 1,1,1) (S 29,7,13) (S 75,8,8) (S 15,8,2) (S 41,16,23) (S 1,22,23) (S 39,15,9) (S 53,9,3) (S 48,4,3) (S 77,3,3) (S 66,2,13) (D 1,1,1)
0 1 6 8 38 4 (D 1,1,1) (S 13,19,13) (S 12,13,19) (D 1,1,1)
