26991
45
365726852700
1751070660
0 1 1 91 350 6 (D 1,1,1) (S 8,58,59) (S 190,2,4) (S 72,4,2) (S 4,2,1) (D 1,1,1)
0 1 2 106 482 4 (D 1,1,1) (S 133,59,44) (S 120,43,44) (D 1,1,1)
0 1 3 117 400 7 (D 1,1,1) (S 220,59,59) (S 26,59,11) (S 115,11,10) (S 24,10,9) (S 195,7,5) (D 1,1,1)
0 1 4 76 310 6 (D 1,1,1) (S 27,5,7) (S 193,7,8) (S 59,8,9) (S 30,9,8) (D 1,1,1)
0 1 5 124 546 7 (D 1,1,1) (S 57,69,58) (S 171,66,68) (S 35,68,66) (S 212,66,66) (S 197,58,58) (D 1,1,1)
0 1 6 130 456 7 (D 1,1,1) (S 85,58,60) (S 160,62,66) (S 106,66,62) (S 117,60,58) (S 0,58,69) (D 1,1,1)
0 1 7 118 482 6 (D 1,1,1) (S 48,69,59) (S 128,44,43) (S 211,43,43) (S 164,44,59) (D 1,1,1)
0 1 8 103 485 6 (D 1,1,1) (S 181,44,46) (S 205,46,46) (S 172,47,48) (S 168,48,11) (D 1,1,1)
0 1 9 110 400 5 (D 1,1,1) (S 114,9,10) (S 46,10,11) (S 99,11,59) (D 1,1,1)
0 1 10 79 456 5 (D 1,1,1) (S 196,60,60) (S 132,60,61) (S 162,61,60) (D 1,1,1)
0 1 11 75 248 3 (D 1,1,1) (S 135,4,69) (D 1,1,1)
0 1 12 120 521 6 (D 1,1,1) (S 177,62,63) (S 38,63,62) (S 145,62,67) (S 3,67,60) (D 1,1,1)
0 1 13 130 806 7 (D 1,1,1) (S 129,57,42) (S 88,41,40) (S 52,40,39) (S 13,33,36) (S 80,33,37) (D 1,1,1)
0 1 14 56 210 3 (D 1,1,1) (S 96,5,4) (D 1,1,1)
0 1 15 75 248 3 (D 1,1,1) (S 111,69,4) (D 1,1,1)
0 1 16 56 210 3 (D 1,1,1) (S 40,4,5) (D 1,1,1)
0 1 17 130 818 5 (D 1,1,1) (S 153,71,70) (S 108,70,71) (S 84,8,7) (D 1,1,1)
0 1 18 78 468 3 (D 1,1,1) (S 91,58,57) (D 1,1,1)
0 1 19 79 418 5 (D 1,1,1) (S 147,46,47) (S 73,47,46) (S 191,46,44) (D 1,1,1)
0 1 20 64 438 4 (D 1,1,1) (S 130,11,12) (S 184,12,11) (D 1,1,1)
0 1 21 130 826 7 (D 1,1,1) (S 54,60,67) (S 6,56,42) (S 47,32,33) (S 116,33,32) (S 39,35,41) (D 1,1,1)
0 1 22 120 632 12 (D 1,1,1) (S 170,47,49) (S 122,49,50) (S 208,50,50) (S 179,50,19) (S 97,19,20) (S 105,77,13) (S 138,13,77) (S 209,20,20) (S 158,20,76) (S 29,76,12) (D 1,1,1)
0 1 23 32 64 3 (D 1,1,1) (S 10,1,2) (D 1,1,1)
0 1 24 130 664 10 (D 1,1,1) (S 139,21,22) (S 14,22,24) (S 118,24,25) (S 82,25,29) (S 146,29,28) (S 140,26,27) (S 2,27,26) (S 75,49,47) (D 1,1,1)
0 1 25 130 602 8 (D 1,1,1) (S 189,12,16) (S 64,16,13) (S 100,14,15) (S 167,15,17) (S 32,17,15) (S 151,16,12) (D 1,1,1)
0 1 26 130 807 9 (D 1,1,1) (S 186,20,18) (S 136,72,73) (S 109,73,74) (S 154,74,73) (S 58,19,50) (S 163,46,45) (S 76,45,44) (D 1,1,1)
0 1 27 127 748 11 (D 1,1,1) (S 22,51,21) (S 207,22,22) (S 98,22,75) (S 201,75,75) (S 169,75,22) (S 77,21,51) (S 79,43,42) (S 1,42,56) (S 81,56,67) (D 1,1,1)
0 1 28 124 574 5 (D 1,1,1) (S 16,60,62) (S 70,62,60) (S 60,57,58) (D 1,1,1)
0 1 29 130 840 9 (D 1,1,1) (S 178,67,62) (S 102,65,63) (S 157,63,65) (S 206,65,65) (S 44,39,37) (S 175,37,39) (S 173,42,57) (D 1,1,1)
0 1 30 127 879 18 (D 1,1,1) (S 53,56,55) (S 194,55,56) (S 217,41,41) (S 87,41,35) (S 199,32,32) (S 55,31,30) (S 161,30,31) (S 216,23,23) (S 142,23,26) (S 215,27,27) (S 83,26,25) (S 61,24,53) (S 31,53,52) (S 198,52,52) (S 9,52,50) (S 18,50,49) (D 1,1,1)
0 1 31 129 666 9 (D 1,1,1) (S 107,49,51) (S 134,25,26) (S 127,28,29) (S 166,29,25) (S 92,25,75) (S 37,75,25) (S 126,25,24) (D 1,1,1)
0 1 32 107 567 6 (D 1,1,1) (S 148,76,77) (S 159,77,15) (S 71,15,18) (S 63,18,20) (D 1,1,1)
0 1 33 129 595 9 (D 1,1,1) (S 41,2,3) (S 95,3,2) (S 74,12,76) (S 94,76,20) (S 15,18,15) (S 143,15,77) (S 188,77,76) (D 1,1,1)
0 1 34 117 705 8 (D 1,1,1) (S 34,44,45) (S 67,45,46) (S 19,19,18) (S 183,15,14) (S 121,13,16) (S 112,20,19) (D 1,1,1)
0 1 35 130 956 10 (D 1,1,1) (S 68,42,41) (S 204,39,39) (S 125,36,33) (S 203,34,34) (S 185,34,32) (S 103,26,23) (S 49,23,75) (S 141,59,69) (D 1,1,1)
0 1 36 127 892 9 (D 1,1,1) (S 123,75,23) (S 11,31,23) (S 21,22,21) (S 5,51,49) (S 33,59,58) (S 101,63,64) (S 12,64,63) (D 1,1,1)
0 1 37 103 604 8 (D 1,1,1) (S 110,6,5) (S 86,5,6) (S 51,18,19) (S 104,19,21) (S 89,51,53) (S 50,53,51) (D 1,1,1)
0 1 38 116 789 7 (D 1,1,1) (S 90,35,32) (S 78,37,38) (S 149,38,37) (S 42,39,40) (S 36,40,41) (D 1,1,1)
0 1 39 125 1036 7 (D 1,1,1) (S 192,32,35) (S 7,35,39) (S 137,41,42) (S 28,13,14) (S 65,14,13) (D 1,1,1)
0 1 40 120 732 9 (D 1,1,1) (S 119,18,72) (S 113,71,72) (S 219,72,72) (S 23,72,71) (S 93,71,73) (S 156,73,71) (S 187,73,72) (D 1,1,1)
0 1 41 125 899 6 (D 1,1,1) (S 124,53,24) (S 174,26,28) (S 43,23,31) (S 69,32,34) (D 1,1,1)
0 1 42 130 927 11 (D 1,1,1) (S 56,50,52) (S 131,52,54) (S 200,54,54) (S 25,54,52) (S 152,52,53) (S 165,28,26) (S 155,24,22) (S 182,72,18) (S 202,9,9) (D 1,1,1)
0 1 43 124 788 7 (D 1,1,1) (S 213,2,2) (S 150,67,56) (S 66,37,33) (S 176,42,43) (S 214,44,44) (D 1,1,1)
0 1 44 128 591 6 (D 1,1,1) (S 218,5,5) (S 62,11,48) (S 45,48,47) (S 20,21,19) (D 1,1,1)
0 1 45 124 856 6 (D 1,1,1) (S 210,40,40) (S 17,39,35) (S 180,32,31) (S 144,31,32) (D 1,1,1)
