604
9
25181391000
1751077920
0 1 1 65 95 16 (D 1,1,1) (S 15,1,2) (S 70,3,3) (S 31,9,2) (S 20,9,15) (S 17,14,15) (S 7,18,19) (S 52,18,15) (S 61,15,15) (S 66,8,8) (S 72,7,7) (S 12,4,6) (S 62,6,6) (S 39,4,5) (S 73,5,5) (D 1,1,1)
0 1 2 7 6 3 (D 1,1,1) (S 5,1,5) (D 1,1,1)
0 1 3 28 41 9 (D 1,1,1) (S 33,7,4) (S 23,4,7) (S 30,7,12) (S 58,12,12) (S 6,12,13) (S 53,13,13) (S 29,13,8) (D 1,1,1)
0 1 4 64 76 15 (D 1,1,1) (S 18,2,9) (S 67,9,9) (S 22,2,3) (S 10,3,10) (S 8,10,19) (S 54,17,17) (S 14,17,22) (S 71,22,22) (S 68,25,25) (S 35,25,30) (S 37,26,23) (S 51,23,18) (S 19,15,9) (D 1,1,1)
0 1 5 58 89 11 (D 1,1,1) (S 50,6,11) (S 9,11,20) (S 13,20,27) (S 46,20,21) (S 56,21,21) (S 36,21,29) (S 55,29,29) (S 48,29,22) (S 32,17,13) (D 1,1,1)
0 1 6 20 48 6 (D 1,1,1) (S 25,8,14) (S 38,14,13) (S 64,16,16) (S 34,16,13) (D 1,1,1)
0 1 7 29 62 7 (D 1,1,1) (S 44,14,17) (S 2,22,25) (S 63,30,30) (S 43,23,22) (S 21,14,8) (D 1,1,1)
0 1 8 60 103 15 (D 1,1,1) (S 40,8,13) (S 26,16,11) (S 60,11,11) (S 49,11,16) (S 16,16,21) (S 59,26,26) (S 1,26,30) (S 45,30,25) (S 41,21,24) (S 11,24,28) (S 0,24,27) (S 74,27,27) (S 27,20,16) (D 1,1,1)
0 1 9 47 84 11 (D 1,1,1) (S 24,22,29) (S 47,29,21) (S 3,21,28) (S 57,28,28) (S 69,20,20) (S 28,16,12) (S 4,8,9) (S 42,9,10) (S 65,10,10) (D 1,1,1)
