436
6
37795800
1751068458
0 1 1 5 78 7 (D 1,1,1) (S 11,1,2) (S 7,2,9) (S 17,9,11) (S 25,11,11) (S 3,9,10) (D 1,1,1)
0 1 2 4 63 6 (D 1,1,1) (S 13,1,10) (S 4,10,11) (S 15,8,10) (S 23,10,10) (D 1,1,1)
0 1 3 5 81 7 (D 1,1,1) (S 21,1,4) (S 28,2,2) (S 2,2,3) (S 16,3,4) (S 24,4,4) (D 1,1,1)
0 1 4 5 77 7 (D 1,1,1) (S 12,1,7) (S 9,7,8) (S 8,8,11) (S 0,7,12) (S 26,12,12) (D 1,1,1)
0 1 5 5 84 7 (D 1,1,1) (S 19,12,6) (S 27,7,7) (S 14,7,6) (S 6,5,11) (S 10,2,4) (D 1,1,1)
0 1 6 5 53 7 (D 1,1,1) (S 18,1,12) (S 1,5,6) (S 20,5,3) (S 22,3,3) (S 5,5,12) (D 1,1,1)
