1112
21
377406977400
1751070750
0 1 1 72 53 14 (D 1,1,1) (S 175,7,7) (S 71,8,14) (S 138,14,8) (S 35,8,7) (S 30,7,2) (S 114,2,7) (S 85,6,7) (S 107,7,6) (S 129,6,12) (S 55,12,6) (S 173,5,5) (S 29,5,1) (D 1,1,1)
0 1 2 14 4 4 (D 1,1,1) (S 47,1,6) (S 44,6,1) (D 1,1,1)
0 1 3 46 32 6 (D 1,1,1) (S 37,1,2) (S 119,2,3) (S 155,3,2) (S 33,2,1) (D 1,1,1)
0 1 4 66 50 13 (D 1,1,1) (S 144,7,8) (S 40,8,9) (S 128,3,4) (S 170,4,4) (S 95,4,10) (S 172,10,10) (S 146,10,17) (S 83,17,16) (S 61,15,14) (S 31,14,13) (S 51,13,6) (D 1,1,1)
0 1 5 75 64 13 (D 1,1,1) (S 52,21,22) (S 171,23,23) (S 72,23,31) (S 97,31,37) (S 134,37,32) (S 124,28,25) (S 102,25,17) (S 96,17,10) (S 45,10,4) (S 39,4,3) (S 174,3,3) (D 1,1,1)
0 1 6 75 89 15 (D 1,1,1) (S 92,28,38) (S 22,38,43) (S 17,43,50) (S 2,44,49) (S 36,33,39) (S 81,39,29) (S 131,29,26) (S 69,26,30) (S 1,40,47) (S 20,47,48) (S 5,41,49) (S 176,49,49) (S 68,34,26) (D 1,1,1)
0 1 7 69 53 13 (D 1,1,1) (S 42,12,20) (S 177,19,19) (S 26,19,26) (S 49,26,29) (S 86,29,33) (S 56,33,46) (S 12,46,47) (S 88,46,33) (S 106,33,34) (S 67,34,30) (S 46,11,12) (D 1,1,1)
0 1 8 75 67 13 (D 1,1,1) (S 58,20,30) (S 25,34,40) (S 14,40,41) (S 168,41,41) (S 11,41,48) (S 21,48,49) (S 3,49,50) (S 6,37,43) (S 32,37,31) (S 50,31,22) (S 63,22,23) (D 1,1,1)
0 1 9 59 40 10 (D 1,1,1) (S 105,26,34) (S 79,34,33) (S 43,33,40) (S 94,30,26) (S 28,26,19) (S 116,19,11) (S 161,11,5) (S 104,5,6) (D 1,1,1)
0 1 10 74 85 13 (D 1,1,1) (S 18,35,41) (S 0,41,42) (S 132,38,28) (S 169,25,25) (S 160,25,24) (S 66,24,16) (S 123,18,29) (S 127,29,39) (S 76,39,33) (S 65,29,18) (S 151,18,19) (D 1,1,1)
0 1 11 75 69 13 (D 1,1,1) (S 89,6,13) (S 57,13,12) (S 84,27,35) (S 115,35,27) (S 159,27,21) (S 145,21,13) (S 34,23,22) (S 153,22,14) (S 93,9,3) (S 41,3,9) (S 156,9,8) (D 1,1,1)
0 1 12 65 50 11 (D 1,1,1) (S 163,12,13) (S 59,13,21) (S 109,21,27) (S 91,27,36) (S 15,42,43) (S 24,43,45) (S 4,45,50) (S 87,31,23) (S 121,23,15) (D 1,1,1)
0 1 13 54 50 10 (D 1,1,1) (S 103,30,27) (S 38,27,31) (S 101,31,32) (S 27,32,38) (S 100,38,32) (S 126,32,28) (S 113,28,32) (S 78,32,31) (D 1,1,1)
0 1 14 72 65 12 (D 1,1,1) (S 162,15,9) (S 158,9,16) (S 74,16,24) (S 150,24,25) (S 165,25,28) (S 140,32,37) (S 16,36,42) (S 10,42,44) (S 8,44,50) (S 122,36,27) (D 1,1,1)
0 1 15 69 65 11 (D 1,1,1) (S 120,6,5) (S 108,5,11) (S 82,30,34) (S 19,34,35) (S 9,35,36) (S 23,36,37) (S 13,37,38) (S 7,38,45) (S 142,30,20) (D 1,1,1)
0 1 16 75 83 11 (D 1,1,1) (S 137,14,22) (S 149,22,31) (S 141,31,27) (S 133,27,30) (S 135,40,33) (S 75,33,29) (S 157,16,17) (S 99,17,25) (S 60,24,23) (D 1,1,1)
0 1 17 50 35 9 (D 1,1,1) (S 125,11,19) (S 70,19,20) (S 164,20,21) (S 136,21,20) (S 154,20,12) (S 117,13,7) (S 90,7,13) (D 1,1,1)
0 1 18 67 57 10 (D 1,1,1) (S 147,1,5) (S 48,5,18) (S 152,18,26) (S 167,26,18) (S 139,13,14) (S 143,14,15) (S 73,9,10) (S 110,10,9) (D 1,1,1)
0 1 19 61 47 9 (D 1,1,1) (S 148,15,16) (S 118,16,9) (S 98,9,15) (S 80,23,24) (S 64,24,32) (S 77,32,24) (S 62,16,15) (D 1,1,1)
0 1 20 41 40 7 (D 1,1,1) (S 112,15,23) (S 130,22,21) (S 53,20,19) (S 166,19,18) (S 54,18,5) (D 1,1,1)
0 1 21 5 14 3 (D 1,1,1) (S 111,12,11) (D 1,1,1)
