10923
26
717029700
1751068603
0 1 1 1458 284 5 (D 22,1,1) (S 71,19,20) (S 6,20,29) (S 75,29,30) (D 22,1,1)
0 1 2 1479 319 5 (D 22,1,1) (S 5,21,29) (S 76,28,37) (S 72,36,37) (D 22,1,1)
0 1 3 1464 485 5 (D 22,1,1) (S 46,45,46) (S 87,46,47) (S 32,47,48) (D 22,1,1)
0 1 4 1569 457 6 (D 22,1,1) (S 27,26,35) (S 88,35,36) (S 33,27,36) (S 85,37,38) (D 22,1,1)
0 1 5 1076 148 4 (D 22,1,1) (S 54,22,23) (S 90,23,31) (D 22,1,1)
0 1 6 1563 307 5 (D 22,1,1) (S 62,30,39) (S 74,39,50) (S 20,38,39) (D 22,1,1)
0 1 7 1513 351 5 (D 22,1,1) (S 9,13,14) (S 37,24,32) (S 34,32,40) (D 22,1,1)
0 1 8 1451 485 5 (D 22,1,1) (S 67,42,45) (S 26,42,43) (S 63,43,44) (D 22,1,1)
0 1 9 1453 368 5 (D 22,1,1) (S 39,26,27) (S 38,27,28) (S 80,20,28) (D 22,1,1)
0 1 10 1489 428 5 (D 22,1,1) (S 89,1,2) (S 10,3,10) (S 11,16,17) (D 22,1,1)
0 1 11 1506 435 5 (D 22,1,1) (S 51,38,49) (S 58,50,51) (S 24,40,51) (D 22,1,1)
0 1 12 1339 225 5 (D 22,1,1) (S 43,15,20) (S 73,20,21) (S 12,17,21) (D 22,1,1)
0 1 13 1563 468 6 (D 22,1,1) (S 40,29,38) (S 18,34,43) (S 19,43,46) (S 77,34,35) (D 22,1,1)
0 1 14 1433 300 5 (D 22,1,1) (S 64,6,7) (S 8,7,14) (S 45,13,23) (D 22,1,1)
0 1 15 1531 562 6 (D 22,1,1) (S 28,25,33) (S 65,33,42) (S 61,18,25) (S 1,25,26) (D 22,1,1)
0 1 16 1532 302 6 (D 22,1,1) (S 21,22,30) (S 70,30,31) (S 30,31,40) (S 52,12,22) (D 22,1,1)
0 1 17 1539 651 7 (D 22,1,1) (S 3,35,44) (S 15,44,47) (S 66,48,49) (S 14,51,52) (S 59,31,32) (D 22,1,1)
0 1 18 1390 373 5 (D 22,1,1) (S 31,39,40) (S 16,40,41) (S 69,41,52) (D 22,1,1)
0 1 19 1381 512 5 (D 22,1,1) (S 22,1,8) (S 7,18,19) (S 50,19,26) (D 22,1,1)
0 1 20 1569 437 6 (D 22,1,1) (S 82,29,37) (S 78,33,34) (S 47,28,29) (S 35,21,22) (D 22,1,1)
0 1 21 1286 269 5 (D 22,1,1) (S 2,11,17) (S 0,11,12) (S 41,5,12) (D 22,1,1)
0 1 22 1554 509 7 (D 22,1,1) (S 57,8,18) (S 55,8,9) (S 56,9,19) (S 68,9,10) (S 53,15,16) (D 22,1,1)
0 1 23 1436 474 6 (D 22,1,1) (S 60,10,15) (S 44,2,3) (S 81,3,4) (S 29,5,6) (D 22,1,1)
0 1 24 1483 562 6 (D 22,1,1) (S 17,2,9) (S 4,16,21) (S 36,4,5) (S 42,6,13) (D 22,1,1)
0 1 25 1513 626 7 (D 22,1,1) (S 23,10,16) (S 79,10,11) (S 25,4,11) (S 84,23,24) (S 48,32,41) (D 22,1,1)
0 1 26 1518 586 6 (D 22,1,1) (S 86,12,13) (S 13,14,24) (S 49,37,48) (S 83,49,50) (D 22,1,1)
