414
6
20605733400
1751078024
0 1 1 122 149 27 (D 1,1,1) (S 6,1,40) (S 40,8,14) (S 13,14,15) (S 36,9,8) (S 26,8,9) (S 71,9,9) (S 29,10,16) (S 72,16,16) (S 63,11,11) (S 74,12,12) (S 38,2,3) (S 20,3,4) (S 28,4,5) (S 33,5,4) (S 34,3,2) (S 1,2,6) (S 10,6,7) (S 54,7,7) (S 17,33,34) (S 0,26,33) (S 43,3,7) (S 48,13,17) (S 14,17,18) (S 60,22,22) (S 55,20,20) (D 1,1,1)
0 1 2 9 8 3 (D 1,1,1) (S 7,1,33) (D 1,1,1)
0 1 3 112 149 34 (D 1,1,1) (S 45,1,6) (S 35,6,12) (S 2,12,17) (S 52,17,17) (S 50,17,13) (S 11,13,18) (S 57,18,18) (S 61,21,21) (S 18,21,22) (S 58,25,25) (S 24,25,24) (S 5,23,24) (S 49,24,25) (S 67,19,19) (S 23,13,12) (S 19,3,37) (S 53,37,37) (S 51,32,32) (S 66,31,31) (S 31,38,4) (S 21,4,38) (S 42,38,37) (S 65,36,36) (S 12,29,36) (S 46,36,35) (S 56,26,26) (S 30,26,34) (S 64,27,27) (S 75,28,28) (S 16,27,34) (S 59,34,34) (S 37,35,1) (D 1,1,1)
0 1 4 13 15 4 (D 1,1,1) (S 32,1,35) (S 25,35,36) (D 1,1,1)
0 1 5 57 56 13 (D 1,1,1) (S 44,1,11) (S 39,11,12) (S 22,12,6) (S 70,2,2) (S 8,29,30) (S 62,30,30) (S 27,30,31) (S 41,31,38) (S 69,38,38) (S 15,38,39) (S 3,5,39) (D 1,1,1)
0 1 6 26 37 7 (D 1,1,1) (S 68,8,8) (S 9,8,40) (S 4,1,10) (S 47,9,15) (S 73,15,15) (D 1,1,1)
