332
10
1680371700
1751077303
0 1 1 26 72 10 (D 1,1,1) (S 0,26,27) (S 39,27,27) (S 20,3,4) (S 13,4,10) (S 36,6,6) (S 7,22,23) (S 32,23,23) (S 31,24,24) (D 1,1,1)
0 1 2 27 46 9 (D 1,1,1) (S 2,12,13) (S 24,13,15) (S 28,15,15) (S 4,15,20) (S 15,20,21) (S 3,21,23) (S 16,25,26) (D 1,1,1)
0 1 3 27 42 8 (D 1,1,1) (S 5,14,18) (S 10,14,20) (S 29,21,21) (S 18,21,22) (S 38,22,22) (S 11,23,24) (D 1,1,1)
0 1 4 20 56 8 (D 1,1,1) (S 30,10,10) (S 34,4,4) (S 17,4,6) (S 19,6,7) (S 12,7,11) (S 25,8,8) (D 1,1,1)
0 1 5 9 14 4 (D 1,1,1) (S 14,1,3) (S 26,3,3) (D 1,1,1)
0 1 6 9 8 3 (D 1,1,1) (S 8,2,12) (D 1,1,1)
0 1 7 2 6 3 (D 1,1,1) (S 21,2,1) (D 1,1,1)
0 1 8 1 2 3 (D 1,1,1) (S 35,19,19) (D 1,1,1)
0 1 9 12 32 6 (D 1,1,1) (S 1,13,14) (S 33,18,18) (S 6,18,21) (S 27,14,14) (D 1,1,1)
0 1 10 15 54 7 (D 1,1,1) (S 9,16,17) (S 40,17,17) (S 23,3,6) (S 37,5,5) (S 22,5,6) (D 1,1,1)
