132
6
311633700
1751077294
0 1 1 23 28 8 (D 1,1,1) (S 8,1,2) (S 10,2,9) (S 7,6,10) (S 27,10,10) (S 22,8,8) (S 17,3,11) (D 1,1,1)
0 1 2 25 34 8 (D 1,1,1) (S 1,1,9) (S 6,1,6) (S 15,6,7) (S 16,7,8) (S 18,2,6) (S 14,6,11) (D 1,1,1)
0 1 3 16 20 7 (D 1,1,1) (S 13,1,7) (S 21,7,7) (S 11,7,9) (S 5,9,10) (S 3,8,10) (D 1,1,1)
0 1 4 19 23 6 (D 1,1,1) (S 2,2,4) (S 24,4,4) (S 20,4,9) (S 19,6,9) (D 1,1,1)
0 1 5 17 14 5 (D 1,1,1) (S 4,2,5) (S 0,5,7) (S 9,1,11) (D 1,1,1)
0 1 6 12 13 6 (D 1,1,1) (S 26,2,2) (S 25,3,3) (S 12,3,5) (S 23,5,5) (D 1,1,1)
