566
11
277663760400
1751070639
0 1 1 56 30 8 (D 1,1,1) (S 42,1,33) (S 106,33,33) (S 25,26,27) (S 8,27,28) (S 22,28,35) (S 55,35,1) (D 1,1,1)
0 1 2 6 4 4 (D 1,1,1) (S 40,1,2) (S 90,2,1) (D 1,1,1)
0 1 3 16 7 4 (D 1,1,1) (S 69,1,6) (S 61,6,2) (D 1,1,1)
0 1 4 12 6 3 (D 1,1,1) (S 92,11,1) (D 1,1,1)
0 1 5 50 34 8 (D 1,1,1) (S 5,26,34) (S 15,27,34) (S 107,34,34) (S 97,26,26) (S 34,26,33) (S 71,33,1) (D 1,1,1)
0 1 6 134 93 26 (D 1,1,1) (S 84,2,3) (S 68,3,4) (S 95,4,4) (S 88,4,3) (S 93,3,7) (S 60,7,6) (S 70,6,12) (S 32,12,17) (S 101,17,17) (S 44,12,6) (S 89,6,7) (S 98,13,13) (S 10,13,19) (S 18,18,19) (S 6,18,22) (S 31,21,22) (S 11,22,25) (S 24,20,23) (S 17,23,24) (S 96,24,24) (S 102,25,25) (S 0,13,18) (S 91,13,7) (S 62,6,1) (D 1,1,1)
0 1 7 181 111 24 (D 1,1,1) (S 45,1,35) (S 13,35,36) (S 43,36,2) (S 56,2,36) (S 3,36,37) (S 85,37,3) (S 57,4,5) (S 100,5,5) (S 66,5,4) (S 35,13,17) (S 19,17,18) (S 27,37,38) (S 30,31,32) (S 108,32,32) (S 20,32,39) (S 37,7,13) (S 77,13,12) (S 51,12,11) (S 64,11,16) (S 49,16,10) (S 58,10,1) (S 48,2,6) (D 1,1,1)
0 1 8 18 18 6 (D 1,1,1) (S 47,40,8) (S 109,8,8) (S 53,8,40) (S 103,40,40) (D 1,1,1)
0 1 9 101 83 17 (D 1,1,1) (S 63,1,11) (S 59,11,12) (S 28,17,20) (S 29,20,21) (S 26,21,24) (S 33,24,25) (S 67,7,3) (S 74,3,37) (S 99,30,30) (S 9,30,37) (S 2,31,38) (S 7,38,39) (S 76,5,39) (S 79,39,5) (S 87,3,2) (D 1,1,1)
0 1 10 110 78 15 (D 1,1,1) (S 41,1,40) (S 81,40,1) (S 36,29,30) (S 4,30,31) (S 23,31,37) (S 16,33,34) (S 12,34,35) (S 78,1,8) (S 38,8,14) (S 105,14,14) (S 1,14,15) (S 21,15,16) (S 75,16,11) (D 1,1,1)
0 1 11 119 102 17 (D 1,1,1) (S 46,8,9) (S 65,10,16) (S 39,14,8) (S 94,8,1) (S 80,1,10) (S 54,10,9) (S 83,9,15) (S 82,15,9) (S 50,9,10) (S 72,9,8) (S 86,12,13) (S 52,4,38) (S 104,38,38) (S 73,38,4) (S 14,29,36) (D 1,1,1)
