579
11
90901742700
1751077951
0 1 1 18 28 8 (D 1,1,1) (S 76,1,16) (S 88,16,16) (S 107,15,15) (S 60,15,23) (S 96,23,23) (S 4,28,36) (D 1,1,1)
0 1 2 61 97 21 (D 1,1,1) (S 24,26,25) (S 35,25,26) (S 1,26,27) (S 54,27,28) (S 105,13,13) (S 93,21,21) (S 30,20,25) (S 92,25,25) (S 29,25,20) (S 23,20,21) (S 68,8,9) (S 61,8,13) (S 34,13,22) (S 102,22,22) (S 53,23,29) (S 41,29,24) (S 27,24,23) (S 43,9,13) (S 78,22,14) (D 1,1,1)
0 1 3 3 6 3 (D 1,1,1) (S 79,1,9) (D 1,1,1)
0 1 4 69 72 17 (D 1,1,1) (S 17,15,24) (S 85,24,24) (S 90,29,29) (S 3,38,46) (S 0,45,48) (S 75,48,49) (S 97,50,50) (S 49,30,24) (S 40,10,17) (S 89,17,17) (S 2,17,31) (S 91,31,31) (S 45,5,6) (S 99,6,6) (S 81,6,5) (D 1,1,1)
0 1 5 70 85 17 (D 1,1,1) (S 71,1,10) (S 98,11,11) (S 51,11,12) (S 22,12,19) (S 44,19,32) (S 38,47,39) (S 62,39,38) (S 87,38,38) (S 21,46,50) (S 100,49,49) (S 31,49,48) (S 52,43,48) (S 109,48,48) (S 72,37,29) (S 74,29,23) (D 1,1,1)
0 1 6 46 54 14 (D 1,1,1) (S 14,9,14) (S 101,14,14) (S 114,28,28) (S 58,28,27) (S 66,27,35) (S 10,35,36) (S 55,36,38) (S 47,47,40) (S 18,32,40) (S 36,32,19) (S 39,12,7) (S 110,5,5) (D 1,1,1)
0 1 7 57 51 16 (D 1,1,1) (S 84,2,2) (S 33,3,4) (S 19,4,7) (S 70,7,12) (S 37,12,11) (S 11,11,18) (S 94,18,18) (S 69,17,30) (S 15,30,38) (S 80,46,45) (S 111,45,45) (S 25,45,44) (S 48,44,37) (S 103,37,37) (D 1,1,1)
0 1 8 28 53 11 (D 1,1,1) (S 104,33,33) (S 50,33,25) (S 12,26,34) (S 26,34,35) (S 57,35,43) (S 5,41,42) (S 113,42,42) (S 108,34,34) (S 106,30,30) (D 1,1,1)
0 1 9 48 42 9 (D 1,1,1) (S 20,14,23) (S 7,28,29) (S 8,29,30) (S 42,39,40) (S 83,32,31) (S 9,17,24) (S 63,15,16) (D 1,1,1)
0 1 10 64 85 18 (D 1,1,1) (S 6,14,15) (S 73,23,24) (S 64,38,36) (S 16,36,44) (S 32,44,43) (S 95,43,43) (S 82,43,35) (S 112,39,39) (S 67,39,31) (S 77,31,32) (S 28,39,30) (S 56,30,17) (S 65,10,11) (S 59,4,3) (S 86,3,3) (S 13,3,6) (D 1,1,1)
0 1 11 4 6 3 (D 1,1,1) (S 46,9,1) (D 1,1,1)
