189
10
1077518700
1751077295
0 1 1 23 17 9 (D 1,1,1) (S 22,8,9) (S 35,9,9) (S 2,9,10) (S 41,3,3) (S 19,3,7) (S 38,7,7) (S 5,7,11) (D 1,1,1)
0 1 2 20 28 9 (D 1,1,1) (S 21,1,4) (S 9,2,6) (S 40,6,6) (S 30,6,9) (S 37,5,5) (S 6,5,6) (S 4,6,10) (D 1,1,1)
0 1 3 24 17 6 (D 1,1,1) (S 10,1,5) (S 3,5,8) (S 8,8,10) (S 7,10,11) (D 1,1,1)
0 1 4 22 14 6 (D 1,1,1) (S 29,1,2) (S 12,2,4) (S 14,4,10) (S 20,4,9) (D 1,1,1)
0 1 5 19 21 6 (D 1,1,1) (S 34,2,3) (S 17,3,4) (S 25,4,8) (S 39,8,8) (D 1,1,1)
0 1 6 17 24 6 (D 1,1,1) (S 18,2,10) (S 27,4,5) (S 1,5,10) (S 32,3,10) (D 1,1,1)
0 1 7 14 16 5 (D 1,1,1) (S 23,1,10) (S 0,3,8) (S 31,8,11) (D 1,1,1)
0 1 8 10 9 4 (D 1,1,1) (S 43,2,2) (S 26,2,8) (D 1,1,1)
0 1 9 11 23 6 (D 1,1,1) (S 13,1,3) (S 15,5,7) (S 24,7,9) (S 33,7,10) (D 1,1,1)
0 1 10 16 20 7 (D 1,1,1) (S 36,4,4) (S 16,4,11) (S 42,11,11) (S 28,2,7) (S 11,5,11) (D 1,1,1)
