545
7
143607600
1751077288
0 1 1 17 130 6 (D 1,1,1) (S 15,5,5) (S 5,10,11) (S 9,11,13) (S 12,8,9) (D 1,1,1)
0 1 2 13 14 4 (D 1,1,1) (S 1,1,3) (S 18,3,3) (D 1,1,1)
0 1 3 31 89 4 (D 1,1,1) (S 0,4,11) (S 10,11,12) (D 1,1,1)
0 1 4 28 96 6 (D 1,1,1) (S 11,1,4) (S 20,4,4) (S 14,4,10) (S 6,6,12) (D 1,1,1)
0 1 5 19 118 6 (D 1,1,1) (S 3,7,9) (S 19,9,9) (S 17,12,12) (S 13,6,10) (D 1,1,1)
0 1 6 20 28 4 (D 1,1,1) (S 4,1,2) (S 8,2,3) (D 1,1,1)
0 1 7 13 70 5 (D 1,1,1) (S 16,2,2) (S 7,2,8) (S 2,8,12) (D 1,1,1)
