603
9
21258602100
1751077763
0 1 1 25 24 9 (D 1,1,1) (S 5,1,2) (S 22,2,3) (S 57,3,3) (S 25,3,2) (S 19,2,9) (S 60,9,9) (S 29,9,2) (D 1,1,1)
0 1 2 23 40 11 (D 1,1,1) (S 31,7,4) (S 71,4,4) (S 67,7,7) (S 56,7,6) (S 70,6,6) (S 37,6,7) (S 23,4,7) (S 13,7,8) (S 63,8,8) (D 1,1,1)
0 1 3 43 81 11 (D 1,1,1) (S 42,8,13) (S 36,12,11) (S 4,11,20) (S 73,20,20) (S 14,20,27) (S 74,27,27) (S 58,16,16) (S 32,16,13) (S 38,13,16) (D 1,1,1)
0 1 4 65 91 16 (D 1,1,1) (S 11,1,5) (S 2,5,8) (S 47,30,25) (S 61,26,26) (S 0,26,30) (S 54,30,29) (S 50,29,21) (S 1,21,28) (S 45,28,29) (S 69,29,29) (S 48,30,23) (S 55,23,18) (S 59,18,18) (S 72,15,15) (D 1,1,1)
0 1 5 50 77 11 (D 1,1,1) (S 18,1,8) (S 64,17,17) (S 8,17,22) (S 49,22,21) (S 66,21,21) (S 35,21,29) (S 52,29,22) (S 39,14,13) (S 40,4,5) (D 1,1,1)
0 1 6 38 69 9 (D 1,1,1) (S 51,12,16) (S 15,16,21) (S 65,24,24) (S 6,24,27) (S 26,20,16) (S 27,16,12) (S 7,12,13) (D 1,1,1)
0 1 7 51 76 10 (D 1,1,1) (S 62,11,11) (S 53,11,16) (S 10,16,17) (S 9,14,15) (S 46,10,9) (S 43,9,10) (S 3,10,15) (S 20,15,9) (D 1,1,1)
0 1 8 39 47 6 (D 1,1,1) (S 44,14,17) (S 30,17,13) (S 28,13,8) (S 17,8,9) (D 1,1,1)
0 1 9 48 98 10 (D 1,1,1) (S 12,10,19) (S 16,22,25) (S 68,25,25) (S 34,25,29) (S 33,21,22) (S 24,22,29) (S 41,23,22) (S 21,14,8) (D 1,1,1)
