339
9
3274043400
1751077853
0 1 1 36 54 11 (D 1,1,1) (S 7,13,14) (S 13,14,8) (S 8,7,13) (S 20,13,17) (S 32,17,16) (S 33,16,17) (S 18,17,12) (S 37,12,12) (S 24,11,1) (D 1,1,1)
0 1 2 32 67 9 (D 1,1,1) (S 23,7,6) (S 4,6,11) (S 27,2,4) (S 44,4,4) (S 14,12,17) (S 46,17,17) (S 36,16,16) (D 1,1,1)
0 1 3 37 46 8 (D 1,1,1) (S 16,20,15) (S 29,15,21) (S 25,21,24) (S 1,21,23) (S 22,21,15) (S 41,15,15) (D 1,1,1)
0 1 4 41 31 8 (D 1,1,1) (S 11,1,19) (S 31,19,22) (S 10,22,23) (S 9,23,24) (S 43,24,24) (S 45,20,20) (D 1,1,1)
0 1 5 27 44 7 (D 1,1,1) (S 3,7,8) (S 12,8,14) (S 0,14,18) (S 19,17,18) (S 47,18,18) (D 1,1,1)
0 1 6 20 26 5 (D 1,1,1) (S 30,5,6) (S 35,6,6) (S 17,6,5) (D 1,1,1)
0 1 7 21 18 4 (D 1,1,1) (S 26,9,19) (S 28,19,20) (D 1,1,1)
0 1 8 32 37 7 (D 1,1,1) (S 40,5,5) (S 5,5,11) (S 34,11,11) (S 21,19,9) (S 6,3,4) (D 1,1,1)
0 1 9 13 16 7 (D 1,1,1) (S 42,9,9) (S 38,3,3) (S 2,3,10) (S 15,10,2) (S 39,2,2) (D 1,1,1)
