331
10
6712299300
1751078221
0 1 1 21 30 5 (D 1,1,1) (S 7,8,12) (S 15,12,11) (S 18,5,31) (D 1,1,1)
0 1 2 50 63 11 (D 1,1,1) (S 48,10,10) (S 9,10,11) (S 27,11,12) (S 29,12,18) (S 43,19,19) (S 28,19,22) (S 3,20,22) (S 40,9,9) (S 19,3,2) (D 1,1,1)
0 1 3 24 19 6 (D 1,1,1) (S 8,1,7) (S 47,7,7) (S 11,7,6) (S 53,6,6) (D 1,1,1)
0 1 4 9 22 6 (D 1,1,1) (S 50,3,3) (S 4,3,9) (S 22,9,4) (S 49,4,4) (D 1,1,1)
0 1 5 17 17 6 (D 1,1,1) (S 38,31,31) (S 21,5,6) (S 32,6,11) (S 30,11,6) (D 1,1,1)
0 1 6 1 4 3 (D 1,1,1) (S 45,2,2) (D 1,1,1)
0 1 7 4 6 3 (D 1,1,1) (S 10,1,31) (D 1,1,1)
0 1 8 49 56 17 (D 1,1,1) (S 39,28,28) (S 24,28,26) (S 42,26,26) (S 37,27,27) (S 34,24,24) (S 36,23,23) (S 1,23,25) (S 31,25,28) (S 23,5,10) (S 54,17,17) (S 51,16,16) (S 52,15,15) (S 26,15,14) (S 46,14,14) (S 17,10,5) (D 1,1,1)
0 1 9 50 72 11 (D 1,1,1) (S 44,30,30) (S 25,30,29) (S 33,29,29) (S 35,18,18) (S 12,18,19) (S 2,19,21) (S 5,21,22) (S 14,21,18) (S 6,8,9) (D 1,1,1)
0 1 10 23 42 7 (D 1,1,1) (S 0,4,13) (S 41,13,13) (S 16,19,18) (S 13,18,12) (S 20,12,13) (D 1,1,1)
