286
10
1419890400
1751077303
0 1 1 22 38 9 (D 1,1,1) (S 18,12,13) (S 33,13,13) (S 19,13,14) (S 23,14,21) (S 39,21,21) (S 11,21,25) (S 0,26,27) (D 1,1,1)
0 1 2 20 30 9 (D 1,1,1) (S 37,5,5) (S 22,5,6) (S 28,3,3) (S 26,3,6) (S 4,6,8) (S 31,8,8) (S 30,24,24) (D 1,1,1)
0 1 3 26 43 8 (D 1,1,1) (S 15,15,20) (S 7,18,21) (S 2,21,23) (S 40,23,23) (S 8,22,23) (S 25,23,26) (D 1,1,1)
0 1 4 9 31 5 (D 1,1,1) (S 10,1,27) (S 9,22,25) (S 17,25,26) (D 1,1,1)
0 1 5 12 16 4 (D 1,1,1) (S 13,1,15) (S 3,15,17) (D 1,1,1)
0 1 6 1 6 3 (D 1,1,1) (S 35,2,2) (D 1,1,1)
0 1 7 13 36 6 (D 1,1,1) (S 21,3,4) (S 34,6,6) (S 20,6,7) (S 14,7,11) (D 1,1,1)
0 1 8 8 20 6 (D 1,1,1) (S 6,10,11) (S 29,4,4) (S 1,4,19) (S 36,19,19) (D 1,1,1)
0 1 9 10 34 5 (D 1,1,1) (S 24,1,17) (S 38,16,16) (S 27,14,14) (D 1,1,1)
0 1 10 15 32 6 (D 1,1,1) (S 12,14,20) (S 16,20,21) (S 32,18,18) (S 5,12,19) (D 1,1,1)
