9557
20
366460484700
1751070773
0 1 1 1553 864 18 (D 86,1,1) (S 38,100,101) (S 93,101,101) (S 18,91,79) (S 112,79,79) (S 70,92,92) (S 45,93,82) (S 4,81,80) (S 82,80,80) (S 31,77,76) (S 64,76,76) (S 106,75,75) (S 49,75,74) (S 81,74,74) (S 9,64,77) (S 46,65,78) (S 71,99,99) (D 86,1,1)
0 1 2 1 72 3 (D 86,1,1) (S 68,85,85) (D 86,1,1)
0 1 3 823 229 7 (D 86,1,1) (S 79,83,83) (S 117,84,84) (S 19,84,70) (S 32,70,83) (S 11,84,96) (D 86,1,1)
0 1 4 1 44 3 (D 86,1,1) (S 110,87,87) (D 86,1,1)
0 1 5 325 121 3 (D 86,1,1) (S 47,99,98) (D 86,1,1)
0 1 6 952 352 11 (D 86,1,1) (S 69,120,120) (S 65,133,133) (S 17,133,143) (S 102,143,143) (S 35,142,141) (S 51,141,131) (S 12,131,132) (S 91,122,122) (S 76,98,98) (D 86,1,1)
0 1 7 116 199 4 (D 86,1,1) (S 66,100,100) (S 41,100,89) (D 86,1,1)
0 1 8 1 156 3 (D 86,1,1) (S 96,71,71) (D 86,1,1)
0 1 9 992 530 13 (D 86,1,1) (S 14,110,111) (S 103,113,113) (S 84,125,125) (S 57,136,137) (S 30,147,146) (S 25,145,144) (S 105,144,144) (S 2,144,134) (S 116,121,121) (S 37,108,109) (S 94,109,109) (D 86,1,1)
0 1 10 28 228 4 (D 86,1,1) (S 7,61,62) (S 104,62,62) (D 86,1,1)
0 1 11 1465 963 15 (D 86,1,1) (S 23,104,115) (S 124,117,117) (S 56,117,106) (S 131,103,103) (S 115,127,127) (S 10,114,113) (S 136,123,123) (S 39,140,118) (S 95,140,140) (S 26,140,141) (S 80,132,132) (S 83,142,142) (S 6,142,132) (D 86,1,1)
0 1 12 1492 716 18 (D 86,1,1) (S 13,125,124) (S 121,124,124) (S 36,123,111) (S 123,91,91) (S 52,82,69) (S 29,69,56) (S 119,68,68) (S 101,67,67) (S 72,54,54) (S 27,53,52) (S 21,52,51) (S 89,50,50) (S 140,48,48) (S 130,47,47) (S 127,46,46) (S 0,59,72) (D 86,1,1)
0 1 13 527 532 10 (D 86,1,1) (S 108,27,27) (S 60,27,28) (S 85,28,28) (S 132,29,29) (S 22,17,8) (S 87,10,10) (S 111,42,42) (S 90,53,53) (D 86,1,1)
0 1 14 616 796 14 (D 86,1,1) (S 98,94,94) (S 77,108,108) (S 59,108,95) (S 43,95,84) (S 63,58,58) (S 74,22,22) (S 114,2,2) (S 135,3,3) (S 1,3,4) (S 100,5,5) (S 138,6,6) (S 67,39,39) (D 86,1,1)
0 1 15 1288 791 11 (D 86,1,1) (S 126,135,135) (S 88,148,148) (S 54,127,128) (S 58,116,129) (S 33,129,128) (S 16,126,137) (S 137,137,137) (S 122,114,114) (S 40,90,78) (D 86,1,1)
0 1 16 1640 1112 15 (D 86,1,1) (S 34,73,60) (S 42,60,61) (S 55,37,38) (S 44,38,37) (S 28,15,14) (S 53,4,5) (S 75,41,41) (S 20,93,106) (S 120,116,116) (S 109,130,130) (S 86,139,139) (S 107,150,150) (S 61,138,128) (D 86,1,1)
0 1 17 1161 1033 16 (D 86,1,1) (S 134,30,30) (S 73,32,32) (S 48,20,11) (S 125,12,12) (S 50,12,21) (S 99,33,33) (S 62,43,43) (S 3,42,41) (S 129,20,20) (S 5,19,18) (S 113,16,16) (S 139,14,14) (S 128,13,13) (S 133,64,64) (D 86,1,1)
0 1 18 514 261 5 (D 86,1,1) (S 15,63,50) (S 8,50,51) (S 92,51,51) (D 86,1,1)
0 1 19 292 301 4 (D 86,1,1) (S 78,65,65) (S 24,65,52) (D 86,1,1)
0 1 20 2 257 4 (D 86,1,1) (S 118,45,45) (S 97,44,44) (D 86,1,1)
