156
10
1078113600
1751077302
0 1 1 19 18 7 (D 1,1,1) (S 21,1,7) (S 29,7,10) (S 15,3,7) (S 37,7,7) (S 24,3,8) (D 1,1,1)
0 1 2 12 14 6 (D 1,1,1) (S 8,1,6) (S 27,6,9) (S 2,3,11) (S 38,11,11) (D 1,1,1)
0 1 3 16 17 5 (D 1,1,1) (S 26,1,2) (S 1,2,5) (S 19,5,10) (D 1,1,1)
0 1 4 20 14 5 (D 1,1,1) (S 9,1,5) (S 10,5,8) (S 0,8,10) (D 1,1,1)
0 1 5 12 8 4 (D 1,1,1) (S 5,4,10) (S 22,10,11) (D 1,1,1)
0 1 6 5 4 3 (D 1,1,1) (S 20,1,10) (D 1,1,1)
0 1 7 14 22 8 (D 1,1,1) (S 23,4,6) (S 16,6,7) (S 12,7,11) (S 17,1,9) (S 7,3,6) (S 36,2,2) (D 1,1,1)
0 1 8 12 22 8 (D 1,1,1) (S 3,1,8) (S 34,8,8) (S 25,4,5) (S 4,5,6) (S 35,4,4) (S 18,4,9) (D 1,1,1)
0 1 9 10 20 6 (D 1,1,1) (S 11,1,3) (S 14,3,4) (S 33,6,6) (S 28,6,11) (D 1,1,1)
0 1 10 15 17 7 (D 1,1,1) (S 6,2,3) (S 30,3,3) (S 32,5,5) (S 13,5,9) (S 31,9,9) (D 1,1,1)
