267
7
10247901000
1751078019
0 1 1 68 67 21 (D 1,1,1) (S 1,3,9) (S 12,9,13) (S 31,13,12) (S 54,12,12) (S 42,11,11) (S 4,11,17) (S 41,17,17) (S 52,5,5) (S 44,28,28) (S 24,26,27) (S 17,27,26) (S 37,27,24) (S 21,27,29) (S 47,29,29) (S 14,26,23) (S 56,23,23) (S 9,23,24) (S 32,24,27) (S 18,29,31) (D 1,1,1)
0 1 2 102 87 23 (D 1,1,1) (S 5,1,2) (S 3,2,3) (S 16,3,4) (S 0,4,13) (S 25,13,19) (S 23,19,21) (S 50,21,21) (S 15,21,18) (S 57,18,18) (S 7,21,22) (S 8,19,20) (S 40,20,20) (S 53,19,19) (S 28,19,13) (S 43,9,9) (S 26,9,8) (S 45,8,8) (S 51,7,7) (S 49,6,6) (S 30,28,25) (S 48,25,25) (D 1,1,1)
0 1 3 12 8 3 (D 1,1,1) (S 6,1,30) (D 1,1,1)
0 1 4 1 16 3 (D 1,1,1) (S 39,4,4) (D 1,1,1)
0 1 5 81 61 14 (D 1,1,1) (S 33,2,8) (S 20,6,5) (S 2,5,10) (S 10,10,16) (S 55,16,16) (S 19,16,15) (S 29,15,14) (S 46,14,14) (S 35,10,11) (S 11,11,12) (S 38,12,8) (S 13,8,9) (D 1,1,1)
0 1 6 13 22 4 (D 1,1,1) (S 27,28,26) (S 36,26,28) (D 1,1,1)
0 1 7 4 6 4 (D 1,1,1) (S 34,1,31) (S 22,31,1) (D 1,1,1)
