3523
8
4441954200
1751070649
0 1 1 1774 282 9 (D 21,1,1) (S 13,17,22) (S 16,27,26) (S 49,26,25) (S 44,25,33) (S 52,24,24) (S 37,24,25) (S 43,25,20) (D 21,1,1)
0 1 2 939 208 7 (D 21,1,1) (S 42,21,17) (S 14,17,16) (S 51,16,15) (S 19,14,24) (S 26,25,21) (D 21,1,1)
0 1 3 1625 552 9 (D 21,1,1) (S 10,21,22) (S 23,35,36) (S 5,36,37) (S 35,38,30) (S 1,34,33) (S 9,33,32) (S 33,32,24) (D 21,1,1)
0 1 4 1794 484 11 (D 21,1,1) (S 30,18,10) (S 40,10,4) (S 32,11,10) (S 50,10,9) (S 29,9,8) (S 11,7,6) (S 12,6,12) (S 22,12,13) (S 24,13,15) (D 21,1,1)
0 1 5 1671 790 9 (D 21,1,1) (S 21,19,30) (S 7,29,23) (S 27,22,17) (S 0,6,1) (S 46,2,3) (S 28,4,5) (S 18,5,11) (D 21,1,1)
0 1 6 1744 413 10 (D 21,1,1) (S 48,34,35) (S 15,36,31) (S 4,31,28) (S 47,28,29) (S 39,23,22) (S 17,8,7) (S 31,7,13) (S 45,20,21) (D 21,1,1)
0 1 7 1573 427 7 (D 21,1,1) (S 3,18,19) (S 25,19,10) (S 41,10,18) (S 8,18,23) (S 38,16,8) (D 21,1,1)
0 1 8 1307 367 7 (D 21,1,1) (S 20,17,18) (S 6,26,34) (S 34,35,27) (S 36,27,31) (S 2,31,27) (D 21,1,1)
