99629
9
18078112889700
1751077303
0 1 1 1986 10142 70 (D 572,1,1) (S 156,62,62) (S 409,134,134) (S 241,150,150) (S 253,179,179) (S 230,51,51) (S 79,339,340) (S 398,122,122) (S 295,67,67) (S 34,324,325) (S 435,85,85) (S 95,353,354) (S 370,152,152) (S 372,47,47) (S 421,61,61) (S 386,143,143) (S 341,26,26) (S 384,144,144) (S 325,121,121) (S 366,155,155) (S 199,242,242) (S 197,197,197) (S 154,201,201) (S 316,185,185) (S 15,407,409) (S 46,355,356) (S 86,407,408) (S 5,408,419) (S 128,379,469) (S 134,427,428) (S 1,428,473) (S 336,239,239) (S 437,206,206) (S 147,397,415) (S 44,390,453) (S 6,390,391) (S 145,391,392) (S 58,391,394) (S 30,416,451) (S 14,383,384) (S 362,100,100) (S 302,162,162) (S 20,377,378) (S 119,279,363) (S 72,363,364) (S 440,279,279) (S 123,262,347) (S 326,174,174) (S 66,327,362) (S 49,327,328) (S 201,262,262) (S 419,228,228) (S 205,237,237) (S 130,205,461) (S 73,461,478) (S 126,460,461) (S 105,460,482) (S 16,464,465) (S 352,190,190) (S 167,291,291) (S 307,212,212) (S 438,230,230) (S 174,41,41) (S 260,146,146) (S 4,375,376) (S 153,7,7) (S 226,106,106) (S 272,72,72) (S 300,107,107) (D 572,1,1)
0 1 2 1991 9868 56 (D 572,1,1) (S 392,238,238) (S 67,425,454) (S 70,425,426) (S 90,470,471) (S 93,414,441) (S 10,441,442) (S 29,441,449) (S 146,411,412) (S 62,389,400) (S 112,432,434) (S 61,432,479) (S 19,366,400) (S 319,225,225) (S 132,395,396) (S 142,395,463) (S 89,463,483) (S 116,443,444) (S 47,395,413) (S 38,413,468) (S 96,369,456) (S 7,423,424) (S 82,334,335) (S 407,156,156) (S 418,159,159) (S 32,368,369) (S 52,485,486) (S 107,489,490) (S 144,421,422) (S 364,111,111) (S 262,270,270) (S 299,286,286) (S 353,267,267) (S 265,125,125) (S 373,126,126) (S 215,281,281) (S 402,257,257) (S 92,341,342) (S 328,198,198) (S 280,217,217) (S 202,151,151) (S 185,119,119) (S 180,277,277) (S 403,24,24) (S 314,14,14) (S 210,172,172) (S 377,221,221) (S 229,187,187) (S 278,195,195) (S 296,292,292) (S 367,86,86) (S 177,131,131) (S 264,184,184) (S 332,81,81) (S 187,37,37) (D 572,1,1)
0 1 3 1935 6747 58 (D 572,1,1) (S 324,294,294) (S 108,369,468) (S 110,468,472) (S 198,203,203) (S 113,203,452) (S 40,371,438) (S 41,370,484) (S 63,370,488) (S 39,370,371) (S 31,403,410) (S 77,404,450) (S 267,178,178) (S 0,178,222) (S 256,208,208) (S 413,288,288) (S 12,288,405) (S 35,405,406) (S 179,214,214) (S 99,405,481) (S 125,481,491) (S 192,235,235) (S 292,290,290) (S 207,84,84) (S 259,108,108) (S 97,365,372) (S 74,365,366) (S 121,432,433) (S 84,388,389) (S 196,186,186) (S 131,401,402) (S 88,185,387) (S 17,381,382) (S 27,379,380) (S 172,80,80) (S 65,80,326) (S 211,54,54) (S 273,75,75) (S 395,90,90) (S 227,71,71) (S 263,68,68) (S 424,43,43) (S 164,258,258) (S 26,308,309) (S 322,22,22) (S 315,69,69) (S 181,1,1) (S 340,2,2) (S 379,5,5) (S 173,38,38) (S 382,48,48) (S 344,59,59) (S 284,191,191) (S 213,199,199) (S 306,168,168) (S 216,229,229) (S 120,403,404) (D 572,1,1)
0 1 4 1876 24904 108 (D 572,1,1) (S 208,104,104) (S 342,175,175) (S 360,98,98) (S 327,176,176) (S 104,474,475) (S 282,283,283) (S 25,447,448) (S 50,448,480) (S 171,218,218) (S 8,288,420) (S 85,288,487) (S 137,470,472) (S 11,414,472) (S 141,413,418) (S 18,413,414) (S 106,414,471) (S 102,213,445) (S 103,445,455) (S 57,445,446) (S 423,213,213) (S 122,435,436) (S 9,436,458) (S 23,435,477) (S 163,205,205) (S 98,205,476) (S 361,192,192) (S 331,285,285) (S 251,112,112) (S 149,137,137) (S 290,157,157) (S 429,272,272) (S 261,259,259) (S 24,259,336) (S 365,127,127) (S 160,274,274) (S 127,360,361) (S 368,177,177) (S 195,52,52) (S 363,87,87) (S 240,248,248) (S 411,42,42) (S 333,46,46) (S 330,30,30) (S 91,46,330) (S 228,82,82) (S 190,169,169) (S 200,249,249) (S 417,173,173) (S 294,23,23) (S 133,304,305) (S 337,20,20) (S 369,50,50) (S 310,29,29) (S 157,73,73) (S 416,251,251) (S 405,35,35) (S 350,36,36) (S 312,39,39) (S 220,164,164) (S 244,282,282) (S 305,56,56) (S 321,247,247) (S 117,310,311) (S 297,31,31) (S 206,25,25) (S 245,55,55) (S 426,96,96) (S 289,246,246) (S 37,314,315) (S 21,302,303) (S 414,17,17) (S 33,298,299) (S 287,19,19) (S 183,9,9) (S 238,16,16) (S 223,245,245) (S 286,220,220) (S 36,466,467) (S 243,227,227) (S 397,226,226) (S 268,180,180) (S 222,210,210) (S 283,200,200) (S 81,337,338) (S 212,188,188) (S 189,116,116) (S 394,77,77) (S 274,74,74) (S 231,252,252) (S 158,141,141) (S 138,141,367) (S 334,99,99) (S 441,124,124) (S 399,209,209) (S 439,63,63) (S 148,103,103) (S 258,117,117) (S 393,160,160) (S 345,70,70) (S 396,101,101) (S 51,101,351) (S 124,423,456) (S 378,234,234) (S 348,215,215) (S 410,222,222) (S 329,240,240) (D 572,1,1)
0 1 5 1600 17872 87 (D 572,1,1) (S 298,224,224) (S 152,278,278) (S 406,145,145) (S 150,266,266) (S 388,264,264) (S 118,264,319) (S 111,319,320) (S 387,219,219) (S 349,241,241) (S 269,189,189) (S 165,293,293) (S 54,213,459) (S 143,243,492) (S 277,243,243) (S 69,243,493) (S 275,233,233) (S 255,231,231) (S 22,398,399) (S 53,399,457) (S 80,416,417) (S 235,260,260) (S 135,393,394) (S 43,394,415) (S 191,171,171) (S 431,128,128) (S 68,385,386) (S 266,78,78) (S 288,140,140) (S 234,166,166) (S 415,118,118) (S 318,271,271) (S 101,331,332) (S 323,64,64) (S 304,153,153) (S 176,13,13) (S 285,280,280) (S 161,91,91) (S 83,348,349) (S 430,4,4) (S 56,373,374) (S 313,3,3) (S 140,316,317) (S 188,105,105) (S 151,44,44) (S 159,287,287) (S 3,393,397) (S 357,204,204) (S 281,181,181) (S 408,211,211) (S 203,182,182) (S 236,289,289) (S 129,289,462) (S 257,268,268) (S 194,65,65) (S 254,132,132) (S 186,114,114) (S 385,113,113) (S 346,138,138) (S 64,358,359) (S 209,255,255) (S 374,76,76) (S 155,97,97) (S 248,10,10) (S 309,53,53) (S 239,95,95) (S 204,161,161) (S 48,430,431) (S 170,207,207) (S 71,207,437) (S 270,6,6) (S 247,110,110) (S 94,345,346) (S 308,223,223) (S 320,236,236) (S 389,183,183) (S 217,148,148) (S 246,149,149) (S 225,167,167) (S 139,312,313) (S 219,89,89) (S 78,89,329) (S 224,93,93) (S 338,79,79) (S 276,129,129) (S 279,58,58) (D 572,1,1)
0 1 6 1 94 3 (D 572,1,1) (S 383,57,57) (D 572,1,1)
0 1 7 561 12446 48 (D 572,1,1) (S 303,94,94) (S 401,269,269) (S 436,276,276) (S 214,265,265) (S 355,284,284) (S 87,284,357) (S 420,263,263) (S 433,135,135) (S 250,92,92) (S 358,275,275) (S 60,273,350) (S 427,273,273) (S 100,273,343) (S 2,343,344) (S 59,344,352) (S 182,163,163) (S 218,256,256) (S 317,261,261) (S 380,60,60) (S 221,133,133) (S 356,83,83) (S 162,102,102) (S 175,115,115) (S 178,170,170) (S 184,88,88) (S 301,254,254) (S 359,139,139) (S 252,123,123) (S 375,21,21) (S 55,300,301) (S 404,11,11) (S 422,32,32) (S 425,28,28) (S 271,120,120) (S 339,15,15) (S 136,322,323) (S 400,130,130) (S 343,147,147) (S 242,216,216) (S 391,196,196) (S 45,196,429) (S 371,232,232) (S 390,194,194) (S 168,154,154) (S 169,165,165) (S 432,45,45) (D 572,1,1)
0 1 8 523 10770 25 (D 572,1,1) (S 109,15,321) (S 311,40,40) (S 249,33,33) (S 13,33,34) (S 232,34,34) (S 233,193,193) (S 114,193,318) (S 376,27,27) (S 434,8,8) (S 351,244,244) (S 293,12,12) (S 42,12,297) (S 115,295,296) (S 291,250,250) (S 412,142,142) (S 381,49,49) (S 193,66,66) (S 428,109,109) (S 237,253,253) (S 347,202,202) (S 28,439,440) (S 75,102,333) (S 335,136,136) (D 572,1,1)
0 1 9 54 6786 5 (D 572,1,1) (S 76,306,307) (S 166,18,18) (S 354,158,158) (D 572,1,1)
