377
10
1614488700
1751077291
0 1 1 2 6 3 (D 1,1,1) (S 26,2,1) (D 1,1,1)
0 1 2 18 20 5 (D 1,1,1) (S 10,2,12) (S 22,12,13) (S 30,13,15) (D 1,1,1)
0 1 3 6 16 4 (D 1,1,1) (S 15,1,15) (S 41,15,15) (D 1,1,1)
0 1 4 25 45 10 (D 1,1,1) (S 19,15,20) (S 42,21,21) (S 38,18,18) (S 35,14,14) (S 14,14,20) (S 5,20,21) (S 18,21,23) (S 40,23,23) (D 1,1,1)
0 1 5 20 50 8 (D 1,1,1) (S 28,1,17) (S 44,16,16) (S 27,14,21) (S 13,21,25) (S 33,26,26) (S 43,27,27) (D 1,1,1)
0 1 6 12 32 5 (D 1,1,1) (S 12,22,25) (S 8,22,23) (S 4,23,26) (D 1,1,1)
0 1 7 26 41 8 (D 1,1,1) (S 29,3,6) (S 17,6,10) (S 16,4,10) (S 3,6,9) (S 45,5,5) (S 39,19,19) (D 1,1,1)
0 1 8 24 64 8 (D 1,1,1) (S 24,1,24) (S 0,24,27) (S 25,3,4) (S 7,10,11) (S 20,6,8) (S 32,3,3) (D 1,1,1)
0 1 9 20 59 8 (D 1,1,1) (S 23,13,14) (S 6,14,18) (S 1,18,25) (S 36,25,25) (S 2,6,7) (S 34,7,7) (D 1,1,1)
0 1 10 22 44 7 (D 1,1,1) (S 9,3,8) (S 31,8,8) (S 11,5,9) (S 37,4,4) (S 21,4,5) (D 1,1,1)
