347
11
1253337300
1751077305
0 1 1 10 28 5 (D 1,1,1) (S 26,6,6) (S 17,6,10) (S 36,4,4) (D 1,1,1)
0 1 2 3 6 4 (D 1,1,1) (S 31,2,2) (S 18,2,1) (D 1,1,1)
0 1 3 7 2 3 (D 1,1,1) (S 2,1,19) (D 1,1,1)
0 1 4 11 28 6 (D 1,1,1) (S 10,1,17) (S 30,15,15) (S 23,13,13) (S 28,14,14) (D 1,1,1)
0 1 5 11 36 7 (D 1,1,1) (S 29,18,18) (S 13,21,22) (S 32,22,22) (S 11,22,23) (S 33,23,23) (D 1,1,1)
0 1 6 17 53 6 (D 1,1,1) (S 14,8,9) (S 1,5,9) (S 35,5,5) (S 12,3,8) (D 1,1,1)
0 1 7 12 56 7 (D 1,1,1) (S 6,10,11) (S 0,6,7) (S 27,7,7) (S 22,3,3) (S 3,1,27) (D 1,1,1)
0 1 8 6 35 5 (D 1,1,1) (S 7,12,13) (S 15,14,16) (S 20,16,17) (D 1,1,1)
0 1 9 21 38 6 (D 1,1,1) (S 8,14,20) (S 21,20,21) (S 19,21,23) (S 16,23,26) (D 1,1,1)
0 1 10 11 24 5 (D 1,1,1) (S 24,24,24) (S 5,24,27) (S 25,26,26) (D 1,1,1)
0 1 11 14 41 5 (D 1,1,1) (S 34,25,25) (S 9,18,21) (S 4,21,25) (D 1,1,1)
