9449
14
424251550800
1751070679
0 1 1 305 1208 24 (D 1,1,1) (S 66,49,50) (S 126,50,50) (S 103,52,52) (S 71,52,54) (S 113,54,54) (S 15,54,52) (S 9,50,49) (S 10,19,18) (S 131,72,72) (S 111,70,70) (S 114,73,73) (S 121,74,74) (S 60,20,19) (S 107,12,12) (S 132,11,11) (S 61,9,10) (S 97,2,4) (S 24,4,5) (S 118,6,6) (S 52,5,4) (S 41,4,2) (S 1,2,1) (D 1,1,1)
0 1 2 200 642 14 (D 1,1,1) (S 74,4,69) (S 29,69,59) (S 141,59,59) (S 20,44,45) (S 129,45,45) (S 44,45,44) (S 89,47,48) (S 125,48,48) (S 27,48,47) (S 43,49,47) (S 96,12,16) (S 79,16,12) (D 1,1,1)
0 1 3 297 820 13 (D 1,1,1) (S 128,58,58) (S 135,57,57) (S 69,57,42) (S 115,41,41) (S 48,35,32) (S 38,32,34) (S 130,34,34) (S 95,34,32) (S 23,35,41) (S 90,42,57) (S 35,57,58) (D 1,1,1)
0 1 4 305 914 14 (D 1,1,1) (S 137,23,23) (S 26,23,31) (S 77,31,32) (S 28,32,33) (S 119,36,36) (S 62,33,32) (S 92,32,31) (S 6,31,23) (S 30,23,75) (S 45,21,51) (S 25,2,3) (S 51,3,2) (D 1,1,1)
0 1 5 305 890 21 (D 1,1,1) (S 85,15,17) (S 18,17,15) (S 104,15,15) (S 40,15,18) (S 31,18,19) (S 102,19,19) (S 57,19,21) (S 75,21,22) (S 122,24,24) (S 67,75,23) (S 136,27,27) (S 106,28,28) (S 139,29,29) (S 2,51,49) (S 112,49,49) (S 42,47,46) (S 98,46,44) (S 84,44,59) (S 76,59,69) (D 1,1,1)
0 1 6 243 546 11 (D 1,1,1) (S 34,69,58) (S 46,58,60) (S 8,60,62) (S 82,62,66) (S 88,66,68) (S 133,68,68) (S 21,68,66) (S 101,66,62) (S 0,58,69) (D 1,1,1)
0 1 7 252 674 18 (D 1,1,1) (S 73,59,44) (S 87,47,49) (S 58,49,51) (S 13,51,21) (S 11,21,19) (S 53,19,20) (S 7,18,15) (S 65,13,16) (S 105,16,16) (S 36,16,13) (S 116,13,13) (S 17,13,14) (S 138,14,14) (S 37,14,13) (S 94,12,11) (S 14,10,9) (D 1,1,1)
0 1 8 274 818 12 (D 1,1,1) (S 68,44,43) (S 123,43,43) (S 64,43,44) (S 72,60,61) (S 120,61,61) (S 83,61,60) (S 32,56,55) (S 127,55,55) (S 100,55,56) (S 4,58,59) (D 1,1,1)
0 1 9 281 957 13 (D 1,1,1) (S 49,58,57) (S 47,41,35) (S 99,32,35) (S 117,39,39) (S 134,38,38) (S 109,63,63) (S 80,63,65) (S 124,65,65) (S 56,65,63) (S 39,62,60) (S 63,60,58) (D 1,1,1)
0 1 10 289 738 10 (D 1,1,1) (S 16,59,11) (S 70,11,12) (S 50,76,20) (S 81,20,76) (S 55,11,59) (S 19,59,58) (S 91,62,63) (S 22,63,62) (D 1,1,1)
0 1 11 116 580 10 (D 1,1,1) (S 78,46,47) (S 54,22,75) (S 86,75,22) (S 110,22,22) (S 12,22,21) (S 33,50,52) (S 3,52,50) (S 93,44,46) (D 1,1,1)
0 1 12 76 248 4 (D 1,1,1) (S 140,69,69) (S 59,69,4) (D 1,1,1)
0 1 13 32 64 3 (D 1,1,1) (S 5,1,2) (D 1,1,1)
0 1 14 1 350 3 (D 1,1,1) (S 108,10,10) (D 1,1,1)
