342
10
776219700
1751077295
0 1 1 27 38 8 (D 1,1,1) (S 17,1,19) (S 5,1,15) (S 32,14,14) (S 26,18,25) (S 8,22,23) (S 34,24,24) (D 1,1,1)
0 1 2 26 38 8 (D 1,1,1) (S 9,2,12) (S 28,13,15) (S 31,15,15) (S 24,15,17) (S 37,17,17) (S 11,16,17) (D 1,1,1)
0 1 3 24 35 7 (D 1,1,1) (S 29,3,3) (S 4,3,8) (S 10,8,9) (S 35,5,5) (S 23,5,6) (D 1,1,1)
0 1 4 24 39 6 (D 1,1,1) (S 1,12,13) (S 20,14,18) (S 14,21,25) (S 15,23,24) (D 1,1,1)
0 1 5 13 48 5 (D 1,1,1) (S 36,6,6) (S 16,7,11) (S 0,10,11) (D 1,1,1)
0 1 6 2 6 3 (D 1,1,1) (S 22,2,1) (D 1,1,1)
0 1 7 9 36 5 (D 1,1,1) (S 33,4,4) (S 6,4,10) (S 19,6,8) (D 1,1,1)
0 1 8 17 31 6 (D 1,1,1) (S 13,1,27) (S 12,22,25) (S 21,25,26) (S 25,26,27) (D 1,1,1)
0 1 9 11 32 5 (D 1,1,1) (S 2,13,14) (S 7,18,21) (S 30,21,21) (D 1,1,1)
0 1 10 12 39 5 (D 1,1,1) (S 18,20,21) (S 3,21,22) (S 27,23,26) (D 1,1,1)
