20073
27
2651359930800
1751071424
0 1 1 223 567 12 (D 1,1,1) (S 264,114,114) (S 207,107,108) (S 232,108,109) (S 274,108,108) (S 214,108,106) (S 188,106,105) (S 134,105,104) (S 180,104,102) (S 259,106,106) (S 148,113,114) (D 1,1,1)
0 1 2 218 498 10 (D 1,1,1) (S 60,113,112) (S 90,112,107) (S 135,109,108) (S 218,108,107) (S 157,107,106) (S 136,106,107) (S 109,107,112) (S 104,112,113) (D 1,1,1)
0 1 3 213 621 10 (D 1,1,1) (S 149,107,110) (S 106,110,107) (S 165,124,4) (S 179,4,124) (S 243,120,120) (S 237,117,119) (S 145,116,117) (S 200,117,116) (D 1,1,1)
0 1 4 217 514 15 (D 1,1,1) (S 283,123,123) (S 100,124,126) (S 66,126,127) (S 289,127,127) (S 124,127,128) (S 65,128,3) (S 198,3,128) (S 233,128,129) (S 199,129,127) (S 95,127,126) (S 277,131,131) (S 168,126,124) (S 164,119,117) (D 1,1,1)
0 1 5 215 603 18 (D 1,1,1) (S 160,84,82) (S 205,80,79) (S 216,78,77) (S 0,43,44) (S 250,44,44) (S 144,46,77) (S 184,77,78) (S 59,79,81) (S 240,81,80) (S 150,80,82) (S 56,82,84) (S 139,85,86) (S 62,86,85) (S 76,85,84) (S 84,84,85) (S 235,86,87) (D 1,1,1)
0 1 6 179 633 12 (D 1,1,1) (S 77,117,2) (S 263,2,2) (S 72,2,117) (S 193,77,76) (S 128,76,75) (S 260,75,75) (S 108,71,72) (S 210,72,71) (S 87,118,114) (S 74,114,113) (D 1,1,1)
0 1 7 224 1022 13 (D 1,1,1) (S 51,117,118) (S 46,13,14) (S 288,14,14) (S 45,13,16) (S 18,11,33) (S 42,34,45) (S 217,60,59) (S 143,58,70) (S 213,70,69) (S 53,102,104) (S 57,114,118) (D 1,1,1)
0 1 8 232 888 16 (D 1,1,1) (S 203,80,81) (S 221,81,79) (S 255,77,77) (S 158,77,46) (S 265,45,45) (S 20,34,139) (S 190,11,27) (S 244,25,25) (S 44,25,27) (S 290,28,28) (S 32,28,29) (S 24,29,33) (S 6,33,139) (S 22,42,43) (D 1,1,1)
0 1 9 215 1029 13 (D 1,1,1) (S 3,11,12) (S 12,12,20) (S 30,20,22) (S 23,34,35) (S 253,35,35) (S 9,35,37) (S 39,37,43) (S 68,72,74) (S 81,74,76) (S 110,76,77) (S 261,87,87) (D 1,1,1)
0 1 10 211 1060 16 (D 1,1,1) (S 33,27,28) (S 27,28,30) (S 2,30,31) (S 245,30,30) (S 122,44,73) (S 88,73,74) (S 103,74,72) (S 167,71,69) (S 212,67,68) (S 181,66,62) (S 120,62,63) (S 172,63,64) (S 73,64,63) (S 175,63,93) (D 1,1,1)
0 1 11 214 703 21 (D 1,1,1) (S 171,68,67) (S 80,67,69) (S 52,69,71) (S 270,71,71) (S 119,71,70) (S 137,70,58) (S 133,59,61) (S 251,48,48) (S 40,48,49) (S 28,49,140) (S 174,140,54) (S 102,54,55) (S 226,55,56) (S 159,65,64) (S 268,94,94) (S 266,104,104) (S 82,104,105) (S 117,105,106) (S 114,106,108) (D 1,1,1)
0 1 12 206 1238 14 (D 1,1,1) (S 17,12,13) (S 284,13,13) (S 248,20,20) (S 47,20,24) (S 249,24,24) (S 31,24,25) (S 41,25,26) (S 21,30,32) (S 246,32,32) (S 152,126,130) (S 147,130,126) (S 247,126,126) (D 1,1,1)
0 1 13 232 851 20 (D 1,1,1) (S 121,125,138) (S 191,138,136) (S 161,136,134) (S 105,134,133) (S 282,133,133) (S 178,133,132) (S 215,132,131) (S 125,131,138) (S 229,100,99) (S 280,99,99) (S 64,99,96) (S 281,95,95) (S 292,96,96) (S 94,96,95) (S 123,95,96) (S 141,96,97) (S 154,97,96) (S 113,96,99) (D 1,1,1)
0 1 14 231 903 17 (D 1,1,1) (S 142,79,78) (S 118,78,79) (S 271,80,80) (S 187,82,80) (S 162,92,89) (S 224,89,92) (S 273,103,103) (S 204,112,110) (S 186,110,111) (S 278,111,111) (S 219,111,110) (S 86,110,112) (S 67,113,103) (S 192,99,100) (S 177,118,117) (D 1,1,1)
0 1 15 223 887 18 (D 1,1,1) (S 286,102,102) (S 236,93,63) (S 189,63,62) (S 58,62,57) (S 97,58,59) (S 126,59,58) (S 257,70,70) (S 197,69,67) (S 55,69,70) (S 116,59,60) (S 227,60,45) (S 19,43,46) (S 36,46,47) (S 25,36,38) (S 262,38,38) (S 169,79,80) (D 1,1,1)
0 1 16 232 1183 10 (D 1,1,1) (S 275,8,8) (S 1,8,9) (S 15,10,19) (S 254,12,12) (S 50,20,21) (S 256,21,21) (S 14,23,24) (S 195,27,11) (D 1,1,1)
0 1 17 226 752 14 (D 1,1,1) (S 238,76,74) (S 130,74,73) (S 140,73,44) (S 13,44,45) (S 223,45,60) (S 228,60,61) (S 252,61,61) (S 112,61,60) (S 85,61,49) (S 269,49,49) (S 231,49,61) (S 69,61,59) (D 1,1,1)
0 1 18 224 881 13 (D 1,1,1) (S 75,70,71) (S 173,99,97) (S 211,97,98) (S 63,98,97) (S 206,97,99) (S 127,93,64) (S 225,64,65) (S 101,56,55) (S 209,55,140) (S 54,64,93) (S 111,103,113) (D 1,1,1)
0 1 19 133 423 10 (D 1,1,1) (S 146,1,116) (S 222,82,92) (S 98,92,82) (S 153,82,83) (S 163,83,81) (S 71,81,83) (S 234,83,84) (S 291,122,122) (D 1,1,1)
0 1 20 231 790 13 (D 1,1,1) (S 220,57,56) (S 185,55,54) (S 92,54,140) (S 16,48,50) (S 11,50,51) (S 258,51,51) (S 34,53,140) (S 91,140,55) (S 166,57,58) (S 239,58,57) (S 155,62,66) (D 1,1,1)
0 1 21 167 514 13 (D 1,1,1) (S 287,136,136) (S 182,136,137) (S 61,137,136) (S 156,136,138) (S 230,138,131) (S 183,131,132) (S 83,132,133) (S 96,133,134) (S 194,134,135) (S 242,135,133) (S 279,132,132) (D 1,1,1)
0 1 22 192 551 11 (D 1,1,1) (S 138,126,131) (S 132,131,126) (S 151,127,129) (S 70,129,128) (S 170,128,127) (S 196,133,135) (S 99,135,134) (S 78,134,136) (S 107,138,125) (D 1,1,1)
0 1 23 160 1062 9 (D 1,1,1) (S 267,7,7) (S 37,5,6) (S 7,6,8) (S 26,8,11) (S 48,52,53) (S 201,56,57) (S 208,57,62) (D 1,1,1)
0 1 24 32 337 5 (D 1,1,1) (S 202,87,86) (S 241,84,83) (S 176,83,82) (D 1,1,1)
0 1 25 18 36 3 (D 1,1,1) (S 115,116,1) (D 1,1,1)
0 1 26 206 855 14 (D 1,1,1) (S 93,72,73) (S 129,73,72) (S 131,67,66) (S 89,66,67) (S 79,75,76) (S 4,35,36) (S 272,36,36) (S 8,38,41) (S 276,41,41) (S 49,36,37) (S 10,37,42) (S 43,42,47) (D 1,1,1)
0 1 27 136 672 7 (D 1,1,1) (S 5,38,39) (S 285,39,39) (S 38,39,40) (S 29,40,41) (S 35,41,47) (D 1,1,1)
