357
10
1366395300
1751077287
0 1 1 24 43 7 (D 1,1,1) (S 46,16,16) (S 42,14,14) (S 25,14,18) (S 33,18,25) (S 10,22,23) (D 1,1,1)
0 1 2 7 2 3 (D 1,1,1) (S 19,1,19) (D 1,1,1)
0 1 3 21 49 8 (D 1,1,1) (S 34,1,17) (S 17,1,15) (S 4,15,20) (S 8,21,25) (S 26,25,26) (S 43,26,26) (D 1,1,1)
0 1 4 17 21 5 (D 1,1,1) (S 7,1,3) (S 2,3,8) (S 41,8,8) (D 1,1,1)
0 1 5 27 37 6 (D 1,1,1) (S 1,14,20) (S 22,20,21) (S 36,13,15) (S 32,15,17) (D 1,1,1)
0 1 6 20 38 6 (D 1,1,1) (S 29,1,24) (S 14,22,25) (S 9,18,21) (S 6,21,23) (D 1,1,1)
0 1 7 20 33 6 (D 1,1,1) (S 23,4,5) (S 12,5,9) (S 18,7,11) (S 37,12,19) (D 1,1,1)
0 1 8 26 52 8 (D 1,1,1) (S 15,1,27) (S 35,3,6) (S 20,6,9) (S 24,6,8) (S 5,3,4) (S 11,4,12) (D 1,1,1)
0 1 9 25 37 7 (D 1,1,1) (S 16,24,27) (S 13,8,9) (S 27,4,6) (S 39,6,6) (S 21,4,19) (D 1,1,1)
0 1 10 27 45 11 (D 1,1,1) (S 38,2,2) (S 3,2,12) (S 31,5,6) (S 44,10,10) (S 40,4,4) (S 28,12,13) (S 0,13,14) (S 30,21,22) (S 45,23,23) (D 1,1,1)
