273
9
3129948600
1751077987
0 1 1 45 57 11 (D 1,1,1) (S 22,5,6) (S 18,7,6) (S 45,12,12) (S 14,17,18) (S 41,18,18) (S 36,14,14) (S 38,8,8) (S 2,6,11) (S 20,11,1) (D 1,1,1)
0 1 2 40 27 9 (D 1,1,1) (S 30,1,9) (S 21,9,19) (S 42,19,19) (S 17,19,9) (S 43,3,3) (S 5,3,4) (S 24,4,5) (D 1,1,1)
0 1 3 37 30 7 (D 1,1,1) (S 10,1,19) (S 25,19,22) (S 8,22,23) (S 34,21,21) (S 40,15,15) (D 1,1,1)
0 1 4 45 33 7 (D 1,1,1) (S 7,1,20) (S 15,20,21) (S 1,21,23) (S 37,23,23) (S 23,24,21) (D 1,1,1)
0 1 5 17 34 7 (D 1,1,1) (S 4,5,11) (S 44,7,7) (S 6,7,13) (S 39,13,13) (S 16,13,17) (D 1,1,1)
0 1 6 8 16 4 (D 1,1,1) (S 13,20,15) (S 28,15,20) (D 1,1,1)
0 1 7 4 6 3 (D 1,1,1) (S 0,1,5) (D 1,1,1)
0 1 8 26 38 8 (D 1,1,1) (S 27,5,4) (S 31,2,2) (S 19,2,10) (S 12,10,2) (S 3,2,5) (S 11,1,11) (D 1,1,1)
0 1 9 12 32 8 (D 1,1,1) (S 35,6,6) (S 9,12,16) (S 32,16,16) (S 29,16,17) (S 33,17,17) (S 26,17,16) (D 1,1,1)
