744
13
190734746700
1751070648
0 1 1 70 49 14 (D 1,1,1) (S 81,1,5) (S 57,5,11) (S 102,11,11) (S 89,18,26) (S 115,26,26) (S 54,26,34) (S 25,34,40) (S 17,33,46) (S 86,46,47) (S 11,11,12) (S 93,12,13) (S 113,12,12) (D 1,1,1)
0 1 2 62 57 13 (D 1,1,1) (S 13,5,18) (S 88,18,19) (S 64,18,29) (S 116,29,29) (S 40,29,33) (S 4,33,39) (S 103,39,39) (S 55,33,34) (S 98,30,30) (S 99,5,5) (S 53,5,6) (D 1,1,1)
0 1 3 60 51 10 (D 1,1,1) (S 5,1,2) (S 62,2,7) (S 63,2,3) (S 68,3,4) (S 47,4,10) (S 8,3,9) (S 49,9,15) (S 101,14,14) (D 1,1,1)
0 1 4 72 70 13 (D 1,1,1) (S 12,1,6) (S 41,6,13) (S 73,13,14) (S 82,15,16) (S 90,16,17) (S 44,28,38) (S 111,38,38) (S 51,38,43) (S 22,36,37) (S 77,37,43) (S 18,43,50) (D 1,1,1)
0 1 5 57 48 10 (D 1,1,1) (S 39,6,7) (S 94,20,21) (S 15,21,22) (S 23,22,23) (S 75,14,15) (S 60,15,23) (S 31,23,31) (S 48,31,37) (D 1,1,1)
0 1 6 74 86 15 (D 1,1,1) (S 7,8,9) (S 32,9,10) (S 109,10,10) (S 79,10,17) (S 50,17,25) (S 97,25,25) (S 114,16,16) (S 9,12,20) (S 19,20,30) (S 21,34,35) (S 36,35,36) (S 80,42,44) (S 26,44,49) (D 1,1,1)
0 1 7 45 38 11 (D 1,1,1) (S 65,11,19) (S 0,19,26) (S 28,26,30) (S 37,30,34) (S 3,40,47) (S 66,47,48) (S 110,41,41) (S 59,41,49) (S 29,19,20) (D 1,1,1)
0 1 8 63 88 14 (D 1,1,1) (S 71,27,30) (S 16,40,41) (S 2,41,42) (S 112,44,44) (S 78,44,50) (S 27,45,50) (S 104,43,43) (S 100,36,36) (S 14,26,29) (S 67,29,39) (S 10,33,40) (S 6,27,31) (D 1,1,1)
0 1 9 49 52 8 (D 1,1,1) (S 76,7,8) (S 30,8,14) (S 91,9,16) (S 33,16,24) (S 24,24,32) (S 1,32,38) (D 1,1,1)
0 1 10 53 57 10 (D 1,1,1) (S 72,14,22) (S 106,22,22) (S 83,22,31) (S 52,31,32) (S 74,32,37) (S 84,37,38) (S 34,38,45) (S 69,43,45) (D 1,1,1)
0 1 11 67 75 13 (D 1,1,1) (S 35,23,24) (S 87,24,25) (S 95,25,28) (S 61,28,32) (S 107,32,32) (S 108,8,8) (S 42,7,13) (S 58,21,27) (S 43,27,36) (S 45,36,42) (S 46,42,43) (D 1,1,1)
0 1 12 7 8 3 (D 1,1,1) (S 70,6,12) (D 1,1,1)
0 1 13 45 65 9 (D 1,1,1) (S 38,27,35) (S 92,35,41) (S 85,41,48) (S 96,48,49) (S 56,49,50) (S 105,31,31) (S 20,13,21) (D 1,1,1)
