591
10
74079795900
1751078101
0 1 1 63 58 17 (D 1,1,1) (S 83,6,6) (S 66,6,7) (S 43,7,13) (S 79,13,13) (S 10,11,19) (S 92,19,19) (S 51,19,26) (S 72,26,26) (S 53,11,5) (S 8,5,6) (S 0,12,20) (S 12,20,21) (S 33,21,22) (S 103,14,14) (S 47,13,6) (D 1,1,1)
0 1 2 51 78 19 (D 1,1,1) (S 25,12,11) (S 3,26,34) (S 93,40,40) (S 80,46,46) (S 97,47,47) (S 65,47,40) (S 6,14,15) (S 102,15,15) (S 31,31,37) (S 75,37,37) (S 23,37,38) (S 85,38,38) (S 60,38,28) (S 78,28,28) (S 88,32,32) (S 89,23,23) (S 62,12,13) (D 1,1,1)
0 1 3 60 62 18 (D 1,1,1) (S 57,6,13) (S 18,21,27) (S 76,27,27) (S 1,27,36) (S 99,36,36) (S 70,42,42) (S 81,44,44) (S 9,44,49) (S 104,49,49) (S 24,34,30) (S 39,30,26) (S 13,18,19) (S 22,15,23) (S 49,23,22) (S 100,22,22) (S 64,22,21) (D 1,1,1)
0 1 4 70 85 16 (D 1,1,1) (S 16,2,3) (S 20,3,4) (S 26,4,10) (S 17,9,10) (S 77,10,10) (S 71,17,17) (S 11,17,25) (S 86,25,25) (S 82,24,24) (S 28,24,23) (S 84,16,16) (S 27,16,9) (S 74,8,8) (S 35,2,1) (D 1,1,1)
0 1 5 59 82 15 (D 1,1,1) (S 4,3,9) (S 95,9,9) (S 14,9,15) (S 30,23,31) (S 91,31,31) (S 50,31,23) (S 63,18,29) (S 5,29,33) (S 90,33,33) (S 101,39,39) (S 7,33,34) (S 67,26,18) (S 37,11,12) (D 1,1,1)
0 1 6 21 26 6 (D 1,1,1) (S 2,2,7) (S 34,7,8) (S 15,8,14) (S 42,7,6) (D 1,1,1)
0 1 7 44 80 12 (D 1,1,1) (S 59,20,30) (S 61,30,34) (S 21,34,40) (S 29,41,49) (S 44,50,45) (S 68,50,43) (S 36,43,37) (S 54,37,43) (S 56,45,50) (S 48,42,41) (D 1,1,1)
0 1 8 23 52 8 (D 1,1,1) (S 94,5,5) (S 45,5,18) (S 58,18,26) (S 40,35,41) (S 38,41,48) (S 98,48,48) (D 1,1,1)
0 1 9 38 64 11 (D 1,1,1) (S 55,16,24) (S 32,28,38) (S 46,38,45) (S 87,45,45) (S 52,45,43) (S 73,43,43) (S 96,35,35) (S 69,35,34) (S 19,27,31) (D 1,1,1)
0 1 10 4 4 3 (D 1,1,1) (S 41,6,1) (D 1,1,1)
