344
8
3340173300
1751077398
0 1 1 32 38 10 (D 1,1,1) (S 1,1,5) (S 30,5,6) (S 18,6,5) (S 49,5,5) (S 25,2,10) (S 16,10,2) (S 48,2,2) (S 28,2,4) (D 1,1,1)
0 1 2 39 44 6 (D 1,1,1) (S 29,19,20) (S 27,21,24) (S 31,24,21) (S 2,21,23) (D 1,1,1)
0 1 3 38 31 8 (D 1,1,1) (S 12,1,19) (S 22,19,9) (S 43,9,9) (S 5,3,4) (S 35,5,4) (S 32,4,5) (D 1,1,1)
0 1 4 40 44 8 (D 1,1,1) (S 8,1,20) (S 17,20,15) (S 47,15,15) (S 21,20,21) (S 38,1,9) (S 46,3,3) (D 1,1,1)
0 1 5 25 31 6 (D 1,1,1) (S 33,19,22) (S 40,22,22) (S 10,23,24) (S 24,21,15) (D 1,1,1)
0 1 6 38 35 10 (D 1,1,1) (S 13,1,11) (S 9,6,12) (S 50,12,12) (S 11,12,16) (S 37,16,17) (S 39,17,17) (S 19,17,12) (S 26,11,1) (D 1,1,1)
0 1 7 39 55 8 (D 1,1,1) (S 4,6,11) (S 36,6,7) (S 6,13,14) (S 20,18,17) (S 34,17,16) (S 42,16,16) (D 1,1,1)
0 1 8 39 66 11 (D 1,1,1) (S 3,7,8) (S 44,8,8) (S 41,14,14) (S 0,14,18) (S 14,12,17) (S 15,17,13) (S 23,7,6) (S 7,7,13) (S 45,13,13) (D 1,1,1)
