151
8
642275100
1751077294
0 1 1 26 31 8 (D 1,1,1) (S 27,6,7) (S 25,7,9) (S 10,4,11) (S 4,7,10) (S 9,3,9) (S 33,9,9) (D 1,1,1)
0 1 2 18 26 7 (D 1,1,1) (S 20,1,9) (S 13,4,10) (S 21,1,11) (S 8,2,4) (S 18,2,3) (D 1,1,1)
0 1 3 19 26 6 (D 1,1,1) (S 16,6,9) (S 30,2,2) (S 14,2,5) (S 12,5,11) (D 1,1,1)
0 1 4 25 21 6 (D 1,1,1) (S 24,1,8) (S 0,5,10) (S 26,3,11) (S 2,1,7) (D 1,1,1)
0 1 5 16 19 7 (D 1,1,1) (S 7,1,5) (S 5,5,8) (S 6,8,9) (S 15,4,6) (S 31,6,6) (D 1,1,1)
0 1 6 8 10 7 (D 1,1,1) (S 1,6,10) (S 35,10,10) (S 29,3,3) (S 3,3,7) (S 28,7,7) (D 1,1,1)
0 1 7 8 5 5 (D 1,1,1) (S 11,1,3) (S 19,3,5) (S 32,5,5) (D 1,1,1)
0 1 8 18 13 6 (D 1,1,1) (S 22,1,4) (S 34,4,4) (S 17,4,7) (S 23,3,10) (D 1,1,1)
