626
10
99896236800
1751077991
0 1 1 66 56 17 (D 1,1,1) (S 56,19,26) (S 3,26,34) (S 23,34,40) (S 36,40,47) (S 70,47,40) (S 9,40,41) (S 103,41,41) (S 67,6,12) (S 27,12,11) (S 110,11,11) (S 11,11,19) (S 16,19,20) (S 79,20,20) (S 52,13,6) (S 45,6,1) (D 1,1,1)
0 1 2 67 66 20 (D 1,1,1) (S 60,6,13) (S 78,13,13) (S 1,13,21) (S 20,21,27) (S 86,27,27) (S 0,27,36) (S 59,36,42) (S 53,42,41) (S 43,41,48) (S 26,34,30) (S 65,18,29) (S 94,29,29) (S 88,33,33) (S 10,33,34) (S 102,30,30) (S 44,30,26) (S 82,26,26) (S 107,12,12) (D 1,1,1)
0 1 3 74 102 18 (D 1,1,1) (S 21,27,31) (S 104,31,31) (S 34,31,37) (S 85,37,37) (S 25,37,38) (S 35,28,38) (S 63,38,28) (S 95,32,32) (S 33,23,31) (S 68,31,32) (S 73,43,42) (S 2,44,50) (S 51,50,45) (S 106,45,45) (S 84,43,43) (S 76,35,34) (D 1,1,1)
0 1 4 69 92 17 (D 1,1,1) (S 87,2,2) (S 4,3,9) (S 22,3,4) (S 30,4,10) (S 54,10,17) (S 12,17,25) (S 31,24,23) (S 109,15,15) (S 24,15,23) (S 57,23,22) (S 66,22,21) (S 18,13,14) (S 90,14,14) (S 69,23,24) (S 91,24,24) (D 1,1,1)
0 1 5 41 51 13 (D 1,1,1) (S 64,1,6) (S 93,6,6) (S 40,11,12) (S 96,16,16) (S 8,16,17) (S 81,17,17) (S 29,16,9) (S 48,9,8) (S 100,8,8) (S 32,8,7) (S 37,2,1) (D 1,1,1)
0 1 6 67 114 21 (D 1,1,1) (S 58,37,43) (S 61,43,50) (S 97,50,50) (S 111,44,44) (S 72,44,42) (S 47,42,36) (S 19,35,36) (S 46,35,41) (S 99,47,47) (S 89,46,46) (S 6,47,48) (S 77,48,48) (S 28,48,41) (S 62,18,26) (S 74,26,29) (S 42,39,29) (S 17,33,40) (S 14,18,19) (S 13,20,21) (D 1,1,1)
0 1 7 5 14 4 (D 1,1,1) (S 83,7,7) (S 49,7,6) (D 1,1,1)
0 1 8 24 47 7 (D 1,1,1) (S 5,25,28) (S 41,28,32) (S 105,38,38) (S 7,38,43) (S 55,31,23) (D 1,1,1)
0 1 9 12 22 5 (D 1,1,1) (S 39,7,8) (S 101,9,9) (S 15,9,15) (D 1,1,1)
0 1 10 16 62 10 (D 1,1,1) (S 98,5,5) (S 50,5,11) (S 38,21,22) (S 108,22,22) (S 92,42,42) (S 80,49,49) (S 71,49,41) (S 75,26,30) (D 1,1,1)
