562
7
88762535100
1751077796
0 1 1 114 113 27 (D 1,1,1) (S 27,1,16) (S 23,16,17) (S 75,17,30) (S 56,30,39) (S 81,39,40) (S 14,40,47) (S 73,18,17) (S 49,6,11) (S 110,11,11) (S 76,18,19) (S 11,19,32) (S 21,32,40) (S 86,32,31) (S 89,31,31) (S 99,17,17) (S 111,15,15) (S 17,27,35) (S 93,34,34) (S 51,34,42) (S 107,42,42) (S 84,43,44) (S 95,44,44) (S 1,37,38) (S 102,38,38) (S 66,30,17) (D 1,1,1)
0 1 2 136 129 29 (D 1,1,1) (S 13,1,9) (S 15,9,14) (S 50,14,23) (S 77,23,14) (S 96,14,14) (S 71,35,36) (S 18,36,44) (S 97,45,45) (S 82,45,50) (S 29,50,49) (S 79,49,45) (S 74,15,24) (S 35,24,29) (S 8,29,30) (S 31,30,24) (S 3,17,31) (S 28,31,39) (S 2,29,37) (S 12,37,44) (S 34,45,49) (S 54,50,45) (S 7,48,49) (S 36,49,50) (S 59,50,46) (S 61,43,42) (S 101,43,43) (S 44,43,35) (D 1,1,1)
0 1 3 100 127 30 (D 1,1,1) (S 69,15,23) (S 91,23,23) (S 105,28,28) (S 88,25,25) (S 10,25,33) (S 9,33,34) (S 43,36,38) (S 4,39,47) (S 106,40,40) (S 39,28,29) (S 92,29,29) (S 47,29,24) (S 32,24,23) (S 55,27,26) (S 85,20,21) (S 33,13,9) (S 70,8,13) (S 109,13,13) (S 67,13,21) (S 46,21,22) (S 78,28,36) (S 103,36,36) (S 65,36,35) (S 72,23,22) (S 25,25,26) (S 62,26,27) (S 64,27,28) (S 58,15,1) (D 1,1,1)
0 1 4 51 43 14 (D 1,1,1) (S 57,1,5) (S 80,5,2) (S 98,2,2) (S 40,3,4) (S 24,4,7) (S 26,5,6) (S 0,6,7) (S 52,12,19) (S 104,19,19) (S 42,19,12) (S 41,11,6) (S 48,5,1) (D 1,1,1)
0 1 5 28 48 10 (D 1,1,1) (S 63,23,29) (S 16,30,38) (S 5,38,46) (S 100,46,46) (S 53,11,10) (S 30,2,5) (S 6,5,10) (S 87,10,10) (D 1,1,1)
0 1 6 52 84 12 (D 1,1,1) (S 83,26,34) (S 22,33,41) (S 38,41,42) (S 37,20,25) (S 94,21,21) (S 20,13,22) (S 90,22,22) (S 19,8,9) (S 68,4,3) (S 60,3,6) (D 1,1,1)
0 1 7 5 18 4 (D 1,1,1) (S 45,12,7) (S 108,7,7) (D 1,1,1)
