451
8
27595869300
1751077750
0 1 1 136 146 28 (D 1,1,1) (S 52,1,6) (S 39,6,12) (S 27,12,6) (S 60,2,2) (S 0,2,6) (S 9,6,7) (S 13,7,13) (S 10,13,18) (S 3,18,22) (S 75,20,20) (S 42,20,17) (S 58,17,13) (S 74,26,26) (S 35,26,34) (S 61,34,34) (S 24,34,35) (S 7,29,30) (S 64,30,30) (S 20,31,32) (S 37,32,39) (S 49,3,7) (S 1,21,24) (S 70,23,23) (S 36,12,11) (S 19,11,16) (S 65,16,16) (D 1,1,1)
0 1 2 48 33 8 (D 1,1,1) (S 6,1,33) (S 16,33,34) (S 40,26,27) (S 69,27,27) (S 12,27,28) (S 17,28,35) (D 1,1,1)
0 1 3 3 4 3 (D 1,1,1) (S 21,1,2) (D 1,1,1)
0 1 4 12 16 3 (D 1,1,1) (S 4,1,10) (D 1,1,1)
0 1 5 103 115 23 (D 1,1,1) (S 53,1,11) (S 44,11,12) (S 2,12,17) (S 15,17,18) (S 47,18,19) (S 72,19,19) (S 26,13,12) (S 30,12,13) (S 55,13,17) (S 32,17,20) (S 18,21,22) (S 31,22,25) (S 28,25,24) (S 57,24,25) (S 73,25,25) (S 33,4,5) (S 71,5,5) (S 8,31,37) (S 50,37,36) (S 68,36,36) (S 11,29,36) (D 1,1,1)
0 1 6 39 31 9 (D 1,1,1) (S 56,1,8) (S 45,8,14) (S 14,14,15) (S 48,15,9) (S 76,9,9) (S 41,9,8) (S 63,8,8) (D 1,1,1)
0 1 7 20 36 8 (D 1,1,1) (S 23,3,4) (S 25,4,38) (S 46,31,38) (S 66,38,38) (S 51,36,35) (S 62,35,35) (D 1,1,1)
0 1 8 48 70 11 (D 1,1,1) (S 5,1,40) (S 29,8,9) (S 54,9,15) (S 22,15,16) (S 34,10,16) (S 59,31,30) (S 43,30,37) (S 67,3,3) (S 38,3,2) (D 1,1,1)
