390
8
22870758300
1751078229
0 1 1 1 4 3 (D 1,1,1) (S 21,1,2) (D 1,1,1)
0 1 2 1 8 3 (D 1,1,1) (S 53,8,8) (D 1,1,1)
0 1 3 69 65 15 (D 1,1,1) (S 8,1,10) (S 61,10,10) (S 40,9,15) (S 19,14,8) (S 23,8,9) (S 18,9,10) (S 0,1,40) (S 11,6,12) (S 17,12,17) (S 70,17,17) (S 63,13,13) (S 14,7,6) (S 25,6,1) (D 1,1,1)
0 1 4 121 138 28 (D 1,1,1) (S 32,2,36) (S 54,36,36) (S 20,37,31) (S 44,31,37) (S 16,37,30) (S 49,30,30) (S 9,30,31) (S 29,31,32) (S 60,32,32) (S 55,39,39) (S 2,7,13) (S 5,18,22) (S 4,23,24) (S 34,21,22) (S 45,25,25) (S 43,24,25) (S 13,25,22) (S 30,18,19) (S 52,3,3) (S 3,3,37) (S 59,37,37) (S 10,31,38) (S 67,5,5) (S 38,39,38) (S 42,36,29) (S 65,29,29) (D 1,1,1)
0 1 5 27 43 9 (D 1,1,1) (S 37,35,34) (S 56,33,33) (S 31,33,34) (S 58,27,27) (S 47,28,28) (S 28,28,35) (S 57,35,35) (D 1,1,1)
0 1 6 9 24 4 (D 1,1,1) (S 24,34,26) (S 48,26,26) (D 1,1,1)
0 1 7 8 7 6 (D 1,1,1) (S 27,1,6) (S 69,6,6) (S 64,2,2) (S 39,2,1) (D 1,1,1)
0 1 8 71 101 19 (D 1,1,1) (S 26,3,4) (S 46,4,4) (S 12,13,12) (S 22,12,11) (S 62,11,11) (S 1,11,16) (S 68,15,15) (S 35,15,9) (S 6,10,16) (S 7,15,16) (S 15,12,13) (S 50,22,22) (S 51,21,21) (S 41,21,20) (S 33,23,20) (S 66,20,20) (S 36,20,17) (D 1,1,1)
