457
8
2731713000
1751077989
0 1 1 8 14 5 (D 1,1,1) (S 40,3,3) (S 5,3,4) (S 39,4,4) (D 1,1,1)
0 1 2 4 10 3 (D 1,1,1) (S 24,1,3) (D 1,1,1)
0 1 3 35 79 12 (D 1,1,1) (S 31,5,5) (S 22,5,11) (S 10,15,21) (S 6,17,18) (S 27,18,14) (S 35,14,14) (S 21,14,18) (S 8,12,11) (S 16,11,5) (S 37,2,2) (D 1,1,1)
0 1 4 6 8 3 (D 1,1,1) (S 3,1,2) (D 1,1,1)
0 1 5 39 115 12 (D 1,1,1) (S 32,9,9) (S 20,10,11) (S 28,11,10) (S 18,10,20) (S 36,20,20) (S 26,24,21) (S 30,21,21) (S 25,21,15) (S 17,17,13) (S 7,12,13) (D 1,1,1)
0 1 6 15 56 6 (D 1,1,1) (S 2,11,15) (S 23,15,16) (S 34,16,16) (S 11,16,15) (D 1,1,1)
0 1 7 38 97 9 (D 1,1,1) (S 0,20,21) (S 13,12,6) (S 29,6,6) (S 12,8,7) (S 42,7,7) (S 1,8,14) (S 19,13,17) (D 1,1,1)
0 1 8 37 78 9 (D 1,1,1) (S 4,9,10) (S 9,24,23) (S 41,23,23) (S 14,23,22) (S 38,22,22) (S 33,19,19) (S 15,9,3) (D 1,1,1)
