46703
78
1822856762700
1751071148
0 1 1 117 985 12 (D 1,1,1) (S 315,13,17) (S 190,17,13) (S 264,19,10) (S 11,10,15) (S 294,15,16) (S 282,16,13) (S 395,14,14) (S 58,14,13) (S 103,17,15) (S 321,13,12) (D 1,1,1)
0 1 2 120 673 11 (D 1,1,1) (S 156,35,34) (S 287,34,45) (S 278,45,60) (S 179,60,59) (S 382,59,59) (S 286,58,57) (S 398,63,63) (S 392,104,104) (S 404,112,112) (D 1,1,1)
0 1 3 116 1102 11 (D 1,1,1) (S 214,13,14) (S 366,10,19) (S 297,19,18) (S 158,17,18) (S 107,18,19) (S 390,6,6) (S 157,6,5) (S 320,6,8) (S 361,33,139) (D 1,1,1)
0 1 4 120 742 11 (D 1,1,1) (S 76,106,105) (S 235,105,104) (S 189,94,100) (S 28,100,94) (S 183,64,65) (S 212,140,55) (S 101,52,51) (S 171,51,52) (S 35,52,53) (D 1,1,1)
0 1 5 115 593 11 (D 1,1,1) (S 306,117,2) (S 204,2,117) (S 355,131,132) (S 81,133,135) (S 34,135,134) (S 65,136,138) (S 40,138,125) (S 369,89,92) (S 67,92,89) (D 1,1,1)
0 1 6 119 619 10 (D 1,1,1) (S 59,73,44) (S 130,37,35) (S 402,35,35) (S 248,35,36) (S 109,36,35) (S 267,35,37) (S 209,37,43) (S 69,119,117) (D 1,1,1)
0 1 7 115 562 10 (D 1,1,1) (S 68,83,81) (S 96,81,79) (S 78,77,76) (S 105,76,74) (S 120,74,76) (S 247,77,46) (S 51,43,42) (S 313,42,47) (D 1,1,1)
0 1 8 111 370 10 (D 1,1,1) (S 10,120,121) (S 199,86,85) (S 152,84,82) (S 258,82,80) (S 268,80,81) (S 409,81,81) (S 115,81,83) (S 375,83,84) (D 1,1,1)
0 1 9 118 664 10 (D 1,1,1) (S 335,42,37) (S 50,36,38) (S 172,38,39) (S 131,39,38) (S 249,38,41) (S 184,41,40) (S 26,38,36) (S 252,37,42) (D 1,1,1)
0 1 10 118 684 10 (D 1,1,1) (S 211,102,101) (S 56,94,93) (S 151,65,64) (S 302,64,63) (S 143,71,75) (S 127,76,77) (S 260,46,47) (S 1,47,46) (D 1,1,1)
0 1 11 120 733 10 (D 1,1,1) (S 70,68,67) (S 54,74,73) (S 93,44,45) (S 362,45,34) (S 326,34,35) (S 100,40,41) (S 97,42,43) (S 250,79,80) (D 1,1,1)
0 1 12 119 1018 9 (D 1,1,1) (S 53,46,43) (S 393,11,11) (S 383,22,22) (S 9,22,20) (S 273,21,20) (S 75,20,22) (S 373,20,12) (D 1,1,1)
0 1 13 119 516 9 (D 1,1,1) (S 389,105,105) (S 125,94,95) (S 144,96,97) (S 244,97,96) (S 29,96,95) (S 322,105,106) (S 60,113,114) (D 1,1,1)
0 1 14 119 642 9 (D 1,1,1) (S 407,69,69) (S 236,70,58) (S 314,58,59) (S 234,59,61) (S 19,61,49) (S 339,49,48) (S 185,49,61) (D 1,1,1)
0 1 15 111 504 9 (D 1,1,1) (S 291,66,101) (S 283,93,63) (S 358,63,62) (S 225,62,63) (S 352,63,93) (S 18,104,105) (S 220,107,112) (D 1,1,1)
0 1 16 119 415 9 (D 1,1,1) (S 266,84,92) (S 356,92,84) (S 307,84,85) (S 13,85,84) (S 288,84,83) (S 161,83,82) (S 196,82,84) (D 1,1,1)
0 1 17 118 569 9 (D 1,1,1) (S 295,137,136) (S 80,134,135) (S 72,133,132) (S 203,129,128) (S 374,128,129) (S 166,129,127) (S 345,126,124) (D 1,1,1)
0 1 18 120 760 9 (D 1,1,1) (S 90,55,140) (S 350,140,54) (S 357,55,54) (S 27,54,140) (S 135,53,52) (S 24,53,140) (S 237,140,53) (D 1,1,1)
0 1 19 111 651 9 (D 1,1,1) (S 165,43,37) (S 134,37,36) (S 359,39,40) (S 85,40,39) (S 378,36,37) (S 111,79,81) (S 377,81,80) (D 1,1,1)
0 1 20 106 558 9 (D 1,1,1) (S 224,101,66) (S 2,69,71) (S 201,72,74) (S 38,74,72) (S 43,78,79) (S 62,80,82) (S 272,120,119) (D 1,1,1)
0 1 21 120 1090 9 (D 1,1,1) (S 408,30,30) (S 340,31,26) (S 206,26,31) (S 360,25,24) (S 371,24,25) (S 275,18,17) (S 348,68,90) (D 1,1,1)
0 1 22 120 646 8 (D 1,1,1) (S 391,87,87) (S 405,86,86) (S 259,47,41) (S 74,41,38) (S 394,36,36) (S 73,122,121) (D 1,1,1)
0 1 23 120 435 8 (D 1,1,1) (S 66,91,66) (S 25,66,67) (S 17,67,69) (S 82,69,67) (S 91,67,68) (S 380,90,90) (D 1,1,1)
0 1 24 108 280 8 (D 1,1,1) (S 312,118,91) (S 94,91,90) (S 147,90,88) (S 83,88,90) (S 140,90,91) (S 323,91,118) (D 1,1,1)
0 1 25 119 994 8 (D 1,1,1) (S 169,87,86) (S 108,29,28) (S 309,24,23) (S 52,26,25) (S 406,25,25) (S 23,28,29) (D 1,1,1)
0 1 26 114 972 8 (D 1,1,1) (S 153,11,12) (S 123,13,16) (S 401,16,16) (S 117,15,10) (S 132,15,17) (S 164,11,27) (D 1,1,1)
0 1 27 117 535 8 (D 1,1,1) (S 354,104,102) (S 349,99,97) (S 364,97,98) (S 296,98,97) (S 243,95,94) (S 318,94,101) (D 1,1,1)
0 1 28 107 560 8 (D 1,1,1) (S 195,69,70) (S 46,59,58) (S 145,58,70) (S 305,70,71) (S 344,71,69) (S 138,67,66) (D 1,1,1)
0 1 29 114 623 8 (D 1,1,1) (S 256,66,62) (S 49,75,71) (S 218,71,72) (S 213,72,73) (S 310,73,74) (S 175,72,71) (D 1,1,1)
0 1 30 116 597 8 (D 1,1,1) (S 372,100,99) (S 228,95,96) (S 347,63,64) (S 194,64,93) (S 327,93,94) (S 3,102,104) (D 1,1,1)
0 1 31 118 536 8 (D 1,1,1) (S 178,78,77) (S 293,43,44) (S 5,44,43) (S 255,43,46) (S 146,46,77) (S 238,85,86) (D 1,1,1)
0 1 32 117 1150 8 (D 1,1,1) (S 331,5,6) (S 126,7,6) (S 233,10,9) (S 284,140,49) (S 119,49,140) (S 37,54,55) (D 1,1,1)
0 1 33 120 653 7 (D 1,1,1) (S 400,46,46) (S 160,47,42) (S 57,41,47) (S 163,77,78) (S 388,85,85) (D 1,1,1)
0 1 34 120 413 7 (D 1,1,1) (S 231,121,122) (S 384,122,122) (S 86,122,123) (S 154,124,4) (S 245,124,123) (D 1,1,1)
0 1 35 117 1040 7 (D 1,1,1) (S 192,20,21) (S 399,21,21) (S 113,23,24) (S 396,27,27) (S 397,28,28) (D 1,1,1)
0 1 36 118 1069 7 (D 1,1,1) (S 15,28,30) (S 191,23,21) (S 124,20,24) (S 31,25,27) (S 308,27,28) (D 1,1,1)
0 1 37 119 1067 7 (D 1,1,1) (S 87,80,79) (S 142,79,78) (S 118,21,23) (S 251,23,26) (S 48,26,23) (D 1,1,1)
0 1 38 117 632 7 (D 1,1,1) (S 274,57,56) (S 200,56,65) (S 341,65,56) (S 215,56,55) (S 99,55,56) (D 1,1,1)
0 1 39 120 690 7 (D 1,1,1) (S 114,139,34) (S 45,44,73) (S 232,73,72) (S 44,71,70) (S 176,70,69) (D 1,1,1)
0 1 40 120 1028 7 (D 1,1,1) (S 202,12,13) (S 381,10,10) (S 370,8,11) (S 92,12,20) (S 379,12,11) (D 1,1,1)
0 1 41 114 515 7 (D 1,1,1) (S 4,62,57) (S 270,57,62) (S 136,101,102) (S 226,102,103) (S 188,103,91) (D 1,1,1)
0 1 42 120 516 7 (D 1,1,1) (S 376,117,119) (S 7,128,3) (S 346,128,127) (S 227,127,128) (S 148,127,129) (D 1,1,1)
0 1 43 117 520 7 (D 1,1,1) (S 36,124,126) (S 112,126,127) (S 265,3,128) (S 30,127,126) (S 241,130,126) (D 1,1,1)
0 1 44 117 1066 7 (D 1,1,1) (S 61,31,30) (S 98,30,28) (S 106,27,25) (S 303,32,30) (S 102,33,11) (D 1,1,1)
0 1 45 110 320 7 (D 1,1,1) (S 311,112,107) (S 177,108,106) (S 221,106,108) (S 242,107,110) (S 208,110,112) (D 1,1,1)
0 1 46 118 549 7 (D 1,1,1) (S 337,107,106) (S 363,97,99) (S 6,99,96) (S 319,96,99) (S 262,99,100) (D 1,1,1)
0 1 47 118 1002 7 (D 1,1,1) (S 246,8,9) (S 325,9,8) (S 180,8,6) (S 20,6,7) (S 150,139,33) (D 1,1,1)
0 1 48 119 686 7 (D 1,1,1) (S 343,57,58) (S 280,60,61) (S 129,61,60) (S 279,60,45) (S 197,45,44) (D 1,1,1)
0 1 49 119 401 7 (D 1,1,1) (S 173,125,123) (S 219,86,88) (S 84,88,86) (S 187,86,87) (S 304,121,118) (D 1,1,1)
0 1 50 119 802 7 (D 1,1,1) (S 300,61,59) (S 223,59,60) (S 42,50,51) (S 116,51,50) (S 210,48,49) (D 1,1,1)
0 1 51 71 208 7 (D 1,1,1) (S 170,112,110) (S 77,110,111) (S 95,111,110) (S 39,110,107) (S 316,114,115) (D 1,1,1)
0 1 52 112 442 6 (D 1,1,1) (S 198,113,112) (S 385,109,109) (S 55,109,108) (S 216,112,113) (D 1,1,1)
0 1 53 114 244 6 (D 1,1,1) (S 12,114,113) (S 8,113,103) (S 128,103,113) (S 290,115,116) (D 1,1,1)
0 1 54 120 830 6 (D 1,1,1) (S 64,82,83) (S 155,33,29) (S 32,28,27) (S 137,29,33) (D 1,1,1)
0 1 55 101 230 6 (D 1,1,1) (S 14,116,115) (S 110,114,118) (S 239,118,121) (S 240,121,120) (D 1,1,1)
0 1 56 118 564 6 (D 1,1,1) (S 351,101,94) (S 229,93,64) (S 168,56,57) (S 336,62,66) (D 1,1,1)
0 1 57 114 721 6 (D 1,1,1) (S 159,34,139) (S 285,139,48) (S 253,48,50) (S 193,50,48) (D 1,1,1)
0 1 58 117 961 6 (D 1,1,1) (S 182,48,139) (S 174,11,8) (S 277,9,10) (S 47,16,15) (D 1,1,1)
0 1 59 120 1000 6 (D 1,1,1) (S 141,122,87) (S 79,25,26) (S 368,24,20) (S 254,11,33) (D 1,1,1)
0 1 60 119 422 6 (D 1,1,1) (S 133,125,138) (S 281,138,131) (S 365,132,131) (S 324,131,138) (D 1,1,1)
0 1 61 108 390 6 (D 1,1,1) (S 149,119,120) (S 342,123,125) (S 338,136,134) (S 205,134,136) (D 1,1,1)
0 1 62 113 346 6 (D 1,1,1) (S 301,123,124) (S 330,126,131) (S 329,131,126) (S 299,123,120) (D 1,1,1)
0 1 63 80 380 6 (D 1,1,1) (S 332,88,89) (S 33,92,82) (S 276,82,92) (S 271,89,88) (D 1,1,1)
0 1 64 56 74 5 (D 1,1,1) (S 333,116,117) (S 167,117,116) (S 222,116,1) (D 1,1,1)
0 1 65 118 183 5 (D 1,1,1) (S 292,117,118) (S 162,118,117) (S 88,117,115) (D 1,1,1)
0 1 66 114 413 5 (D 1,1,1) (S 121,120,123) (S 353,4,124) (S 104,123,122) (D 1,1,1)
0 1 67 119 981 5 (D 1,1,1) (S 317,30,31) (S 230,30,32) (S 263,27,11) (D 1,1,1)
0 1 68 109 546 5 (D 1,1,1) (S 328,76,75) (S 16,75,76) (S 89,87,122) (D 1,1,1)
0 1 69 119 448 5 (D 1,1,1) (S 269,107,108) (S 367,108,107) (S 71,66,91) (D 1,1,1)
0 1 70 97 353 5 (D 1,1,1) (S 0,91,103) (S 41,103,102) (S 139,106,107) (D 1,1,1)
0 1 71 58 208 3 (D 1,1,1) (S 22,118,114) (D 1,1,1)
0 1 72 103 442 3 (D 1,1,1) (S 186,108,109) (D 1,1,1)
0 1 73 67 390 3 (D 1,1,1) (S 298,90,68) (D 1,1,1)
0 1 74 36 128 3 (D 1,1,1) (S 181,115,114) (D 1,1,1)
0 1 75 20 85 3 (D 1,1,1) (S 21,115,117) (D 1,1,1)
0 1 76 18 36 3 (D 1,1,1) (S 334,1,116) (D 1,1,1)
0 1 77 55 471 7 (D 1,1,1) (S 261,138,136) (S 403,136,136) (S 257,136,137) (S 387,135,135) (S 289,135,133) (D 1,1,1)
0 1 78 63 460 7 (D 1,1,1) (S 207,132,133) (S 386,133,133) (S 122,133,134) (S 217,134,133) (S 63,126,130) (D 1,1,1)
