290
10
1717766400
1751077296
0 1 1 21 24 8 (D 1,1,1) (S 37,4,4) (S 20,4,6) (S 38,7,7) (S 16,6,10) (S 31,12,19) (S 40,19,19) (D 1,1,1)
0 1 2 20 42 8 (D 1,1,1) (S 14,1,15) (S 18,15,20) (S 35,20,20) (S 28,18,25) (S 39,25,25) (S 11,22,25) (D 1,1,1)
0 1 3 26 35 7 (D 1,1,1) (S 7,18,21) (S 17,21,23) (S 29,23,26) (S 27,26,27) (S 41,27,27) (D 1,1,1)
0 1 4 21 23 7 (D 1,1,1) (S 5,4,10) (S 36,10,10) (S 21,12,13) (S 30,13,15) (S 26,15,17) (D 1,1,1)
0 1 5 26 37 7 (D 1,1,1) (S 2,1,17) (S 34,21,21) (S 22,21,22) (S 8,22,23) (S 13,23,24) (D 1,1,1)
0 1 6 11 20 5 (D 1,1,1) (S 1,1,24) (S 12,24,27) (S 32,8,8) (D 1,1,1)
0 1 7 21 22 6 (D 1,1,1) (S 19,1,3) (S 6,3,6) (S 42,5,5) (S 25,5,6) (D 1,1,1)
0 1 8 6 34 6 (D 1,1,1) (S 0,13,14) (S 33,14,14) (S 15,14,16) (S 43,16,16) (D 1,1,1)
0 1 9 22 30 5 (D 1,1,1) (S 3,3,8) (S 10,8,9) (S 4,2,12) (D 1,1,1)
0 1 10 9 23 6 (D 1,1,1) (S 44,6,6) (S 23,3,4) (S 9,4,12) (S 24,2,1) (D 1,1,1)
