371
11
1472549100
1751077286
0 1 1 27 44 8 (D 1,1,1) (S 0,1,2) (S 21,14,18) (S 39,18,18) (S 30,14,21) (S 11,21,25) (S 2,22,23) (D 1,1,1)
0 1 2 26 52 8 (D 1,1,1) (S 27,3,4) (S 5,4,10) (S 7,4,6) (S 26,6,7) (S 16,7,11) (S 38,4,4) (D 1,1,1)
0 1 3 17 37 7 (D 1,1,1) (S 6,1,27) (S 10,22,25) (S 29,18,25) (S 22,25,26) (S 35,26,26) (D 1,1,1)
0 1 4 22 37 7 (D 1,1,1) (S 34,3,3) (S 32,3,6) (S 15,6,9) (S 18,6,10) (S 36,10,10) (D 1,1,1)
0 1 5 18 41 7 (D 1,1,1) (S 8,3,8) (S 9,8,9) (S 4,5,9) (S 44,5,5) (S 40,6,6) (D 1,1,1)
0 1 6 12 16 4 (D 1,1,1) (S 3,1,15) (S 28,15,17) (D 1,1,1)
0 1 7 7 2 3 (D 1,1,1) (S 17,1,19) (D 1,1,1)
0 1 8 5 35 6 (D 1,1,1) (S 41,2,2) (S 23,12,13) (S 24,13,14) (S 42,16,16) (D 1,1,1)
0 1 9 21 38 6 (D 1,1,1) (S 37,14,14) (S 13,14,20) (S 20,20,21) (S 33,13,15) (D 1,1,1)
0 1 10 18 28 5 (D 1,1,1) (S 25,1,24) (S 12,24,27) (S 1,1,17) (D 1,1,1)
0 1 11 14 41 6 (D 1,1,1) (S 19,15,20) (S 43,21,21) (S 31,23,26) (S 14,23,24) (D 1,1,1)
