413
8
4678661400
1751078102
0 1 1 4 10 3 (D 1,1,1) (S 7,3,1) (D 1,1,1)
0 1 2 40 73 12 (D 1,1,1) (S 32,9,9) (S 22,19,20) (S 38,20,20) (S 41,23,23) (S 14,10,20) (S 1,20,21) (S 31,21,21) (S 23,21,15) (S 36,15,15) (S 39,4,4) (D 1,1,1)
0 1 3 7 8 4 (D 1,1,1) (S 3,1,2) (S 37,2,2) (D 1,1,1)
0 1 4 4 10 3 (D 1,1,1) (S 21,1,3) (D 1,1,1)
0 1 5 32 88 11 (D 1,1,1) (S 30,5,5) (S 20,5,11) (S 10,12,6) (S 26,6,6) (S 43,7,7) (S 34,8,8) (S 18,14,13) (S 9,16,15) (S 12,11,5) (D 1,1,1)
0 1 6 38 80 11 (D 1,1,1) (S 4,9,10) (S 16,10,11) (S 42,16,16) (S 6,17,18) (S 35,18,18) (S 27,14,14) (S 15,13,17) (S 13,17,13) (S 29,12,12) (D 1,1,1)
0 1 7 23 46 6 (D 1,1,1) (S 0,19,22) (S 40,22,22) (S 17,19,9) (S 11,9,3) (D 1,1,1)
0 1 8 37 98 10 (D 1,1,1) (S 28,3,3) (S 5,3,4) (S 2,11,15) (S 19,16,12) (S 8,15,21) (S 33,24,24) (S 24,24,21) (S 25,11,10) (D 1,1,1)
