143
7
1062251400
1751078198
0 1 1 1 4 3 (D 1,1,1) (S 30,2,2) (D 1,1,1)
0 1 2 4 4 3 (D 1,1,1) (S 2,1,2) (D 1,1,1)
0 1 3 7 6 5 (D 1,1,1) (S 6,3,4) (S 21,4,4) (S 12,4,2) (D 1,1,1)
0 1 4 13 31 7 (D 1,1,1) (S 1,8,14) (S 16,8,7) (S 24,11,11) (S 26,10,10) (S 23,9,9) (D 1,1,1)
0 1 5 20 33 11 (D 1,1,1) (S 32,3,3) (S 0,5,10) (S 7,9,19) (S 20,19,20) (S 17,11,12) (S 34,12,12) (S 3,6,7) (S 29,7,7) (S 15,12,11) (D 1,1,1)
0 1 6 20 33 12 (D 1,1,1) (S 35,5,5) (S 18,13,14) (S 4,14,18) (S 10,18,17) (S 33,17,17) (S 22,16,16) (S 11,16,12) (S 9,12,6) (S 13,6,12) (S 27,13,13) (D 1,1,1)
0 1 7 20 32 9 (D 1,1,1) (S 5,10,20) (S 19,20,23) (S 25,15,15) (S 28,21,21) (S 8,22,23) (S 31,23,23) (S 14,22,19) (D 1,1,1)
