440
6
20454300
1751077285
0 1 1 5 74 7 (D 1,1,1) (S 16,1,7) (S 23,7,7) (S 8,7,10) (S 7,10,11) (S 17,4,12) (D 1,1,1)
0 1 2 5 89 7 (D 1,1,1) (S 14,1,10) (S 20,6,6) (S 2,6,12) (S 0,1,9) (S 1,9,11) (D 1,1,1)
0 1 3 5 95 7 (D 1,1,1) (S 24,5,5) (S 15,5,11) (S 11,9,10) (S 4,7,12) (S 22,12,12) (D 1,1,1)
0 1 4 5 60 7 (D 1,1,1) (S 21,4,4) (S 5,2,9) (S 19,2,2) (S 18,3,5) (S 10,5,12) (D 1,1,1)
0 1 5 2 60 4 (D 1,1,1) (S 6,2,3) (S 3,3,4) (D 1,1,1)
0 1 6 3 62 5 (D 1,1,1) (S 9,6,8) (S 13,8,10) (S 12,8,11) (D 1,1,1)
