321
6
10607109600
1751078017
0 1 1 109 132 25 (D 1,1,1) (S 11,10,16) (S 51,16,16) (S 60,17,17) (S 39,10,14) (S 42,14,14) (S 10,14,15) (S 43,15,15) (S 35,12,18) (S 23,18,19) (S 2,19,21) (S 47,21,21) (S 54,18,18) (S 59,3,3) (S 25,4,3) (S 12,9,13) (S 5,13,19) (S 52,19,19) (S 0,19,22) (S 15,22,20) (S 36,20,22) (S 7,6,31) (S 46,31,31) (S 17,31,1) (D 1,1,1)
0 1 2 122 102 24 (D 1,1,1) (S 19,5,10) (S 56,10,10) (S 14,10,5) (S 16,5,6) (S 24,11,12) (S 13,12,11) (S 4,6,7) (S 53,7,7) (S 40,6,11) (S 37,11,6) (S 44,6,6) (S 21,8,7) (S 26,7,8) (S 34,8,2) (S 31,2,8) (S 6,8,9) (S 18,9,4) (S 57,4,4) (S 29,4,13) (S 30,13,12) (S 38,12,8) (S 27,2,1) (D 1,1,1)
0 1 3 60 67 15 (D 1,1,1) (S 32,31,28) (S 8,23,26) (S 33,26,28) (S 45,29,29) (S 50,27,27) (S 49,23,23) (S 9,25,28) (S 20,29,28) (S 48,28,28) (S 22,28,26) (S 1,23,24) (S 41,24,24) (S 28,29,30) (D 1,1,1)
0 1 4 1 8 3 (D 1,1,1) (S 55,30,30) (D 1,1,1)
0 1 5 1 4 3 (D 1,1,1) (S 58,2,2) (D 1,1,1)
0 1 6 4 8 3 (D 1,1,1) (S 3,5,31) (D 1,1,1)
