354
6
16521168000
1751077745
0 1 1 96 91 22 (D 1,1,1) (S 10,1,7) (S 4,6,7) (S 5,5,10) (S 13,10,16) (S 59,16,16) (S 22,16,15) (S 48,15,15) (S 57,14,14) (S 44,14,15) (S 19,5,31) (S 23,27,29) (S 42,29,28) (S 7,28,31) (S 51,31,31) (S 27,28,26) (S 63,26,26) (S 18,27,26) (S 37,29,27) (S 47,29,29) (S 20,29,31) (D 1,1,1)
0 1 2 95 88 17 (D 1,1,1) (S 45,2,2) (S 6,2,3) (S 55,3,3) (S 26,9,8) (S 14,11,12) (S 41,12,8) (S 39,8,2) (S 35,2,8) (S 46,8,8) (S 25,8,7) (S 61,6,6) (S 30,28,25) (S 60,23,23) (S 2,23,25) (S 32,25,28) (D 1,1,1)
0 1 3 75 71 15 (D 1,1,1) (S 17,3,4) (S 0,4,13) (S 38,13,12) (S 49,18,18) (S 33,18,21) (S 1,19,22) (S 56,21,21) (S 12,21,22) (S 3,20,22) (S 54,19,19) (S 24,19,21) (S 31,21,19) (S 28,4,3) (D 1,1,1)
0 1 4 12 8 3 (D 1,1,1) (S 11,1,30) (D 1,1,1)
0 1 5 49 73 14 (D 1,1,1) (S 40,27,24) (S 34,24,27) (S 53,9,9) (S 29,9,4) (S 62,13,13) (S 58,12,12) (S 16,11,10) (S 52,10,10) (S 9,11,17) (S 50,17,17) (S 21,11,6) (S 8,6,31) (D 1,1,1)
0 1 6 8 23 5 (D 1,1,1) (S 36,1,31) (S 15,26,23) (S 43,23,26) (D 1,1,1)
