3911
12
24077334300
1751070760
0 1 1 1013 293 9 (D 1,1,1) (S 30,27,23) (S 63,23,23) (S 56,16,15) (S 42,15,14) (S 32,14,8) (S 49,8,7) (S 38,7,1) (D 1,1,1)
0 1 2 1598 411 12 (D 1,1,1) (S 53,7,14) (S 69,14,14) (S 74,21,21) (S 1,21,26) (S 52,27,29) (S 58,28,29) (S 59,29,28) (S 76,28,28) (S 25,20,15) (S 33,8,2) (D 1,1,1)
0 1 3 1701 440 15 (D 1,1,1) (S 57,14,21) (S 9,26,27) (S 64,29,29) (S 3,29,30) (S 75,30,30) (S 47,30,31) (S 72,31,31) (S 14,31,25) (S 68,25,25) (S 20,25,19) (S 15,19,12) (S 73,12,12) (S 26,11,10) (D 1,1,1)
0 1 4 329 38 4 (D 1,1,1) (S 22,1,2) (S 37,2,1) (D 1,1,1)
0 1 5 1537 329 8 (D 1,1,1) (S 51,4,5) (S 70,6,6) (S 44,13,12) (S 35,12,13) (S 2,13,19) (S 41,12,11) (D 1,1,1)
0 1 6 1648 471 10 (D 1,1,1) (S 10,2,3) (S 4,4,10) (S 71,19,19) (S 46,12,19) (S 54,11,5) (S 48,5,6) (S 62,6,5) (S 31,9,3) (D 1,1,1)
0 1 7 1566 541 11 (D 1,1,1) (S 61,2,8) (S 55,15,20) (S 6,20,22) (S 67,22,22) (S 50,22,21) (S 45,21,20) (S 65,17,17) (S 43,19,25) (S 19,31,30) (D 1,1,1)
0 1 8 602 133 4 (D 1,1,1) (S 13,8,3) (S 16,3,8) (D 1,1,1)
0 1 9 1493 471 11 (D 1,1,1) (S 40,10,11) (S 5,11,18) (S 36,18,19) (S 18,19,18) (S 7,18,24) (S 17,24,25) (S 39,25,24) (S 23,18,10) (S 11,10,3) (D 1,1,1)
0 1 10 871 198 6 (D 1,1,1) (S 21,14,15) (S 12,15,16) (S 29,17,10) (S 66,10,10) (D 1,1,1)
0 1 11 1370 439 8 (D 1,1,1) (S 8,9,16) (S 24,17,18) (S 77,18,18) (S 0,16,23) (S 28,23,24) (S 27,10,17) (D 1,1,1)
0 1 12 610 147 5 (D 1,1,1) (S 34,8,9) (S 78,16,16) (S 60,16,9) (D 1,1,1)
