284
8
3795447600
1751078100
0 1 1 5 6 4 (D 1,1,1) (S 0,1,5) (S 41,5,5) (D 1,1,1)
0 1 2 7 14 4 (D 1,1,1) (S 29,11,11) (S 15,11,1) (D 1,1,1)
0 1 3 27 30 7 (D 1,1,1) (S 34,20,20) (S 13,20,21) (S 33,21,21) (S 16,21,24) (S 20,24,21) (D 1,1,1)
0 1 4 43 31 9 (D 1,1,1) (S 27,1,9) (S 6,3,9) (S 17,9,19) (S 40,19,19) (S 14,19,9) (S 4,3,4) (S 36,4,4) (D 1,1,1)
0 1 5 22 42 7 (D 1,1,1) (S 3,2,5) (S 11,12,17) (S 38,13,13) (S 22,17,16) (S 25,15,20) (D 1,1,1)
0 1 6 23 30 5 (D 1,1,1) (S 9,1,19) (S 7,22,23) (S 32,23,23) (D 1,1,1)
0 1 7 44 70 9 (D 1,1,1) (S 5,1,20) (S 19,15,21) (S 1,21,23) (S 39,6,6) (S 8,12,16) (S 26,16,17) (S 21,16,15) (D 1,1,1)
0 1 8 32 61 15 (D 1,1,1) (S 23,5,4) (S 2,3,10) (S 37,10,10) (S 28,2,2) (S 18,2,4) (S 24,6,7) (S 42,7,7) (S 10,8,14) (S 31,14,14) (S 35,18,18) (S 30,17,17) (S 12,17,12) (S 43,12,12) (D 1,1,1)
