397
9
21386030400
1751078229
0 1 1 63 79 18 (D 1,1,1) (S 63,2,2) (S 20,2,6) (S 69,6,6) (S 1,7,13) (S 71,13,13) (S 6,18,22) (S 15,22,21) (S 68,21,21) (S 28,21,24) (S 5,24,25) (S 30,18,17) (S 16,12,11) (S 44,16,15) (S 25,15,16) (S 67,26,26) (S 32,26,33) (D 1,1,1)
0 1 2 48 39 10 (D 1,1,1) (S 8,1,35) (S 52,35,35) (S 0,35,36) (S 38,2,1) (S 39,1,40) (S 40,2,3) (S 55,3,3) (S 42,7,6) (D 1,1,1)
0 1 3 56 76 19 (D 1,1,1) (S 7,2,36) (S 57,36,36) (S 49,37,37) (S 31,37,30) (S 54,30,30) (S 43,31,30) (S 22,6,12) (S 70,12,12) (S 72,29,29) (S 64,31,31) (S 13,31,38) (S 51,38,38) (S 19,38,39) (S 73,5,5) (S 37,5,4) (S 53,4,4) (S 35,4,3) (D 1,1,1)
0 1 4 52 31 11 (D 1,1,1) (S 41,1,8) (S 50,8,8) (S 2,8,14) (S 3,14,15) (S 14,15,9) (S 56,9,9) (S 23,9,8) (S 21,8,40) (S 66,40,40) (D 1,1,1)
0 1 5 23 35 8 (D 1,1,1) (S 65,33,33) (S 10,33,34) (S 9,26,27) (S 60,27,27) (S 46,28,28) (S 29,34,35) (D 1,1,1)
0 1 6 1 6 3 (D 1,1,1) (S 45,11,11) (D 1,1,1)
0 1 7 35 55 11 (D 1,1,1) (S 27,11,12) (S 47,17,17) (S 48,18,18) (S 36,21,22) (S 4,22,25) (S 33,24,21) (S 12,20,23) (S 58,23,23) (S 34,20,17) (D 1,1,1)
0 1 8 27 64 9 (D 1,1,1) (S 26,37,38) (S 59,32,32) (S 62,39,39) (S 18,39,38) (S 24,37,3) (S 11,1,10) (S 17,10,9) (D 1,1,1)
0 1 9 1 12 3 (D 1,1,1) (S 61,16,16) (D 1,1,1)
