178
7
1375875300
1751077403
0 1 1 20 31 8 (D 1,1,1) (S 0,5,10) (S 37,10,10) (S 3,9,10) (S 19,19,20) (S 11,22,23) (S 21,22,19) (D 1,1,1)
0 1 2 16 17 6 (D 1,1,1) (S 4,1,2) (S 22,4,5) (S 8,10,11) (S 26,9,3) (D 1,1,1)
0 1 3 16 29 10 (D 1,1,1) (S 29,23,20) (S 23,23,24) (S 2,21,24) (S 32,21,21) (S 17,15,16) (S 15,16,12) (S 35,12,12) (S 13,12,6) (D 1,1,1)
0 1 4 17 30 8 (D 1,1,1) (S 25,12,13) (S 40,13,13) (S 28,13,14) (S 6,14,18) (S 14,18,17) (S 10,9,19) (D 1,1,1)
0 1 5 3 6 4 (D 1,1,1) (S 18,4,2) (S 36,2,2) (D 1,1,1)
0 1 6 20 33 8 (D 1,1,1) (S 39,5,5) (S 31,6,6) (S 5,6,7) (S 24,8,7) (S 16,7,8) (S 1,8,14) (D 1,1,1)
0 1 7 20 32 11 (D 1,1,1) (S 38,3,3) (S 9,11,15) (S 27,11,12) (S 7,13,17) (S 20,17,18) (S 33,16,16) (S 30,16,15) (S 12,15,21) (S 34,20,20) (D 1,1,1)
