515
10
121746619500
1751078076
0 1 1 65 59 18 (D 1,1,1) (S 114,6,6) (S 39,6,11) (S 8,11,18) (S 40,19,32) (S 17,32,40) (S 78,32,32) (S 76,32,31) (S 50,31,39) (S 26,39,30) (S 52,30,17) (S 37,10,17) (S 10,17,18) (S 85,18,18) (S 6,17,24) (S 58,15,23) (S 115,23,23) (D 1,1,1)
0 1 2 68 59 17 (D 1,1,1) (S 16,15,24) (S 49,24,30) (S 11,30,38) (S 79,38,38) (S 1,38,46) (S 81,46,46) (S 0,45,48) (S 68,48,49) (S 28,49,48) (S 41,48,43) (S 82,43,43) (S 30,43,44) (S 103,44,44) (S 65,37,29) (S 56,15,16) (D 1,1,1)
0 1 3 50 67 18 (D 1,1,1) (S 70,1,16) (S 3,23,28) (S 96,28,28) (S 45,11,12) (S 20,12,19) (S 108,12,12) (S 36,12,7) (S 94,2,2) (S 109,3,3) (S 18,4,7) (S 107,7,7) (S 55,4,3) (S 42,3,2) (S 14,2,5) (S 2,5,10) (S 80,10,10) (D 1,1,1)
0 1 4 59 67 23 (D 1,1,1) (S 47,23,29) (S 66,39,47) (S 111,47,47) (S 35,47,39) (S 89,39,39) (S 91,24,24) (S 106,15,15) (S 77,27,27) (S 62,27,35) (S 112,35,35) (S 7,35,36) (S 53,36,38) (S 86,30,30) (S 99,29,29) (S 64,16,17) (S 87,17,17) (S 54,17,10) (S 61,10,11) (S 32,11,6) (S 73,6,5) (S 100,5,5) (D 1,1,1)
0 1 5 40 38 16 (D 1,1,1) (S 43,1,5) (S 75,5,1) (S 12,9,14) (S 110,14,14) (S 102,9,9) (S 48,14,22) (S 98,22,22) (S 104,13,13) (S 13,21,26) (S 22,26,25) (S 34,25,26) (S 93,26,26) (S 21,21,22) (S 72,22,14) (D 1,1,1)
0 1 6 9 26 7 (D 1,1,1) (S 101,20,20) (S 38,25,33) (S 92,33,33) (S 44,33,25) (S 27,25,20) (D 1,1,1)
0 1 7 32 47 12 (D 1,1,1) (S 25,24,29) (S 51,29,37) (S 60,37,38) (S 59,38,36) (S 15,36,44) (S 29,44,43) (S 113,42,42) (S 90,41,41) (S 33,33,34) (S 84,34,34) (D 1,1,1)
0 1 8 18 58 7 (D 1,1,1) (S 46,43,48) (S 9,45,50) (S 88,50,50) (S 63,39,31) (S 83,31,31) (D 1,1,1)
0 1 9 23 47 8 (D 1,1,1) (S 97,8,8) (S 57,8,13) (S 31,13,22) (S 5,28,29) (S 71,29,23) (S 67,23,24) (D 1,1,1)
0 1 10 32 47 10 (D 1,1,1) (S 95,16,16) (S 74,16,15) (S 4,28,36) (S 19,46,50) (S 24,45,49) (S 105,49,49) (S 69,49,45) (S 23,45,44) (D 1,1,1)
