328
10
8134133700
1751078128
0 1 1 1 8 3 (D 1,1,1) (S 48,30,30) (D 1,1,1)
0 1 2 38 25 8 (D 1,1,1) (S 53,7,7) (S 23,7,8) (S 5,8,9) (S 50,3,3) (S 17,3,2) (S 24,2,1) (D 1,1,1)
0 1 3 21 28 6 (D 1,1,1) (S 44,26,26) (S 39,23,23) (S 1,23,25) (S 32,25,28) (D 1,1,1)
0 1 4 47 67 12 (D 1,1,1) (S 4,3,9) (S 11,9,13) (S 42,13,13) (S 41,19,19) (S 26,19,22) (S 3,21,22) (S 38,20,20) (S 45,21,21) (S 15,19,18) (S 56,31,31) (D 1,1,1)
0 1 5 36 53 14 (D 1,1,1) (S 46,5,5) (S 40,10,10) (S 25,10,16) (S 52,16,16) (S 47,17,17) (S 27,17,16) (S 22,15,14) (S 21,14,10) (S 8,10,11) (S 54,12,12) (S 57,4,4) (S 12,4,9) (D 1,1,1)
0 1 6 20 50 7 (D 1,1,1) (S 20,9,4) (S 29,12,18) (S 37,18,18) (S 13,18,19) (S 18,2,3) (D 1,1,1)
0 1 7 33 36 9 (D 1,1,1) (S 19,5,6) (S 31,10,14) (S 34,14,15) (S 9,15,16) (S 30,11,6) (S 43,6,6) (S 7,6,31) (D 1,1,1)
0 1 8 40 41 10 (D 1,1,1) (S 55,2,2) (S 6,8,12) (S 14,12,11) (S 36,11,11) (S 10,24,27) (S 0,27,29) (S 51,29,29) (S 2,29,31) (D 1,1,1)
0 1 9 2 4 3 (D 1,1,1) (S 35,1,2) (D 1,1,1)
0 1 10 14 16 6 (D 1,1,1) (S 33,29,28) (S 49,28,28) (S 28,31,5) (S 16,5,31) (D 1,1,1)
