9796
25
281263372500
1751070761
0 1 1 1613 393 12 (D 38,1,1) (S 163,52,52) (S 48,52,53) (S 62,53,54) (S 106,54,41) (S 61,41,56) (S 119,28,27) (S 51,27,11) (S 15,11,12) (S 116,25,41) (S 46,39,38) (D 38,1,1)
0 1 2 1607 478 12 (D 38,1,1) (S 105,42,43) (S 57,46,30) (S 37,30,29) (S 16,29,13) (S 2,13,14) (S 140,14,14) (S 93,14,30) (S 144,28,28) (S 32,27,26) (S 150,39,39) (D 38,1,1)
0 1 3 1506 455 11 (D 38,1,1) (S 36,53,39) (S 5,23,7) (S 138,7,7) (S 135,8,8) (S 65,8,9) (S 114,9,10) (S 79,10,11) (S 133,27,27) (S 90,26,10) (D 38,1,1)
0 1 4 1336 206 9 (D 38,1,1) (S 68,39,22) (S 83,22,23) (S 97,23,39) (S 77,52,51) (S 42,51,37) (S 165,37,37) (S 120,37,38) (D 38,1,1)
0 1 5 1568 382 14 (D 38,1,1) (S 136,41,41) (S 108,41,54) (S 29,54,55) (S 94,55,67) (S 110,67,66) (S 134,66,66) (S 20,65,53) (S 47,56,42) (S 157,42,42) (S 102,42,41) (S 131,41,40) (S 155,40,40) (D 38,1,1)
0 1 6 1612 443 12 (D 38,1,1) (S 168,24,24) (S 34,24,9) (S 158,11,11) (S 73,12,13) (S 58,14,15) (S 141,15,15) (S 0,31,30) (S 147,30,30) (S 99,29,28) (S 22,26,25) (D 38,1,1)
0 1 7 1541 594 16 (D 38,1,1) (S 148,53,53) (S 26,54,65) (S 111,65,54) (S 161,54,54) (S 11,51,63) (S 125,61,62) (S 142,49,49) (S 3,49,35) (S 40,35,34) (S 129,34,18) (S 152,18,18) (S 27,18,17) (S 159,2,2) (S 123,2,3) (D 38,1,1)
0 1 8 1452 500 11 (D 38,1,1) (S 81,61,60) (S 49,60,48) (S 35,48,34) (S 66,17,16) (S 98,16,1) (S 71,1,2) (S 72,2,17) (S 167,1,1) (S 124,4,5) (D 38,1,1)
0 1 9 61 121 3 (D 38,1,1) (S 69,39,23) (D 38,1,1)
0 1 10 982 219 7 (D 38,1,1) (S 24,54,40) (S 12,40,39) (S 128,39,52) (S 139,51,51) (S 4,63,51) (D 38,1,1)
0 1 11 1335 507 11 (D 38,1,1) (S 52,45,57) (S 74,57,70) (S 112,70,71) (S 143,71,71) (S 28,71,58) (S 166,58,58) (S 7,57,45) (S 162,45,45) (S 117,45,29) (D 38,1,1)
0 1 12 662 152 6 (D 38,1,1) (S 132,38,52) (S 56,63,62) (S 145,62,62) (S 100,36,37) (D 38,1,1)
0 1 13 1114 435 7 (D 38,1,1) (S 118,44,45) (S 104,45,46) (S 156,46,46) (S 76,47,31) (S 130,26,42) (D 38,1,1)
0 1 14 1606 336 9 (D 38,1,1) (S 25,62,50) (S 122,50,36) (S 91,36,20) (S 45,20,19) (S 95,19,35) (S 8,34,48) (S 84,48,49) (D 38,1,1)
0 1 15 772 254 8 (D 38,1,1) (S 33,21,20) (S 146,19,19) (S 53,19,4) (S 92,5,6) (S 154,6,6) (S 64,6,21) (D 38,1,1)
0 1 16 628 138 4 (D 38,1,1) (S 103,40,24) (S 14,24,39) (D 38,1,1)
0 1 17 932 607 6 (D 38,1,1) (S 1,24,8) (S 60,15,31) (S 113,25,9) (S 13,12,28) (D 38,1,1)
0 1 18 1213 458 8 (D 38,1,1) (S 6,36,35) (S 38,16,32) (S 109,32,59) (S 127,59,60) (S 55,49,50) (S 115,50,37) (D 38,1,1)
0 1 19 660 219 7 (D 38,1,1) (S 80,22,21) (S 82,20,5) (S 137,5,5) (S 153,21,21) (S 59,21,37) (D 38,1,1)
0 1 20 551 572 6 (D 38,1,1) (S 63,6,20) (S 87,20,35) (S 75,3,18) (S 18,3,4) (D 38,1,1)
0 1 21 564 215 7 (D 38,1,1) (S 164,63,63) (S 78,63,64) (S 54,64,65) (S 17,54,66) (S 70,66,65) (D 38,1,1)
0 1 22 1489 634 9 (D 38,1,1) (S 19,6,7) (S 107,27,43) (S 9,46,47) (S 41,47,58) (S 101,70,69) (S 23,69,68) (S 149,68,68) (D 38,1,1)
0 1 23 1368 432 8 (D 38,1,1) (S 10,41,55) (S 96,67,68) (S 50,68,56) (S 67,53,52) (S 21,62,61) (S 44,61,50) (D 38,1,1)
0 1 24 1166 493 8 (D 38,1,1) (S 31,61,49) (S 86,32,33) (S 151,33,33) (S 39,33,34) (S 88,50,51) (S 30,63,52) (D 38,1,1)
0 1 25 1173 553 8 (D 38,1,1) (S 160,47,47) (S 89,58,57) (S 43,45,44) (S 121,44,28) (S 85,43,69) (S 126,69,56) (D 38,1,1)
