707
9
41205308100
1751078005
0 1 1 8 14 4 (D 1,1,1) (S 58,1,7) (S 46,7,8) (D 1,1,1)
0 1 2 63 101 11 (D 1,1,1) (S 85,2,2) (S 83,13,13) (S 55,13,7) (S 29,3,4) (S 13,18,22) (S 57,28,22) (S 35,22,28) (S 16,28,27) (S 80,9,9) (D 1,1,1)
0 1 3 66 140 14 (D 1,1,1) (S 15,3,2) (S 52,13,23) (S 79,30,30) (S 6,30,31) (S 12,35,39) (S 38,39,38) (S 40,11,12) (S 49,12,6) (S 19,6,12) (S 28,12,11) (S 39,4,3) (S 2,3,9) (D 1,1,1)
0 1 4 68 99 22 (D 1,1,1) (S 66,24,24) (S 4,24,25) (S 11,25,31) (S 76,31,31) (S 87,34,34) (S 37,34,38) (S 75,38,38) (S 34,38,39) (S 74,39,39) (S 17,39,36) (S 84,36,36) (S 30,37,33) (S 48,27,33) (S 59,33,27) (S 14,27,21) (S 86,21,21) (S 61,20,20) (S 54,20,19) (S 56,16,15) (S 77,15,15) (D 1,1,1)
0 1 5 73 125 23 (D 1,1,1) (S 3,11,17) (S 64,17,17) (S 45,17,20) (S 31,20,27) (S 70,27,27) (S 44,26,32) (S 63,32,32) (S 68,37,37) (S 47,37,36) (S 0,36,40) (S 67,40,40) (S 69,41,41) (S 50,41,40) (S 32,40,39) (S 23,39,35) (S 53,34,29) (S 65,29,29) (S 20,29,23) (S 78,23,23) (S 41,23,24) (S 27,24,14) (D 1,1,1)
0 1 6 75 143 18 (D 1,1,1) (S 81,4,4) (S 22,4,10) (S 21,10,15) (S 9,15,25) (S 73,35,35) (S 25,35,36) (S 26,26,19) (S 62,19,19) (S 82,8,8) (S 1,8,9) (S 24,8,2) (S 18,25,26) (S 51,26,25) (S 60,24,23) (S 72,14,14) (S 7,14,15) (D 1,1,1)
0 1 7 43 47 7 (D 1,1,1) (S 10,10,11) (S 8,11,16) (S 5,16,17) (S 33,11,5) (S 71,5,5) (D 1,1,1)
0 1 8 8 10 3 (D 1,1,1) (S 43,7,1) (D 1,1,1)
0 1 9 4 28 4 (D 1,1,1) (S 36,15,16) (S 42,16,19) (D 1,1,1)
