137
7
238937700
1751077301
0 1 1 3 6 3 (D 1,1,1) (S 10,1,7) (D 1,1,1)
0 1 2 12 18 6 (D 1,1,1) (S 5,1,10) (S 18,4,4) (S 15,4,9) (S 21,9,9) (D 1,1,1)
0 1 3 11 27 7 (D 1,1,1) (S 7,1,5) (S 1,5,7) (S 20,7,7) (S 2,1,3) (S 11,3,10) (D 1,1,1)
0 1 4 15 22 6 (D 1,1,1) (S 13,3,11) (S 23,11,11) (S 19,6,6) (S 12,6,7) (D 1,1,1)
0 1 5 11 24 6 (D 1,1,1) (S 9,8,10) (S 17,8,8) (S 3,2,9) (S 6,6,10) (D 1,1,1)
0 1 6 20 21 5 (D 1,1,1) (S 4,1,2) (S 8,3,5) (S 16,2,5) (D 1,1,1)
0 1 7 7 19 5 (D 1,1,1) (S 22,2,2) (S 14,3,6) (S 0,6,9) (D 1,1,1)
