667
9
41600604900
1751078116
0 1 1 16 10 5 (D 1,1,1) (S 55,1,7) (S 64,7,7) (S 42,7,1) (D 1,1,1)
0 1 2 60 53 15 (D 1,1,1) (S 0,9,14) (S 45,14,24) (S 72,24,24) (S 6,24,30) (S 73,30,30) (S 24,30,29) (S 15,29,23) (S 68,23,23) (S 40,23,24) (S 26,24,14) (S 8,14,15) (S 18,10,15) (S 62,10,10) (D 1,1,1)
0 1 3 62 110 21 (D 1,1,1) (S 7,9,10) (S 43,14,13) (S 83,13,13) (S 53,13,14) (S 37,15,16) (S 57,16,16) (S 41,16,19) (S 36,19,20) (S 79,20,20) (S 29,20,27) (S 69,36,36) (S 51,36,32) (S 48,27,20) (S 78,17,17) (S 61,11,11) (S 13,3,2) (S 63,2,2) (S 65,8,8) (S 23,8,2) (D 1,1,1)
0 1 4 29 58 12 (D 1,1,1) (S 67,15,15) (S 10,25,31) (S 31,31,32) (S 60,32,32) (S 58,27,27) (S 66,19,19) (S 54,19,16) (S 11,15,10) (S 71,3,3) (S 4,3,9) (D 1,1,1)
0 1 5 48 105 14 (D 1,1,1) (S 84,4,4) (S 1,4,5) (S 20,4,10) (S 80,31,31) (S 85,39,39) (S 32,39,40) (S 21,41,37) (S 86,33,33) (S 3,21,22) (S 35,22,28) (S 56,28,28) (S 12,28,27) (D 1,1,1)
0 1 6 38 86 9 (D 1,1,1) (S 5,11,17) (S 77,18,18) (S 25,32,26) (S 70,26,26) (S 33,11,5) (S 9,5,6) (S 17,6,12) (D 1,1,1)
0 1 7 59 130 17 (D 1,1,1) (S 50,13,23) (S 59,29,29) (S 47,29,34) (S 38,34,38) (S 75,38,38) (S 34,38,39) (S 19,39,35) (S 46,34,35) (S 81,35,35) (S 28,36,37) (S 74,37,37) (S 30,37,33) (S 39,11,12) (S 76,12,12) (S 27,12,11) (D 1,1,1)
0 1 8 36 103 9 (D 1,1,1) (S 16,25,26) (S 44,26,32) (S 2,36,40) (S 82,40,40) (S 49,41,40) (S 52,34,29) (S 22,23,13) (D 1,1,1)
0 1 9 1 12 3 (D 1,1,1) (S 14,2,3) (D 1,1,1)
